/*--------------------------------*- C++ -*----------------------------------*\
| =========                 |                                                 |
| \\      /  F ield         | OpenFOAM: The Open Source CFD Toolbox           |
|  \\    /   O peration     | Version:  v2012                                 |
|   \\  /    A nd           | Website:  www.openfoam.com                      |
|    \\/     M anipulation  |                                                 |
\*---------------------------------------------------------------------------*/
FoamFile
{
    version     2.0;
    format      ascii;
    class       volScalarField;
    location    "2000";
    object      alphat;
}
// * * * * * * * * * * * * * * * * * * * * * * * * * * * * * * * * * * * * * //

dimensions      [1 -1 -1 0 0 0 0];


internalField   nonuniform List<scalar> 
6250
(
0.0034511235
0.0034511336
0.003451186
0.0034512668
0.0034513597
0.0034514334
0.0034513959
0.0034509994
0.0034496329
0.0034459236
0.0034370529
0.0034177303
0.0033788882
0.003306407
0.0031805899
0.0029776216
0.0026746462
0.0022597972
0.0017465259
0.0011868732
0.00067104882
0.00029574191
0.00010149277
3.9670262e-05
1.6868269e-05
0.0034425955
0.0034426419
0.0034427466
0.0034428912
0.0034430059
0.0034429162
0.0034421596
0.003439629
0.0034329373
0.0034174627
0.0033851972
0.0033238136
0.0032167176
0.0030450317
0.0027921562
0.0024505278
0.0020286592
0.001555325
0.0010778469
0.00065305607
0.00033165399
0.00013868674
6.0554282e-05
3.9500107e-05
1.4086912e-05
0.0034341381
0.0034342091
0.0034343384
0.0034344637
0.0034343787
0.0034335595
0.0034307584
0.0034233117
0.0034061624
0.0033708272
0.0033048594
0.0031926015
0.0030178908
0.0027686694
0.0024423327
0.0020497746
0.0016161773
0.0011777745
0.00077541339
0.00044672283
0.00021825059
0.00010002436
6.3205073e-05
4.4525973e-05
1.1836795e-05
0.003425731
0.00342581
0.0034259163
0.0034258775
0.0034252178
0.0034227967
0.00341615
0.0034005615
0.0033681059
0.0033072203
0.0032035432
0.0030425249
0.0028135445
0.0025142969
0.0021537114
0.0017520822
0.0013382521
0.00094487625
0.00060335721
0.00033965681
0.00016985327
9.4521454e-05
7.3986997e-05
5.1551046e-05
1.1480239e-05
0.003417435
0.003417497
0.0034174993
0.0034170755
0.0034153098
0.0034101695
0.0033976545
0.0033708669
0.0033195002
0.0032304442
0.0030899947
0.0028874508
0.0026189995
0.0022903709
0.0019171508
0.0015226599
0.0011342859
0.00077962872
0.00048363206
0.00026655002
0.00014599506
0.00010535516
8.3935931e-05
5.6536087e-05
1.1558055e-05
0.0034092391
0.0034092414
0.0034090112
0.0034078867
0.0034043314
0.0033951952
0.0033748104
0.0033343333
0.0032619748
0.0031446709
0.0029711472
0.0027355057
0.002439972
0.0020957072
0.0017214544
0.0013406838
0.00097838307
0.00065857231
0.00040286598
0.00022888441
0.0001446435
0.00011530649
9.3993393e-05
5.9335008e-05
1.1539836e-05
0.0034011148
0.0034009968
0.0034003549
0.0033981235
0.003391984
0.0033775356
0.0033475127
0.0032916198
0.0031975901
0.0030536515
0.0028518154
0.0025907952
0.0022774139
0.0019260405
0.0015564532
0.0011910697
0.00085256307
0.00056247317
0.00033995747
0.00020741413
0.00015665173
0.00012609595
0.00010234434
6.0846218e-05
1.1435224e-05
0.0033930255
0.0033927055
0.0033914223
0.0033876046
0.0033780325
0.0033570308
0.0033159729
0.0032437253
0.0031284333
0.0029603952
0.0027350758
0.0024550964
0.002130499
0.0017773708
0.0014155502
0.0010663506
0.00075103799
0.00048999401
0.00030306794
0.00020485521
0.00016359168
0.00013771543
0.00010911285
6.1745633e-05
1.1105821e-05
0.003384922
0.0033842956
0.0033820966
0.0033761633
0.0033623124
0.0033336745
0.003280606
0.0031917479
0.0030563264
0.0028670676
0.0026226466
0.0023287574
0.0019975525
0.0016458967
0.0012932467
0.00095993979
0.00066623457
0.0004311203
0.0002806212
0.00021499463
0.00017305722
0.00014855224
0.00011455486
6.2340851e-05
1.0822319e-05
0.0033767456
0.0033756881
0.0033722631
0.0033636626
0.0033447373
0.0033075871
0.0032419401
0.0031367438
0.0029827348
0.0027751211
0.0025153617
0.0022114682
0.0018769416
0.0015289764
0.0011867036
0.00087002737
0.00059887374
0.00039297008
0.00027441079
0.00022094451
0.00018450194
0.00015834553
0.0001189014
6.2738719e-05
1.0589621e-05
0.0033684312
0.0033668017
0.0033618174
0.0033500021
0.0033252949
0.0032789821
0.0032005467
0.0030796567
0.0029087798
0.0026854686
0.0024134877
0.0021025382
0.0017669385
0.0014239444
0.0010923505
0.00079161129
0.00054064545
0.00036683466
0.00028031541
0.00022707953
0.00019611618
0.00016706959
0.00012239537
6.2987905e-05
1.0394642e-05
0.00335991
0.0033575559
0.0033506694
0.0033351196
0.0033040346
0.0032481312
0.0031569899
0.0030212887
0.0028352899
0.0025986565
0.0023170178
0.00200131
0.0016664015
0.0013296573
0.0010099201
0.00072677363
0.00049903639
0.0003550518
0.00029086727
0.00023642302
0.0002071439
0.00017463611
0.00012521493
6.3129663e-05
1.0227474e-05
0.0033511121
0.0033478742
0.0033387462
0.0033189889
0.0032810536
0.0032153344
0.0031117931
0.0029622954
0.0027628526
0.0025149675
0.0022257509
0.0019070372
0.0015740618
0.0012442602
0.00093641602
0.0006695291
0.00046891801
0.00035527333
0.00029207025
0.00024717379
0.0002177696
0.00018119322
0.0001274879
6.3195527e-05
1.0081868e-05
0.003341969
0.0033376876
0.0033259942
0.0033016163
0.0032564837
0.0031808989
0.0030654242
0.0029031989
0.0026918719
0.0024345186
0.0021394273
0.0018191192
0.0014891617
0.0011672114
0.00087224683
0.00062291875
0.0004498717
0.00036269528
0.00029712809
0.00025811669
0.0002276271
0.00018688777
0.00012932976
6.3207224e-05
9.9534111e-06
0.0033324164
0.0033269364
0.0033123789
0.0032830358
0.0032304785
0.0031451234
0.0030182897
0.0028444073
0.0026226194
0.0023573351
0.0020577969
0.0017371039
0.0014111989
0.0010980871
0.0008169023
0.000588532
0.0004423687
0.00037176324
0.00030498134
0.00026882939
0.00023653485
0.00019181611
0.00013083491
6.3182048e-05
9.838972e-06
0.0033223962
0.0033155718
0.0032978844
0.0032633033
0.0032032036
0.0031082882
0.0029707347
0.0027862325
0.0025552641
0.0022833652
0.0019805616
0.0016604458
0.001339304
0.0010353368
0.00076721193
0.00056270646
0.00044383165
0.0003714482
0.00031429226
0.00027958091
0.00024461866
0.00019606805
0.00013206898
6.3132529e-05
9.7364202e-06
0.0033118583
0.0033035565
0.0032825116
0.0032424917
0.0031748282
0.0030706497
0.0029230477
0.0027289097
0.0024899075
0.0022125385
0.00190751
0.0015889173
0.001273515
0.00097991044
0.00072673281
0.00054620658
0.00045049306
0.00037433822
0.00032411232
0.00028993418
0.00025197023
0.00019975567
0.000133084
6.3066473e-05
9.6439371e-06
0.0033007615
0.0032908654
0.0032662762
0.0032206854
0.003145519
0.0030324376
0.0028754672
0.0026726148
0.0024266059
0.0021447734
0.0018384458
0.0015222318
0.0012133481
0.00093052933
0.00069530221
0.00053905801
0.00046041619
0.00037991894
0.00033395739
0.00029959425
0.00025861806
0.00020297508
0.00013392548
6.2990113e-05
9.5600627e-06
0.0032890741
0.0032774847
0.0032492068
0.0031979765
0.003115436
0.0029938551
0.0028281874
0.0026174746
0.0023653749
0.0020799572
0.0017731201
0.001459954
0.0011580051
0.00088570885
0.00067095689
0.00053937507
0.00046086805
0.00038724247
0.00034414127
0.0003086088
0.00026459834
0.00020580236
0.00013462996
6.2906396e-05
9.48379e-06
0.0032767745
0.0032634116
0.0032313419
0.0031744608
0.00308473
0.0029550793
0.0027813658
0.0025635803
0.0023062148
0.0020180104
0.0017114388
0.0014021451
0.0011081399
0.00084792742
0.00065420147
0.0005442442
0.00046098426
0.00039548116
0.00035445114
0.00031714212
0.00026988502
0.00020762861
0.00013516404
6.2811513e-05
9.412674e-06
0.0032638505
0.0032486532
0.0032127284
0.0031502357
0.003053541
0.0029162645
0.0027351305
0.0025109997
0.0022491205
0.0019588704
0.0016533101
0.0013486503
0.0010632029
0.0008174496
0.00064503164
0.00055203336
0.00046353698
0.00040418472
0.00036451186
0.00032512995
0.00027458046
0.00020917892
0.00013556884
6.2707743e-05
9.3455804e-06
0.0032502992
0.0032332256
0.0031934192
0.0031253975
0.0030219978
0.0028775441
0.002689585
0.0024597788
0.0021940664
0.0019024262
0.0015984711
0.0012988235
0.0010216093
0.00079277734
0.00064271802
0.0005618532
0.00046823238
0.00041301963
0.0003740538
0.0003325116
0.00027878814
0.00021053496
0.00013589097
6.260395e-05
9.282736e-06
0.0032361263
0.0032171526
0.0031734716
0.00310004
0.0029902174
0.0028390323
0.0026448115
0.002409948
0.0021410272
0.0018486156
0.0015468927
0.0012529326
0.00098488317
0.00077422564
0.00064506031
0.00055984185
0.00047438844
0.00042252154
0.00038318647
0.00033928938
0.00028257194
0.00021174071
0.00013616258
6.2506104e-05
9.2246345e-06
0.0032213454
0.0032004644
0.0031529458
0.003074253
0.0029583055
0.0028008264
0.0026008763
0.0023615309
0.0020899949
0.0017974389
0.0014986617
0.0012112323
0.00095411941
0.00076190442
0.00065037792
0.00055909909
0.00048137404
0.00043228148
0.00039196062
0.00034554155
0.00028599379
0.00021282334
0.0001363997
6.241564e-05
9.1713273e-06
0.003205977
0.0031831971
0.0031319037
0.0030481221
0.0029263567
0.0027630094
0.0025578315
0.00231454
0.0020409379
0.0017487898
0.0014534274
0.0011725344
0.00092843797
0.00075557772
0.00065777463
0.00056032399
0.00048885796
0.00044193565
0.00040036281
0.00035131416
0.00028887801
0.00021378249
0.00013660615
6.2329942e-05
9.1222665e-06
0.0031900476
0.0031653906
0.0031104073
0.0030217279
0.0028944558
0.0027256516
0.0025157173
0.0022689757
0.0019938082
0.0017025467
0.0014109618
0.0011366603
0.00090738144
0.00075428304
0.00066668039
0.00056339372
0.00049661364
0.00045130228
0.00040837889
0.00035660596
0.00029106031
0.00021460707
0.00013670836
6.2239967e-05
9.0759377e-06
0.0031735887
0.0031470884
0.0030885186
0.002995146
0.0028626788
0.0026888132
0.0024745666
0.0022248418
0.0019485957
0.0016587464
0.0013715581
0.001104851
0.00089132411
0.00075655083
0.0006685016
0.00056793
0.00050495249
0.00046040202
0.00041592556
0.00036145561
0.0002930331
0.00021533483
0.00013678559
6.2150425e-05
9.0321493e-06
0.003156636
0.0031283364
0.0030662986
0.0029684468
0.0028310935
0.0026525459
0.0024344075
0.0021821464
0.0019053042
0.0016174038
0.0013351698
0.0010776221
0.00088036457
0.0007612223
0.00066663679
0.00057343606
0.00051387146
0.00046930856
0.00042300643
0.00036590741
0.00029483884
0.00021599321
0.0001368521
6.2066063e-05
8.9911952e-06
0.0031392282
0.0031091821
0.0030438064
0.0029416958
0.00279976
0.0026168936
0.0023952606
0.0021408818
0.0018638722
0.0015782832
0.0013009905
0.0010543391
0.00087426725
0.00076763252
0.00066616375
0.0005795712
0.00052299758
0.00047799841
0.00042967365
0.0003700157
0.00029650567
0.00021659868
0.00013691431
6.1988967e-05
8.953254e-06
0.0031214069
0.0030896737
0.0030210996
0.0029149535
0.0027687319
0.0025818927
0.0023571385
0.002101029
0.0018242322
0.0015412561
0.0012690024
0.0010347679
0.00087227645
0.00077535084
0.00066722003
0.00058615115
0.00053206715
0.00048640736
0.00043597386
0.00037383407
0.00029805316
0.00021716062
0.00013697434
6.1919274e-05
8.9182777e-06
0.0031032152
0.0030698601
0.0029982334
0.0028882757
0.0027380563
0.002547574
0.002320052
0.0020625846
0.0017863987
0.0015064859
0.0012399905
0.0010191738
0.00087346411
0.00078403372
0.0006697711
0.00059300949
0.00054091053
0.00049447636
0.00044193632
0.00037740497
0.00029949648
0.00021768516
0.00013703286
6.1856428e-05
8.8860975e-06
0.0030846973
0.0030497897
0.0029752606
0.0028617139
0.0027077754
0.0025139645
0.0022840135
0.0020255558
0.0017503919
0.0014739932
0.0012144909
0.0010077593
0.00087693785
0.00078505671
0.00067353387
0.0006005068
0.00054957285
0.00050217091
0.00044757409
0.00038072304
0.00030084292
0.00021817424
0.00013708888
6.1799386e-05
8.8565372e-06
0.0030658981
0.0030295105
0.0029522315
0.0028353153
0.0026779265
0.0024810867
0.0022490275
0.0019899164
0.0017160841
0.0014432723
0.0011922281
0.0010004617
0.00088205645
0.00078309448
0.00067810661
0.00060862574
0.00055820991
0.00050960472
0.00045281117
0.00038316695
0.00030206424
0.00021861554
0.00013713455
6.1745038e-05
8.8291173e-06
0.0030468627
0.0030090694
0.0029291938
0.0028091232
0.0026485424
0.0024489574
0.0022150882
0.0019556193
0.0016833443
0.0014141128
0.0011729365
0.00099681577
0.0008884304
0.00078209376
0.00068324439
0.00061706877
0.00056681081
0.00051674999
0.00045768113
0.00038543916
0.00030318803
0.00021901676
0.00013717083
6.1692211e-05
8.8034129e-06
0.0030276356
0.0029885123
0.0029061928
0.0027831775
0.0026196517
0.0024175899
0.0021821913
0.0019226503
0.0016522162
0.0013869399
0.0011567404
0.0009961292
0.00089577971
0.00078230153
0.00068883292
0.00062560388
0.00057528387
0.00052359882
0.0004622414
0.00038756781
0.00030423462
0.00021938861
0.00013720278
6.1641926e-05
8.779281e-06
0.0030082609
0.0029678834
0.002883271
0.0027575144
0.0025912799
0.0023869968
0.002150342
0.001891031
0.0016228012
0.0013622782
0.001143844
0.00099778463
0.0009038803
0.00078373582
0.00069479733
0.00063409183
0.00058354719
0.00053015666
0.00046654076
0.00038957257
0.00030521776
0.00021973897
0.00013723449
6.1595559e-05
8.7567406e-06
0.0029887816
0.0029472256
0.0028604685
0.0027321671
0.0025634496
0.0023571889
0.0021195384
0.0018607272
0.0015948964
0.0013402256
0.0011344058
0.0010013088
0.00091134695
0.00078635534
0.00070108134
0.00064243163
0.00059154121
0.00053643158
0.00047061477
0.0003914692
0.00030614739
0.00022007299
0.00013726821
6.1553946e-05
8.735849e-06
0.0029692397
0.00292658
0.002837823
0.002707166
0.0025361801
0.0023281706
0.0020897565
0.0018316314
0.001568159
0.0013206207
0.0011283571
0.0010061993
0.00090936106
0.00078987468
0.00070817726
0.00065075034
0.00059924566
0.0005424197
0.00047448379
0.00039326985
0.00030703039
0.00022039334
0.00013730437
6.1517109e-05
8.7166218e-06
0.0029496758
0.0029059857
0.0028153697
0.0026825382
0.002509487
0.0022999403
0.0020609674
0.001803684
0.0015426187
0.0013034253
0.0011252659
0.0010121394
0.00090772148
0.00079398999
0.00071581516
0.00065909658
0.00060669501
0.00054812891
0.00047815748
0.00039498377
0.0003078716
0.0002207013
0.00013734255
6.1484593e-05
8.6989716e-06
0.0029301291
0.0028854803
0.0027931411
0.0026583083
0.0024833828
0.0022724974
0.0020331665
0.0017769383
0.0015186559
0.0012887866
0.0011245925
0.0010189149
0.00090688167
0.00079856852
0.00072371475
0.00066741685
0.00061391564
0.00055359136
0.00048166257
0.00039661782
0.00030867459
0.00022099793
0.00013738257
6.1456051e-05
8.6827971e-06
0.0029106373
0.0028650994
0.0027711678
0.002634498
0.0024578789
0.0022458453
0.0020063633
0.0017514406
0.0014966305
0.0012768678
0.0011258761
0.0010263579
0.00090703245
0.00080354099
0.00073170715
0.00067568714
0.00062099295
0.00055877499
0.000484487
0.00039815227
0.00030943181
0.00022127864
0.00013742165
6.1430427e-05
8.6679362e-06
0.0028912363
0.0028448765
0.0027494778
0.002611127
0.0024329846
0.0022199808
0.0019805261
0.0017270178
0.0014765906
0.0012677985
0.0011287788
0.0010343322
0.00090818135
0.00080886998
0.00073971966
0.00068387295
0.0006279046
0.00056368147
0.00048697381
0.00039959367
0.00031014348
0.00022154163
0.00013745777
6.1406606e-05
8.6541677e-06
0.0028719605
0.0028248435
0.0027280973
0.0025882125
0.0024087047
0.0021948868
0.0019555745
0.0017034034
0.0014584077
0.0012615853
0.0011330507
0.0010427154
0.00091031585
0.00081447112
0.00074767604
0.00069191179
0.00063460203
0.000568345
0.00048933907
0.00040095857
0.00031081679
0.00022179003
0.0001374918
6.1384419e-05
8.6413485e-06
0.0028528426
0.0028050301
0.0027070499
0.002565769
0.00238504
0.0021705412
0.0019314542
0.0016805932
0.0014421278
0.0012579948
0.0011383741
0.0010432596
0.00091326966
0.00082076946
0.00075566007
0.00069975392
0.00064105606
0.00057279398
0.00049159815
0.00040225889
0.00031145877
0.00022202795
0.00013752572
6.1364335e-05
8.6294599e-06
0.0028339132
0.0027854643
0.0026863573
0.0025438086
0.0023619902
0.002146934
0.0019081885
0.0016588659
0.001427916
0.0012566187
0.0011445083
0.0010419424
0.00091679903
0.00082770165
0.00076373643
0.00070740084
0.00064726048
0.00057704542
0.00049376231
0.00040350312
0.00031207452
0.00022225834
0.00013756095
6.1346793e-05
8.6185134e-06
0.0028152017
0.0027661723
0.0026660391
0.0025223415
0.0023395564
0.0021240683
0.0018858238
0.0016385446
0.0014159362
0.0012570623
0.0011512949
0.0010410508
0.00092077249
0.00083502763
0.0007718856
0.00071487483
0.00065322914
0.00058111264
0.00049584042
0.00040469769
0.00031266781
0.00022248314
0.00013759834
6.133207e-05
8.6085091e-06
0.0027967355
0.0027471782
0.0026461129
0.0025013766
0.0023177378
0.0021019318
0.0018642859
0.0016197619
0.0014063213
0.0012590196
0.001158617
0.0010408578
0.00092513568
0.00084256524
0.00078004736
0.00072218976
0.0006589844
0.00058501071
0.00049783975
0.00040584762
0.00031324138
0.00022270354
0.00013763822
6.1320241e-05
8.5994358e-06
0.0027785401
0.0027285044
0.0026265944
0.0024809197
0.0022965256
0.0020804752
0.0018433752
0.0016024567
0.0013991358
0.0012622672
0.0011663796
0.0010414709
0.0009298553
0.00085019954
0.00078816076
0.00072934761
0.00066454662
0.00058875478
0.00049976643
0.00040695689
0.00031379728
0.00022292022
0.0001376806
6.1311228e-05
8.5912678e-06
0.0027606396
0.0027101714
0.0026074971
0.0024609733
0.0022759026
0.0020596392
0.0018229713
0.0015865877
0.0013943019
0.0012666348
0.0011745011
0.0010428894
0.00093490449
0.0008578647
0.00079617582
0.00073633992
0.00066993434
0.00059236544
0.0005016256
0.00040802859
0.00031433702
0.00022313365
0.00013772542
6.1304897e-05
8.583966e-06
0.0027430561
0.002692198
0.0025888321
0.0024415372
0.0022558525
0.0020394009
0.0018031674
0.0015722541
0.0013916082
0.0012719779
0.0011829008
0.0010451019
0.00094021155
0.00086549719
0.00080407121
0.00074319254
0.00067513708
0.00059559263
0.00050341035
0.00040906065
0.00031485948
0.00022334297
0.0001377721
6.1300997e-05
8.5774885e-06
0.0027258103
0.002674601
0.0025706089
0.0024226104
0.0022363685
0.0020197867
0.0017842206
0.0015596582
0.0013907726
0.0012780918
0.0011855479
0.0010480094
0.0009460653
0.00087316177
0.00081186512
0.00074993374
0.00068011164
0.00059825019
0.00050510995
0.00041004787
0.00031536101
0.00022354555
0.00013781901
6.1298902e-05
8.5717622e-06
0.0027089209
0.0026573956
0.0025528352
0.0024041924
0.0022174479
0.0020008088
0.0017663722
0.0015489851
0.0013915029
0.001284799
0.0011851113
0.0010514255
0.00095253217
0.0008809509
0.00081955743
0.00075649746
0.00068486868
0.0006008051
0.00050673824
0.00041099416
0.00031584219
0.00022374054
0.00013786514
6.1298021e-05
8.5666819e-06
0.0026924051
0.002640595
0.0025355171
0.00238628
0.0021990724
0.0019823795
0.0017497028
0.001540364
0.0013935542
0.0012919883
0.0011848515
0.0010552281
0.00095942991
0.00088887401
0.00082714799
0.00076285982
0.00068942895
0.00060326886
0.00050830505
0.00041190488
0.00031630584
0.00022392912
0.00013791076
6.1298232e-05
8.5621674e-06
0.0026762784
0.002624211
0.0025186585
0.0023688639
0.0021812008
0.0019643486
0.0017341762
0.0015338424
0.0013967416
0.0012995804
0.0011850451
0.0010593735
0.00096660072
0.00089688447
0.00083463446
0.00076902755
0.00069381287
0.00060564969
0.00050981744
0.00041278471
0.00031675503
0.00022411319
0.00013795681
6.1299766e-05
8.5581932e-06
0.0026605545
0.0026082533
0.0025022603
0.0023519299
0.0021637888
0.0019466434
0.0017197903
0.0015293495
0.0014009233
0.0013075099
0.0011858276
0.0010638431
0.00097393812
0.00090492281
0.00084201008
0.00077501627
0.00069803887
0.00060795434
0.00051128089
0.00041363745
0.00031719233
0.00022429438
0.00013800413
6.1302908e-05
8.5547658e-06
0.0026452455
0.0025927298
0.0024863215
0.0023354634
0.0021468169
0.0019293425
0.0017066435
0.0015267157
0.0014059828
0.0013157178
0.0011872499
0.0010686201
0.00098137162
0.00091293734
0.00084926552
0.00078084044
0.00070212306
0.00061018859
0.0005126998
0.00041446607
0.00031761964
0.00022447385
0.00013805327
6.1307842e-05
8.5518957e-06
0.002630362
0.0025776464
0.0024708397
0.0023194553
0.0021302976
0.001912633
0.0016948916
0.001525733
0.0014118187
0.0013241483
0.0011893109
0.0010736873
0.00098885657
0.00092088999
0.00085639165
0.00078651112
0.00070607905
0.00061235741
0.00051407771
0.00041527282
0.00031803825
0.00022465222
0.00013810445
6.1314627e-05
8.5495834e-06
0.0026159125
0.0025630077
0.002455812
0.0023038998
0.0021142405
0.0018967055
0.0016846975
0.0015262037
0.0014183385
0.0013327466
0.0011919966
0.0010790057
0.00099635333
0.00092875365
0.00086338228
0.00079203669
0.00070991756
0.00061446518
0.00051541758
0.00041605946
0.00031844906
0.00022482985
0.00013815771
6.1323247e-05
8.5478193e-06
0.0026019041
0.0025488166
0.0024412344
0.0022887839
0.002098595
0.0018816611
0.0016762183
0.0015279533
0.0014254207
0.0013382692
0.001195272
0.0010847031
0.0010038666
0.00093650492
0.00087022815
0.00079742339
0.00071364918
0.00061651591
0.00051672211
0.00041682759
0.00031885284
0.00022500699
0.00013821307
6.1333669e-05
8.5465964e-06
0.0025883424
0.0025350743
0.0024270993
0.0022740797
0.0020832525
0.0018675111
0.0016695651
0.0015308193
0.0014329286
0.0013392335
0.0011990128
0.001090973
0.0010114676
0.00094413914
0.00087693107
0.00080266579
0.00071713457
0.00061850702
0.00051799107
0.00041757725
0.00031924953
0.00022518345
0.00013827031
6.1345782e-05
8.5459079e-06
0.0025752311
0.00252178
0.002413395
0.002259751
0.0020681279
0.0018542587
0.0016647387
0.0015346583
0.0014407821
0.0013401807
0.0012030928
0.0010976697
0.0010191937
0.00095172471
0.00088355778
0.00080770301
0.0007199378
0.00062042194
0.00051921754
0.00041830438
0.00031963641
0.0002253575
0.00013832846
6.1359235e-05
8.5457133e-06
0.0025625724
0.0025089307
0.0024001077
0.0022457707
0.0020532342
0.001841971
0.001661639
0.0015393529
0.0014489224
0.0013413748
0.0012074591
0.0011046539
0.0010270409
0.00095927849
0.0008900552
0.00081254199
0.00072265338
0.00062227213
0.0005204039
0.00041900877
0.00032001227
0.00022552782
0.00013838664
6.1373633e-05
8.5459443e-06
0.0025503665
0.0024965219
0.002387225
0.0022321341
0.0020386852
0.0018307727
0.0016601075
0.0015448052
0.0014573007
0.0013429636
0.0012120947
0.0011118345
0.0010349741
0.00096678423
0.00089640113
0.00081720634
0.00072529037
0.00062406575
0.00052155439
0.00041969253
0.00032037784
0.00022569437
0.00013844459
6.1388777e-05
8.546544e-06
0.0025386121
0.0024845481
0.0023747382
0.0022188547
0.0020246449
0.001820805
0.0016599737
0.0015509312
0.0014658729
0.001345019
0.0012169936
0.001119153
0.0010429487
0.00097421996
0.00090259653
0.0008217189
0.00072785502
0.00062580844
0.00052267277
0.00042035814
0.00032073465
0.00022585795
0.0001385026
6.1404664e-05
8.5474813e-06
0.0025273066
0.0024730032
0.0023626403
0.002205936
0.002011255
0.001812199
0.001661083
0.0015576566
0.0014745982
0.0013475698
0.0012221498
0.001126568
0.0010509238
0.00098156775
0.00090864894
0.00082609739
0.00073035246
0.00062750453
0.00052376212
0.00042100779
0.00032108416
0.00022601934
0.00013856081
6.1421084e-05
8.5487305e-06
0.002516446
0.0024618803
0.0023509195
0.0021933398
0.0019985843
0.0018050656
0.0016633055
0.0015649147
0.0014834381
0.0013506205
0.0012275539
0.0011340478
0.0010588669
0.00098881463
0.0009145658
0.00083035511
0.00073278715
0.00062915755
0.00052482495
0.00042164324
0.00032142763
0.00022617933
0.00013861967
6.1438223e-05
8.550292e-06
0.002506025
0.00245117
0.0023395553
0.0021809929
0.0019866401
0.0017994795
0.0016665341
0.0015726445
0.001492357
0.0013541566
0.0012331961
0.0011415705
0.0010667543
0.00099595164
0.00092035311
0.00083450222
0.00073516294
0.00063077045
0.0005258633
0.00042226587
0.00032176599
0.00022633859
0.00013867961
6.1456351e-05
8.5521825e-06
0.0024960365
0.0024408607
0.0023285215
0.0021688351
0.0019754285
0.0017954563
0.0016706782
0.0015807877
0.0015013201
0.0013581625
0.0012390484
0.0011491118
0.0010745689
0.0010029735
0.00092601631
0.00083854701
0.00073748325
0.00063234576
0.00052687888
0.00042287677
0.00032209993
0.00022649752
0.00013874084
6.1475587e-05
8.5544125e-06
0.0024864719
0.002430939
0.0023177963
0.002156866
0.0019650056
0.0017929531
0.0016756526
0.0015892625
0.0015077849
0.0013626127
0.0012452124
0.0011566789
0.0010822966
0.0010098752
0.00093155818
0.00084249435
0.00073975117
0.0006338857
0.00052787307
0.00042347662
0.00032242957
0.00022665574
0.00013880254
6.1495994e-05
8.5569836e-06
0.0024773214
0.0024213918
0.0023073711
0.002145157
0.0019554783
0.0017918782
0.0016813678
0.0015979785
0.0015108287
0.0013674206
0.0012518304
0.0011643238
0.0010899278
0.0010166436
0.00093698391
0.00084635787
0.00074196931
0.00063539216
0.00052884706
0.00042406607
0.00032275519
0.00022681343
0.0001388651
6.1517522e-05
8.559891e-06
0.0024685744
0.0024122083
0.0022972537
0.0021338294
0.0019469695
0.0017921073
0.0016877377
0.0016068825
0.0015138309
0.0013724966
0.0012587983
0.0011720672
0.0010974948
0.0010233202
0.00094226488
0.00084978177
0.00074412839
0.00063686216
0.00052979957
0.00042464444
0.00032307644
0.0002269705
0.00013892875
6.1540109e-05
8.5631286e-06
0.0024602204
0.0024033815
0.0022874621
0.0021230164
0.0019395898
0.0017935116
0.0016946861
0.0016159335
0.0015169857
0.0013778003
0.0012660078
0.0011799081
0.0011050473
0.0010299376
0.00094736187
0.00085270854
0.00074622097
0.00063829163
0.0005307278
0.00042520951
0.00032339144
0.00022712513
0.00013899361
6.1563674e-05
8.5666822e-06
0.0024522494
0.002394906
0.002278008
0.0021128255
0.0019334278
0.001795974
0.0017021466
0.0016250968
0.0015204084
0.0013833175
0.0012733896
0.0011878326
0.0011125858
0.0010364502
0.00095228608
0.00085556032
0.00074825574
0.00063968273
0.00053163196
0.00042576072
0.00032369966
0.00022727757
0.00013905889
6.1587991e-05
8.5705181e-06
0.0024446519
0.0023867758
0.0022688839
0.002103318
0.0019285479
0.0017993927
0.0017100605
0.001634342
0.0015241599
0.0013890448
0.0012809022
0.0011958145
0.0011200884
0.0010428382
0.00095705937
0.00085834364
0.00075023879
0.00064103865
0.00053251366
0.00042629856
0.00032400065
0.00022742831
0.00013912437
6.1612908e-05
8.5746031e-06
0.002437418
0.0023789822
0.002260066
0.0020945172
0.0019249857
0.001803681
0.0017183751
0.0016436411
0.0015282683
0.0013949811
0.0012885177
0.0012038235
0.0011275331
0.0010490999
0.00096170104
0.00086106305
0.00075217438
0.00064236227
0.00053337486
0.00042682434
0.00032429538
0.00022757763
0.00013919009
6.1638377e-05
8.5789157e-06
0.0024305374
0.0023715139
0.0022515326
0.0020864368
0.001922743
0.0018087639
0.0017270421
0.0016529683
0.0015327437
0.0014011247
0.0012962139
0.0012118319
0.0011349035
0.0010552393
0.00096622531
0.00086372233
0.0007540658
0.00064365598
0.00053421731
0.00042733937
0.00032458549
0.0002277258
0.00013925623
6.1664425e-05
8.5834463e-06
0.0024239993
0.0023643612
0.0022432844
0.0020791051
0.0019217858
0.0018145745
0.0017360156
0.0016622999
0.001537585
0.0014074709
0.0013039724
0.001219817
0.0011421889
0.0010612613
0.00097064264
0.00086632471
0.00075591569
0.00064492161
0.00053504213
0.00042784402
0.00032487246
0.0002278734
0.00013932299
6.1691114e-05
8.5881943e-06
0.0024177938
0.0023575194
0.0022353539
0.0020725726
0.0019220517
0.0018210514
0.001745252
0.0016716135
0.0015427839
0.0014140128
0.0013117775
0.0012277618
0.0011493819
0.0010671698
0.00097496077
0.00086887306
0.00075772638
0.00064616093
0.00053585086
0.00042834019
0.00032515645
0.00022802073
0.00013939055
6.1718497e-05
8.5931619e-06
0.0024119127
0.0023509918
0.002227802
0.0020669041
0.0019234617
0.0018281369
0.0017547088
0.0016808893
0.0015483274
0.0014207418
0.0013196161
0.0012356532
0.0011564776
0.0010729688
0.0009791862
0.00087136979
0.00075949957
0.00064737473
0.00053664304
0.00042882998
0.00032543807
0.00022816804
0.00013945902
6.1746612e-05
8.5983514e-06
0.0024063512
0.0023447914
0.0022207084
0.0020621645
0.0019259309
0.0018357755
0.0017643452
0.0016901095
0.0015541993
0.0014276485
0.0013274784
0.0012434833
0.0011634735
0.00107866
0.00098332224
0.00087381712
0.00076123705
0.00064856461
0.00053742086
0.0004293132
0.00032571751
0.00022831547
0.00013952843
6.1775466e-05
8.6037623e-06
0.0024011088
0.0023389394
0.0022141587
0.002058409
0.0019293757
0.0018439138
0.001774122
0.0016992592
0.0015603821
0.0014347236
0.0013353547
0.0012512405
0.0011703627
0.0010842495
0.00098738077
0.00087621672
0.00076293967
0.00064973001
0.00053818696
0.00042979053
0.00032599501
0.00022846311
0.00013959881
6.180506e-05
8.6093926e-06
0.0023961899
0.0023334633
0.0022082352
0.0020556772
0.0019337179
0.0018525
0.001784002
0.0017083264
0.001566856
0.0014419559
0.0013432386
0.0012589373
0.0011771838
0.0010897149
0.00099101725
0.00087856066
0.00076460536
0.00065087186
0.00053894027
0.00043026173
0.0003262705
0.0002286109
0.00013967012
6.1835377e-05
8.6152424e-06
0.0023916031
0.0023283931
0.0022030078
0.0020539917
0.0019388854
0.001861484
0.0017939504
0.0017173018
0.0015735991
0.0014493311
0.0013511366
0.0012666108
0.0011839742
0.0010950146
0.00099410383
0.00088083983
0.0007662284
0.00065198987
0.0005396794
0.00043072574
0.00032654328
0.00022875845
0.00013974214
6.1866343e-05
8.6213053e-06
0.0023873607
0.0023237576
0.0021985309
0.0020533608
0.0019448128
0.0018708163
0.0018039297
0.0017255314
0.0015805939
0.0014568714
0.0013590636
0.0012742571
0.0011906795
0.0011001556
0.00099712036
0.00088306233
0.00076781224
0.00065308323
0.0005404036
0.00043118172
0.00032681261
0.00022890521
0.00013981457
6.1897841e-05
8.6275649e-06
0.0023834774
0.002319583
0.0021948429
0.0020537802
0.0019514395
0.0018804464
0.0018139001
0.001732237
0.0015878061
0.0014646493
0.0013670459
0.0012818565
0.0011972683
0.0011051545
0.0010000717
0.00088523172
0.00076936214
0.0006541536
0.0005411134
0.00043162958
0.00032707816
0.00022905083
0.00013988718
6.1929761e-05
8.6340016e-06
0.0023799692
0.0023158927
0.0021919682
0.0020552325
0.0019587062
0.001890327
0.0018238385
0.0017389956
0.0015952001
0.0014726263
0.0013750878
0.0012893967
0.0012037318
0.0011100257
0.001002962
0.00088735363
0.00077087973
0.00065520255
0.00054180979
0.0004320698
0.00032734003
0.00022919526
0.00013995987
6.1962036e-05
8.6405973e-06
0.0023768529
0.0023127081
0.0021899216
0.0020576883
0.0019665553
0.0019004145
0.0018337263
0.0017458862
0.0016027619
0.0014807567
0.0013831757
0.0012968722
0.0012100725
0.0011147794
0.0010057922
0.00088943355
0.00077236732
0.00065623159
0.00054249384
0.00043250309
0.00032759861
0.00022933865
0.00014003269
6.1994652e-05
8.6473405e-06
0.002374146
0.0023100509
0.0021887113
0.0020611073
0.0019749321
0.0019106695
0.0018435478
0.0017529582
0.0016104878
0.0014890045
0.001391289
0.0013042793
0.001216296
0.0011194241
0.0010085664
0.00089147327
0.00077382664
0.00065724201
0.00054316655
0.00043293016
0.00032785439
0.00022948129
0.00014010574
6.2027632e-05
8.6542264e-06
0.0023718664
0.0023079434
0.0021883417
0.0020654415
0.0019837845
0.0019210555
0.0018532902
0.0017602391
0.0016183767
0.0014973434
0.0013994083
0.001311614
0.0012224079
0.001123968
0.0010112898
0.00089347487
0.00077525922
0.00065823496
0.00054382875
0.00043335165
0.0003281078
0.00022962343
0.00014017915
6.2061011e-05
8.6612546e-06
0.0023700326
0.0023064091
0.0021888143
0.0020706369
0.0019930629
0.001931539
0.0018629429
0.0017677422
0.0016264263
0.0015057538
0.0014075166
0.0013188723
0.0012284138
0.0011284179
0.0010139643
0.00089544004
0.00077666637
0.0006592114
0.00054448118
0.00043376809
0.0003283592
0.0002297653
0.00014025302
6.2094821e-05
8.6684263e-06
0.0023686636
0.0023054718
0.0021901272
0.0020766366
0.0020027204
0.001942089
0.0018724974
0.0017754721
0.0016346337
0.0015142216
0.0014156023
0.0013260522
0.001234317
0.0011327758
0.0010165915
0.00089737019
0.00077804917
0.00066017212
0.0005451244
0.00043417987
0.00032860887
0.00022990705
0.00014032742
6.212908e-05
8.6757419e-06
0.0023677788
0.002305154
0.0021922742
0.0020833822
0.0020127118
0.0019526765
0.0018819476
0.0017834284
0.0016429951
0.0015227338
0.0014236489
0.0013331439
0.0012401251
0.0011370575
0.001019173
0.00089926666
0.00077940869
0.00066111792
0.00054575896
0.00043458738
0.00032885704
0.00023004881
0.0001404024
6.2163803e-05
8.6832016e-06
0.0023673973
0.002305476
0.0021952446
0.0020908155
0.0020229943
0.0019632751
0.0018912893
0.001791606
0.001651503
0.0015312817
0.0014316722
0.0013401987
0.0012458077
0.0011408133
0.0010216994
0.00090112646
0.00078074383
0.0006620484
0.00054638478
0.00043499064
0.00032910377
0.00023019061
0.00014047797
6.2198993e-05
8.6908085e-06
0.0023675376
0.0023064545
0.002199022
0.0020988794
0.0020335266
0.0019738605
0.00190052
0.0017999952
0.0016601498
0.0015398711
0.0014397033
0.0013472402
0.0012513287
0.0011440643
0.0010241648
0.00090294631
0.00078205253
0.00066296221
0.00054700099
0.00043538912
0.00032934874
0.00023033227
0.00014055402
6.2234615e-05
8.6985613e-06
0.0023682166
0.0023081018
0.0022035851
0.0021075185
0.0020442695
0.0019844107
0.001909639
0.001808586
0.0016689347
0.0015485115
0.0014477361
0.0013542138
0.001256696
0.0011472493
0.0010265758
0.0009047275
0.00078333473
0.00066385874
0.00054760683
0.00043578213
0.00032959143
0.00023047346
0.00014063038
6.2270604e-05
8.7064505e-06
0.0023694496
0.0023104248
0.002208907
0.0021166794
0.0020551855
0.001994906
0.001918647
0.0018173704
0.0016778603
0.0015572055
0.0014557513
0.0013610866
0.0012619257
0.0011503731
0.0010289373
0.00090647234
0.00078459154
0.00066473837
0.00054820219
0.00043616935
0.00032983148
0.00023061389
0.00014070688
6.2306889e-05
8.7144632e-06
0.0023712488
0.002313425
0.0022149565
0.0021263106
0.0020662387
0.002005329
0.0019275456
0.001826343
0.0016869274
0.0015659464
0.0014637274
0.0013678498
0.0012670328
0.0011534387
0.0010312523
0.00090818292
0.00078582431
0.0006656019
0.00054878745
0.00043655082
0.00033006876
0.00023075341
0.00014078341
6.2343414e-05
8.7225873e-06
0.0023736236
0.0023170986
0.002221698
0.0021363626
0.0020773954
0.0020156649
0.0019363376
0.0018354994
0.0016961338
0.001574725
0.0014716488
0.0013745024
0.0012720282
0.0011564487
0.0010335234
0.00090986099
0.00078703429
0.00066645021
0.00054936316
0.00043692684
0.0003303034
0.00023089202
0.00014085994
6.2380147e-05
8.7308136e-06
0.0023765799
0.0023214361
0.0022290926
0.002146788
0.0020886235
0.0020259011
0.0019450263
0.0018448337
0.0017054743
0.0015835327
0.001479506
0.0013810457
0.00127692
0.0011594051
0.0010357524
0.00091150802
0.00078822256
0.00066728413
0.00054992991
0.0004372978
0.00033053561
0.00023102982
0.0001409365
6.2417085e-05
8.7391362e-06
0.0023801197
0.0023264232
0.0022370985
0.002157541
0.0020998931
0.0020360274
0.0019536157
0.0018543418
0.00171494
0.0015923574
0.0014872953
0.0013874827
0.0012817141
0.0011623096
0.001037941
0.00091312527
0.00078939006
0.00066810436
0.00055048826
0.00043766409
0.00033076564
0.00023116696
0.00014101314
6.2454237e-05
8.7475516e-06
0.0023842412
0.0023320407
0.0022456715
0.002168578
0.0021111763
0.0020460345
0.0019621072
0.0018634996
0.0017245287
0.0016012058
0.001495014
0.001393816
0.0012864161
0.0011651639
0.0010400905
0.00091471386
0.00079053764
0.00066891156
0.0005510387
0.00043802608
0.00033099376
0.0002313036
0.00014108994
6.2491623e-05
8.7560604e-06
0.0023889384
0.0023382652
0.0022547665
0.0021798574
0.0021224461
0.002055911
0.0019704975
0.0018710264
0.0017342096
0.001610178
0.0015026955
0.0014000452
0.0012910216
0.0011679691
0.0010422023
0.00091627475
0.00079166599
0.00066970623
0.00055158161
0.00043838405
0.00033122014
0.00023143983
0.00014116694
6.2529255e-05
8.7646631e-06
0.0023942015
0.0023450694
0.0022643366
0.0021913386
0.0021336766
0.0020656504
0.0019787915
0.001878475
0.0017439389
0.0016192291
0.0015103423
0.0014061925
0.0012955593
0.0011707266
0.0010442774
0.00091780895
0.00079277594
0.00067048899
0.00055211743
0.0004387383
0.00033144499
0.00023157576
0.00014124419
6.2567145e-05
8.7733604e-06
0.0024000166
0.0023524228
0.0022743344
0.0022029819
0.0021448439
0.0020752497
0.001986993
0.0018858423
0.001753696
0.0016283779
0.001518074
0.0014122006
0.0012991016
0.0011734185
0.0010463099
0.00091931393
0.00079386635
0.00067125938
0.00055264602
0.00043908884
0.00033166835
0.00023171144
0.00014132169
6.2605299e-05
8.7821555e-06
0.0024063661
0.0023602918
0.0022847113
0.0022147488
0.0021559269
0.002084708
0.0019951048
0.0018931295
0.0017634925
0.0016376205
0.0015258351
0.0014180664
0.0013025129
0.0011760496
0.0010482991
0.00092078845
0.00079493607
0.0006720165
0.00055316678
0.00043943528
0.00033188998
0.00023184672
0.00014139938
6.2643691e-05
8.7910459e-06
0.002413229
0.00236864
0.0022954189
0.0022266021
0.0021669073
0.0020940255
0.0020031285
0.0019003369
0.0017733386
0.0016469307
0.0015335723
0.0014238052
0.0013058586
0.001178625
0.0010502466
0.00092223292
0.0007959849
0.00067275988
0.00055367917
0.00043977717
0.00033210957
0.0002319814
0.00014147715
6.2682286e-05
8.8000246e-06
0.0024205807
0.0023774291
0.0023064085
0.0022385063
0.002177769
0.0021032032
0.0020110609
0.0019074672
0.0017832321
0.0016562794
0.0015412606
0.0014294341
0.0013091417
0.0011811483
0.0010521543
0.00092364833
0.00079701327
0.00067348955
0.00055418299
0.00044011423
0.00033232684
0.0002321153
0.0001415549
6.2721038e-05
8.8090835e-06
0.0024283938
0.0023866194
0.0023176326
0.0022504278
0.0021884987
0.0021122425
0.0020189038
0.0019145181
0.0017931667
0.0016656455
0.0015488902
0.0014349649
0.0013123646
0.0011836216
0.0010540238
0.00092503571
0.00079802184
0.00067420584
0.00055467832
0.00044044637
0.00033254165
0.00023224827
0.00014163253
6.2759905e-05
8.8182144e-06
0.0024366381
0.0023961699
0.0023290445
0.0022623345
0.002199085
0.002121144
0.0020266597
0.001921488
0.0018031203
0.0016750102
0.0015564617
0.0014404091
0.001315529
0.0011860469
0.0010558561
0.0009263959
0.00079901122
0.00067490915
0.00055516538
0.00044077367
0.00033275399
0.00023238027
0.00014171
6.2798856e-05
8.8274088e-06
0.0024452815
0.002406039
0.0023405991
0.0022741964
0.0022095185
0.002129909
0.00203433
0.0019283749
0.0018131229
0.0016843702
0.0015639539
0.001445761
0.0013186364
0.0011884254
0.0010576525
0.00092772963
0.00079998197
0.00067559992
0.00055564446
0.00044109631
0.00033296395
0.00023251133
0.00014178731
6.2837882e-05
8.8366584e-06
0.0024542898
0.0024161854
0.0023522532
0.0022859853
0.0022197907
0.0021385392
0.002041907
0.0019351722
0.0018210755
0.0016937039
0.0015715029
0.0014508817
0.0013216844
0.0011907574
0.0010594136
0.00092903761
0.00080093471
0.00067627866
0.00055611598
0.00044141458
0.00033317172
0.00023264157
0.00014186451
6.2876993e-05
8.8459668e-06
0.0024636273
0.0024265676
0.0023639656
0.0022976748
0.0022298914
0.0021470349
0.0020493814
0.001941872
0.0018270961
0.0017030783
0.0015790874
0.0014546741
0.0013246518
0.001193035
0.0010611357
0.00093031805
0.0008018686
0.00067694504
0.00055657984
0.00044172849
0.00033337734
0.00023277099
0.00014194159
6.2916179e-05
8.8553323e-06
0.0024732577
0.0024371452
0.0023756974
0.0023092392
0.0022398147
0.0021553956
0.0020567502
0.0019484696
0.0018329922
0.0017119565
0.0015867007
0.001458378
0.0013275431
0.001195257
0.0010628172
0.00093156966
0.00080278274
0.00067759853
0.00055703579
0.00044203797
0.00033358079
0.00023289962
0.00014201857
6.2955446e-05
8.8647551e-06
0.0024831436
0.0024478785
0.0023874122
0.0023206527
0.0022495569
0.002163618
0.0020640022
0.0019549447
0.0018387562
0.0017170551
0.0015911275
0.0014619396
0.0013303415
0.0011974141
0.0010644532
0.00093278938
0.00080367523
0.00067823794
0.00055748314
0.00044234261
0.00033378188
0.00023302735
0.0001420954
6.2994782e-05
8.8742475e-06
0.0024932476
0.0024587289
0.0023990742
0.0023318944
0.0022591122
0.0021716981
0.0020711277
0.0019612897
0.0018443857
0.0017219921
0.0015953276
0.001465362
0.0013330401
0.0011994992
0.0010660373
0.0009339727
0.00080454287
0.00067886107
0.00055792035
0.00044264142
0.00033397995
0.00023315378
0.00014217186
6.3034111e-05
8.8838004e-06
0.0025035322
0.0024696588
0.0024106497
0.0023429451
0.0022684753
0.0021796324
0.0020781217
0.0019675041
0.0018498821
0.0017267808
0.001599375
0.0014686557
0.0013356403
0.0012015099
0.0010675661
0.00093511591
0.00080538245
0.00067946537
0.0005583456
0.0004429331
0.00033417419
0.00023327846
0.00014224774
6.3073355e-05
8.8933946e-06
0.0025139599
0.0024806306
0.0024221097
0.0023537866
0.0022776426
0.0021874191
0.0020849824
0.0019735887
0.001855247
0.0017314286
0.0016032827
0.0014718299
0.0013381462
0.0012034472
0.0010690386
0.00093621704
0.00080619167
0.00068004871
0.00055875709
0.00044321634
0.00033436369
0.00023340085
0.0001423228
6.3112426e-05
8.9030124e-06
0.0025244928
0.0024916096
0.0024334268
0.0023644029
0.0022866118
0.002195058
0.0020917097
0.0019795448
0.0018604814
0.0017359408
0.0016070599
0.0014748923
0.0013405623
0.0012053136
0.0010704557
0.00093727569
0.00080696942
0.00068060966
0.00055915345
0.00044349
0.00033454764
0.00023352042
0.00014239674
6.3151213e-05
8.9126344e-06
0.0025350944
0.0025025629
0.0024445765
0.0023747813
0.0022953826
0.0022025496
0.0020983041
0.0019853727
0.0018655863
0.0017403218
0.0016107138
0.001477849
0.0013428926
0.0012071116
0.0010718188
0.00093829253
0.00080771557
0.00068114764
0.0005595339
0.0004437533
0.00033472541
0.00023363677
0.00014246933
6.318961e-05
8.9222393e-06
0.0025457292
0.0025134595
0.0024555374
0.0023849122
0.0023039559
0.0022098947
0.002104766
0.0019910728
0.0018705628
0.0017445756
0.0016142499
0.001480705
0.0013451409
0.0012088442
0.0010731301
0.00093926879
0.00080843074
0.00068166275
0.00055989822
0.00044400591
0.00033489666
0.00023374962
0.00014254042
6.3227533e-05
8.9318071e-06
0.002556363
0.0025242707
0.0024662911
0.0023947892
0.0023123338
0.002217094
0.0021110957
0.001996645
0.0018754121
0.0017487056
0.0016176732
0.0014834646
0.0013473105
0.0012105138
0.0010743915
0.00094020601
0.00080911594
0.00068215555
0.00056024665
0.00044424784
0.00033506133
0.00023385889
0.00014260992
6.3264929e-05
8.9413209e-06
0.0025669634
0.0025349702
0.0024768229
0.0024044092
0.0023205186
0.0022241479
0.0021172932
0.0020020896
0.0018801356
0.0017527152
0.0016209877
0.0014861318
0.0013494045
0.001212123
0.0010756051
0.00094110585
0.00080977244
0.00068262695
0.00056057976
0.00044447944
0.00033521957
0.00023396463
0.00014267784
6.3301774e-05
8.9507684e-06
0.0025774999
0.002545534
0.0024871211
0.0024137718
0.0023285131
0.0022310563
0.0021233584
0.0020074068
0.0018847348
0.0017566075
0.0016241973
0.0014887099
0.0013514258
0.0012136741
0.0010767729
0.00094196999
0.00081040162
0.000683078
0.00056089832
0.00044470121
0.0003353717
0.00023406702
0.00014274424
6.3338071e-05
8.9601415e-06
0.0025879439
0.0025559406
0.0024971769
0.002422879
0.0023363199
0.0022378194
0.0021292914
0.0020125969
0.0018892115
0.0017603852
0.0016273052
0.001491202
0.001353377
0.0012151692
0.0010778967
0.00094280007
0.00081100487
0.00068350984
0.0005612032
0.00044491378
0.00033551815
0.00023416629
0.0001428092
6.3373839e-05
8.9694359e-06
0.0025982695
0.0025661713
0.0025069846
0.0024317343
0.0023439416
0.0022444367
0.0021350918
0.0020176605
0.0018935672
0.0017640512
0.0016303146
0.0014936111
0.0013552605
0.0012166105
0.0010789784
0.00094359768
0.00081158356
0.00068392362
0.00056149532
0.00044511783
0.00033565936
0.00023426271
0.00014287286
6.3409109e-05
8.9786501e-06
0.0026084532
0.0025762103
0.0025165413
0.0024403426
0.0023513805
0.0022509081
0.0021407597
0.0020225984
0.0018978039
0.0017676081
0.0016332284
0.0014959398
0.0013570787
0.001218
0.0010800198
0.00094436433
0.00081213903
0.00068432045
0.00056177557
0.00044531405
0.00033579579
0.00023435653
0.00014293532
6.3443915e-05
8.9877847e-06
0.002618474
0.0025860441
0.002525846
0.0024487095
0.0023586388
0.0022572333
0.0021462952
0.0020274113
0.0019019232
0.0017710583
0.0016360492
0.0014981907
0.0013588338
0.0012193395
0.0010810223
0.00094510148
0.00081267251
0.0006847014
0.0005620448
0.00044550306
0.00033592788
0.00023444802
0.00014299669
6.3478291e-05
8.9968413e-06
0.0026283136
0.0025956619
0.002534899
0.0024568409
0.0023657184
0.0022634123
0.0021516985
0.0020321003
0.0019059271
0.0017744044
0.0016387796
0.0015003661
0.0013605278
0.0012206309
0.0010819876
0.00094581044
0.00081318518
0.00068506744
0.00056230382
0.00044568546
0.00033605603
0.00023453739
0.00014305708
6.3512267e-05
9.0058224e-06
0.0026379564
0.0026050549
0.0025437022
0.0024647431
0.0023726214
0.0022694451
0.00215697
0.0020366665
0.0019098174
0.0017776486
0.0016414222
0.0015024683
0.0013621627
0.0012218757
0.0010829172
0.00094649249
0.00081367812
0.0006854195
0.00056255334
0.00044586179
0.0003361806
0.00023462486
0.00014311657
6.3545871e-05
9.0147304e-06
0.0026473891
0.0026142163
0.0025522583
0.0024724221
0.0023793497
0.0022753321
0.0021621102
0.002041111
0.0019135961
0.0017807933
0.0016439791
0.0015044994
0.0013637403
0.0012230756
0.0010838123
0.0009471488
0.00081415233
0.00068575838
0.00056279402
0.00044603253
0.00033630189
0.00023471059
0.00014317523
6.3579128e-05
9.023568e-06
0.0026566009
0.0026231413
0.0025605705
0.0024798838
0.0023859051
0.0022810737
0.0021671198
0.0020454353
0.0019172651
0.0017838406
0.0016464527
0.0015064614
0.0013652624
0.0012242321
0.0010846743
0.00094778044
0.00081460871
0.00068608486
0.00056302644
0.00044619808
0.00033642017
0.00023479472
0.00014323313
6.3612057e-05
9.0323377e-06
0.0026655833
0.0026318267
0.0025686426
0.0024871335
0.0023922897
0.0022866707
0.0021719997
0.0020496406
0.0019208262
0.0017867928
0.001648845
0.0015083564
0.0013667308
0.0012253466
0.0010855043
0.00094838844
0.00081504812
0.00068639958
0.0005632511
0.00044635882
0.00033653567
0.00023487738
0.00014329032
6.3644673e-05
9.0410415e-06
0.0026743296
0.0026402706
0.0025764787
0.0024941765
0.0023985057
0.0022921239
0.0021767508
0.0020537286
0.0019242814
0.001789652
0.0016511583
0.0015101862
0.0013681469
0.0012264204
0.0010863036
0.00094897372
0.00081547132
0.00068670317
0.00056346847
0.00044651505
0.00033664858
0.00023495867
0.00014334682
6.367699e-05
9.0496814e-06
0.0026828353
0.0026484725
0.0025840831
0.0025010175
0.0024045553
0.0022974344
0.0021813743
0.0020577008
0.0019276326
0.0017924203
0.0016533944
0.0015119525
0.0013695124
0.0012274549
0.001087073
0.00094953715
0.000815879
0.00068699616
0.00056367894
0.00044666704
0.00033675905
0.00023503866
0.00014340268
6.370902e-05
9.058259e-06
0.0026910975
0.002656433
0.0025914601
0.0025076613
0.0024104406
0.0023026035
0.0021858715
0.0020615588
0.0019308818
0.0017950996
0.0016555552
0.0015136571
0.0013708287
0.0012284512
0.0010878137
0.00095007955
0.0008162718
0.00068727905
0.00056388286
0.00044681503
0.00033686723
0.00023511742
0.00014345792
6.3740769e-05
9.0667757e-06
0.0026991145
0.0026641534
0.0025986144
0.0025141124
0.002416164
0.0023076327
0.0021902439
0.0020653042
0.0019340309
0.0017976919
0.0016576427
0.0015153016
0.0013720971
0.0012294105
0.0010885266
0.00095060167
0.00081665032
0.00068755226
0.00056408054
0.0004469592
0.00033697322
0.00023519501
0.00014351256
6.3772245e-05
9.0752326e-06
0.0027068863
0.0026716361
0.0026055504
0.0025203748
0.0024217278
0.0023125234
0.0021944928
0.002068939
0.0019370818
0.0018001993
0.0016596587
0.0015168876
0.0013733191
0.001230334
0.0010892126
0.00095110422
0.00081701509
0.0006878162
0.00056427225
0.00044709972
0.00033707712
0.00023527146
0.00014356661
6.3803453e-05
9.0836305e-06
0.0027144139
0.0026788839
0.0026122728
0.0025264526
0.0024271346
0.0023172775
0.0021986201
0.0020724648
0.0019400364
0.0018026236
0.0016616049
0.0015184167
0.0013744959
0.0012312226
0.0010898725
0.00095158785
0.00081736661
0.00068807123
0.00056445823
0.00044723676
0.000337179
0.00023534681
0.0001436201
6.3834397e-05
9.0919702e-06
0.0027216991
0.0026859001
0.002618786
0.0025323496
0.0024323869
0.0023218967
0.0022026273
0.0020758835
0.0019428968
0.0018049667
0.0016634831
0.0015198903
0.0013756289
0.0012320775
0.0010905072
0.00095205319
0.00081770535
0.00068831766
0.00056463868
0.00044737042
0.00033727894
0.00023542109
0.00014367302
6.3865079e-05
9.1002521e-06
0.002728745
0.0026926888
0.0026250946
0.0025380698
0.0024374871
0.0023263829
0.0022065163
0.0020791969
0.0019456647
0.0018072304
0.0016652949
0.00152131
0.0013767191
0.0012328995
0.0010911173
0.00095250082
0.00081803172
0.00068855579
0.00056481381
0.00044750083
0.00033737698
0.00023549432
0.00014372538
6.3895502e-05
9.1084768e-06
0.0027355547
0.002699254
0.002631203
0.0025436167
0.002442438
0.0023307383
0.002210289
0.0020824071
0.001948342
0.0018094165
0.001667042
0.0015226771
0.0013777678
0.0012336896
0.0010917037
0.00095293129
0.00081834613
0.0006887859
0.00056498379
0.00044762808
0.00033747318
0.00023556653
0.00014377719
6.3925667e-05
9.1166442e-06
0.0027421326
0.0027056002
0.0026371159
0.002548994
0.0024472421
0.0023349647
0.0022139472
0.0020855157
0.0019509308
0.0018115269
0.0016687259
0.001523993
0.0013787761
0.0012344487
0.001092267
0.00095334514
0.00081864895
0.00068900824
0.00056514877
0.00044775225
0.00033756757
0.00023563772
0.00014382846
6.3955576e-05
9.1247548e-06
0.0027484829
0.0027117323
0.0026428377
0.0025542054
0.0024519022
0.0023390645
0.002217493
0.002088525
0.0019534328
0.0018135634
0.0016703483
0.0015252591
0.0013797452
0.0012351778
0.001092808
0.00095374287
0.00081894055
0.00068922305
0.0005653089
0.00044787344
0.00033766021
0.00023570791
0.00014387919
6.3985229e-05
9.1328086e-06
0.0027546107
0.0027176551
0.002648373
0.0025592543
0.0024564209
0.0023430398
0.0022209284
0.0020914366
0.00195585
0.0018155275
0.0016719107
0.0015264766
0.001380676
0.0012358777
0.0010933273
0.00095412496
0.00081922125
0.00068943055
0.00056546431
0.00044799171
0.00033775111
0.00023577713
0.00014392938
6.4014628e-05
9.1408055e-06
0.0027605211
0.0027233735
0.002653726
0.0025641445
0.0024608009
0.0023468928
0.0022242553
0.0020942528
0.0019581842
0.0018174212
0.0016734147
0.0015276469
0.0013815698
0.0012365492
0.0010938254
0.00095449187
0.00081949139
0.00068963095
0.00056561514
0.00044810714
0.00033784032
0.00023584537
0.00014397903
6.4043773e-05
9.1487456e-06
0.0027662194
0.0027288929
0.0026589015
0.0025688793
0.0024650451
0.0023506258
0.002227476
0.0020969753
0.0019604373
0.0018192461
0.0016748617
0.0015287713
0.0013824274
0.0012371931
0.0010943032
0.00095484407
0.00081975128
0.00068982445
0.0005657615
0.00044821978
0.00033792787
0.00023591265
0.00014402816
6.4072665e-05
9.1566288e-06
0.0027717113
0.0027342182
0.0026639036
0.0025734623
0.002469156
0.0023542411
0.0022305924
0.0020996063
0.0019626112
0.0018210038
0.0016762532
0.001529851
0.00138325
0.0012378102
0.001094761
0.00095518197
0.00082000122
0.00069001126
0.00056590352
0.00044832971
0.00033801378
0.00023597898
0.00014407676
6.4101305e-05
9.164455e-06
0.0027770022
0.0027393548
0.0026687369
0.002577897
0.0024731366
0.0023577411
0.0022336068
0.0021021477
0.0019647077
0.0018226961
0.0016775906
0.0015308871
0.0013840385
0.0012384014
0.0010951996
0.00095550602
0.00082024149
0.00069019156
0.0005660413
0.00044843699
0.00033809809
0.00023604438
0.00014412483
6.4129692e-05
9.1722243e-06
0.0027820981
0.0027443078
0.0026734057
0.0025821867
0.0024769895
0.0023611281
0.0022365212
0.0021046014
0.0019667286
0.0018243246
0.0016788755
0.001531881
0.0013847939
0.0012389673
0.0010956195
0.00095581662
0.00082047239
0.00069036553
0.00056617496
0.00044854167
0.00033818082
0.00023610885
0.00014417238
6.4157829e-05
9.1799364e-06
0.0027870045
0.0027490825
0.0026779143
0.002586335
0.0024807175
0.0023644045
0.0022393378
0.0021069695
0.0019686757
0.001825891
0.0016801092
0.0015328339
0.0013855171
0.0012395087
0.0010960213
0.00095611418
0.00082069419
0.00069053335
0.0005663046
0.00044864382
0.00033826201
0.00023617241
0.00014421942
6.4185715e-05
9.1875913e-06
0.0027917271
0.0027536841
0.002682267
0.0025903453
0.0024843233
0.0023675726
0.0022420587
0.0021092539
0.001970551
0.0018273968
0.0016812931
0.0015337468
0.0013862092
0.0012400264
0.0010964055
0.0009563991
0.00082090716
0.00069069521
0.00056643034
0.0004487435
0.00033834168
0.00023623507
0.00014426595
6.4213352e-05
9.195189e-06
0.0027962718
0.0027581175
0.002686468
0.0025942208
0.0024878099
0.0023706349
0.0022446861
0.0021114567
0.0019723561
0.0018288436
0.0016824287
0.0015346209
0.001386871
0.0012405211
0.0010967727
0.00095667177
0.00082111158
0.00069085127
0.00056655228
0.00044884076
0.00033841987
0.00023629684
0.00014431196
6.424074e-05
9.2027295e-06
0.002800644
0.002762388
0.0026905215
0.0025979651
0.0024911798
0.0023735936
0.0022472222
0.0021135798
0.0019740929
0.0018302331
0.0016835172
0.0015354574
0.0013875034
0.0012409935
0.0010971234
0.00095693257
0.0008213077
0.00069100172
0.00056667053
0.00044893567
0.0003384966
0.00023635774
0.00014435748
6.4267883e-05
9.2102126e-06
0.0028048493
0.0027665004
0.0026944316
0.0026015813
0.0024944358
0.0023764513
0.002249669
0.0021156251
0.0019757631
0.0018315668
0.00168456
0.0015362574
0.0013881074
0.0012414443
0.0010974581
0.00095718188
0.0008214958
0.00069114672
0.00056678519
0.00044902829
0.00033857191
0.00023641779
0.00014440249
6.429478e-05
9.2176386e-06
0.0028088933
0.0027704598
0.0026982024
0.0026050727
0.0024975807
0.0023792102
0.0022520287
0.0021175945
0.0019773686
0.0018328463
0.0016855584
0.001537022
0.0013886838
0.0012418742
0.0010977773
0.00095742007
0.00082167613
0.00069128644
0.00056689637
0.00044911868
0.00033864583
0.00023647699
0.00014444702
6.4321433e-05
9.2250073e-06
0.0028127812
0.0027742708
0.0027018378
0.0026084427
0.0025006171
0.0023818727
0.0022543035
0.0021194902
0.0019789109
0.001834073
0.0016865138
0.0015377523
0.0013892336
0.0012422838
0.0010980817
0.00095764753
0.00082184895
0.00069142105
0.00056700418
0.00044920691
0.00033871839
0.00023653536
0.00014449106
6.4347844e-05
9.232319e-06
0.0028165183
0.0027779383
0.0027053419
0.0026116945
0.0025035478
0.0023844411
0.0022564954
0.0021213138
0.0019803919
0.0018352486
0.0016874274
0.0015384493
0.0013897575
0.0012426739
0.0010983715
0.00095786459
0.0008220145
0.00069155072
0.00056710871
0.00044929302
0.00033878963
0.00023659292
0.00014453462
6.4374015e-05
9.2395736e-06
0.0028201097
0.0027814668
0.0027087183
0.0026148311
0.0025063754
0.0023869179
0.0022586065
0.0021230675
0.0019818133
0.0018363744
0.0016883006
0.0015391141
0.0013902564
0.001243045
0.0010986474
0.00095807164
0.00082217304
0.00069167561
0.00056721009
0.00044937709
0.00033885957
0.00023664968
0.0001445777
6.4399947e-05
9.2467714e-06
0.0028235605
0.0027848609
0.002711971
0.0026178557
0.0025091026
0.0023893053
0.0022606391
0.0021247529
0.0019831767
0.0018374521
0.0016891345
0.0015397478
0.0013907312
0.001243398
0.0010989099
0.00095826901
0.00082232481
0.0006917959
0.0005673084
0.00044945918
0.00033892826
0.00023670567
0.00014462032
6.4425644e-05
9.2539126e-06
0.0028268755
0.002788125
0.0027151036
0.0026207715
0.002511732
0.0023916057
0.002262595
0.0021263721
0.0019844838
0.0018384829
0.0016899305
0.0015403513
0.0013911826
0.0012437332
0.0010991593
0.00095845707
0.00082247007
0.00069191175
0.00056740376
0.00044953935
0.00033899573
0.00023676089
0.00014466248
6.4451106e-05
9.2609973e-06
0.0028300595
0.0027912634
0.0027181199
0.0026235814
0.0025142662
0.0023938213
0.0022644765
0.0021279269
0.0019857363
0.0018394684
0.0016906896
0.0015409257
0.0013916116
0.0012440515
0.0010993963
0.00095863615
0.00082260904
0.00069202331
0.00056749627
0.00044961766
0.00033906201
0.00023681537
0.00014470419
6.4476339e-05
9.268026e-06
0.0028331171
0.0027942804
0.0027210233
0.0026262885
0.0025167078
0.0023959544
0.0022662854
0.002129419
0.0019869358
0.00184041
0.0016914133
0.001541472
0.0013920188
0.0012443534
0.0010996212
0.0009588066
0.00082274198
0.00069213076
0.00056758603
0.00044969419
0.00033912714
0.00023686912
0.00014474546
6.4501343e-05
9.2749988e-06
0.0028360528
0.0027971799
0.0027238174
0.0026288957
0.0025190593
0.0023980072
0.0022680239
0.0021308504
0.0019880839
0.0018413091
0.0016921025
0.0015419911
0.001392405
0.0012446396
0.0010998346
0.00095896875
0.00082286912
0.00069223424
0.00056767316
0.00044976898
0.00033919116
0.00023692216
0.00014478628
6.4526121e-05
9.281916e-06
0.0028388709
0.0027999661
0.0027265056
0.0026314059
0.0025213232
0.002399982
0.0022696939
0.0021322227
0.0019891822
0.0018421671
0.0016927585
0.0015424841
0.0013927711
0.0012449106
0.0011000368
0.00095912293
0.0008229907
0.00069233393
0.00056775775
0.00044984211
0.0003392541
0.00023697451
0.00014482668
6.4550676e-05
9.2887782e-06
0.0028415757
0.0028026427
0.0027290912
0.0026338219
0.002523502
0.002401881
0.0022712974
0.0021335379
0.0019902322
0.0018429852
0.0016933824
0.0015429517
0.0013931177
0.001245167
0.0011002283
0.00095926947
0.00082310694
0.00069242998
0.0005678399
0.00044991363
0.00033931599
0.00023702619
0.00014486666
6.457501e-05
9.2955856e-06
0.0028441713
0.0028052136
0.0027315775
0.0026361467
0.0025255981
0.0024037062
0.0022728364
0.0021347975
0.0019912356
0.0018437649
0.0016939754
0.0015433951
0.0013934457
0.0012454093
0.0011004096
0.00095940869
0.00082321806
0.00069252254
0.00056791971
0.00044998361
0.00033937687
0.00023707722
0.00014490623
6.4599128e-05
9.3023388e-06
0.0028466617
0.0028076824
0.0027339677
0.0026383828
0.002527614
0.00240546
0.0022743127
0.0021360034
0.0019921937
0.0018445074
0.0016945386
0.001543815
0.0013937557
0.0012456383
0.0011005811
0.0009595409
0.0008233243
0.00069261176
0.00056799729
0.00045005211
0.00033943678
0.00023712761
0.00014494539
6.4623032e-05
9.3090381e-06
0.0028490507
0.0028100527
0.002736265
0.0026405331
0.002529552
0.0024071443
0.0022757283
0.0021371571
0.0019931081
0.0018452141
0.0016950729
0.0015442124
0.0013940485
0.0012458544
0.0011007431
0.00095966641
0.00082342587
0.00069269779
0.00056807273
0.00045011919
0.00033949576
0.00023717738
0.00014498415
6.4646724e-05
9.3156841e-06
0.002851342
0.002812328
0.0027384723
0.0026426002
0.0025314144
0.0024087613
0.0022770851
0.0021382605
0.0019939802
0.0018458861
0.0016955796
0.0015445881
0.0013943247
0.0012460581
0.0011008962
0.00095978552
0.00082352299
0.00069278079
0.00056814612
0.00045018491
0.00033955382
0.00023722655
0.00014502253
6.467021e-05
9.3222774e-06
0.0028535393
0.0028145116
0.0027405927
0.0026445866
0.0025332036
0.002410313
0.0022783848
0.0021393151
0.0019948116
0.0018465248
0.0016960596
0.001544943
0.0013945851
0.00124625
0.0011010407
0.00095989853
0.00082361587
0.00069286089
0.00056821758
0.00045024933
0.00033961102
0.00023727515
0.00014506053
6.4693492e-05
9.3288184e-06
0.002855646
0.0028166067
0.002742629
0.002646495
0.0025349218
0.0024118014
0.0022796292
0.0021403225
0.0019956035
0.0018471313
0.001696514
0.0015452779
0.0013948303
0.0012464306
0.001101177
0.00096000573
0.00082370471
0.00069293825
0.00056828718
0.00045031251
0.00033966739
0.00023732318
0.00014509816
6.4716572e-05
9.3353078e-06
0.0028576656
0.0028186166
0.0027445841
0.0026483278
0.0025365711
0.0024132285
0.0022808202
0.0021412843
0.0019963575
0.0018477068
0.0016969437
0.0015455937
0.0013950609
0.0012466005
0.0011013055
0.00096010741
0.00082378973
0.00069301299
0.00056835502
0.00045037451
0.00033972295
0.00023737066
0.00014513543
6.4739456e-05
9.3417461e-06
0.0028596012
0.0028205443
0.0027464607
0.0026500875
0.0025381539
0.0024145963
0.0022819595
0.0021422021
0.0019970748
0.0018482526
0.0016973497
0.0015458911
0.0013952776
0.0012467601
0.0011014265
0.00096020383
0.00082387111
0.00069308526
0.00056842119
0.00045043538
0.00033977775
0.00023741762
0.00014517234
6.4762145e-05
9.3481341e-06
0.0028614561
0.0028223927
0.0027482615
0.0026517764
0.0025396722
0.0024159067
0.0022830489
0.0021430774
0.0019977567
0.0018487697
0.0016977331
0.001546171
0.0013954811
0.0012469098
0.0011015405
0.00096029529
0.00082394905
0.00069315519
0.00056848578
0.00045049517
0.00033983181
0.00023746407
0.00014520891
6.4784643e-05
9.3544722e-06
0.0028632332
0.0028241649
0.0027499891
0.0026533969
0.0025411281
0.0024171615
0.0022840899
0.0021439117
0.0019984047
0.0018492592
0.0016980946
0.001546434
0.0013956719
0.0012470503
0.0011016478
0.00096038202
0.00082402374
0.00069322291
0.00056854887
0.00045055395
0.00033988516
0.00023751003
0.00014524515
6.4806955e-05
9.3607613e-06
0.0028649356
0.0028258635
0.0027516462
0.0026549513
0.0025425237
0.0024183626
0.0022850843
0.0021447064
0.0019990199
0.0018497223
0.0016984353
0.001546681
0.0013958506
0.0012471819
0.0011017487
0.00096046431
0.00082409536
0.00069328854
0.00056861055
0.00045061176
0.00033993784
0.00023755551
0.00014528105
6.4829083e-05
9.3670018e-06
0.0028665662
0.0028274912
0.002753235
0.0026564418
0.002543861
0.0024195119
0.0022860337
0.002145463
0.0019996037
0.00185016
0.001698756
0.0015469126
0.0013960178
0.001247305
0.0011018437
0.00096054238
0.0008241641
0.00069335221
0.00056867089
0.00045066865
0.00033998988
0.00023760053
0.00014531664
6.4851031e-05
9.3731947e-06
0.0028681275
0.0028290508
0.0027547582
0.0026578707
0.0025451419
0.002420611
0.0022869396
0.0021461829
0.0020001572
0.0018505734
0.0016990577
0.0015471296
0.0013961741
0.0012474202
0.0011019329
0.0009606165
0.00082423012
0.00069341404
0.00056872999
0.00045072469
0.00034004131
0.00023764511
0.00014535191
6.4872803e-05
9.3793406e-06
0.0028696224
0.0028305448
0.0027562179
0.0026592399
0.0025463684
0.0024216618
0.0022878037
0.0021468674
0.0020006816
0.0018509634
0.001699341
0.0015473327
0.00139632
0.0012475279
0.0011020168
0.00096068689
0.0008242936
0.00069347415
0.00056878791
0.0004507799
0.00034009215
0.00023768927
0.00014538689
6.4894403e-05
9.3854401e-06
0.0028710535
0.0028319756
0.0027576166
0.0026605517
0.0025475424
0.0024226659
0.0022886274
0.002147518
0.0020011781
0.0018513311
0.0016996069
0.0015475224
0.001396456
0.0012476284
0.0011020956
0.00096075379
0.00082435469
0.00069353264
0.00056884474
0.00045083435
0.00034014244
0.00023773301
0.00014542156
6.4915832e-05
9.391494e-06
0.0028724231
0.0028333456
0.0027589564
0.002661808
0.0025486657
0.002423625
0.0022894123
0.0021481359
0.0020016478
0.0018516775
0.0016998562
0.0015476996
0.0013965827
0.0012477222
0.0011021697
0.00096081742
0.00082441357
0.00069358963
0.00056890054
0.00045088808
0.0003401922
0.00023777636
0.00014545595
6.4937096e-05
9.3975031e-06
0.0028737337
0.0028346572
0.0027602394
0.0026630108
0.0025497401
0.0024245407
0.0022901597
0.0021487224
0.0020020919
0.0018520034
0.0017000897
0.0015478648
0.0013967006
0.0012478096
0.0011022394
0.00096087799
0.00082447038
0.00069364523
0.00056895538
0.00045094112
0.00034024146
0.00023781934
0.00014549006
6.4958197e-05
9.403468e-06
0.0028749877
0.0028359125
0.0027614679
0.0026641622
0.0025507673
0.0024254146
0.0022908712
0.0021492787
0.0020025113
0.0018523098
0.001700308
0.0015480186
0.0013968101
0.0012478911
0.0011023049
0.00096093572
0.00082452526
0.00069369953
0.00056900933
0.00045099354
0.00034029024
0.00023786194
0.0001455239
6.497914e-05
9.4093896e-06
0.0028761872
0.0028371138
0.0027626437
0.0026652638
0.0025517492
0.0024262483
0.002291548
0.0021498062
0.0020029073
0.0018525975
0.001700512
0.0015481616
0.0013969118
0.001247967
0.0011023665
0.00096099079
0.00082457837
0.00069375264
0.00056906246
0.00045104536
0.00034033858
0.0002379042
0.00014555748
6.4999926e-05
9.4152686e-06
0.0028773345
0.0028382632
0.002763769
0.0026663176
0.0025526873
0.0024270433
0.0022921916
0.0021503059
0.0020032808
0.0018528675
0.0017007023
0.0015482945
0.001397006
0.0012480376
0.0011024244
0.00096104342
0.00082462984
0.00069380465
0.00056911483
0.00045109662
0.00034038648
0.00023794612
0.0001455908
6.5020561e-05
9.4211058e-06
0.0028784317
0.0028393627
0.0027648456
0.0026673254
0.0025535834
0.002427801
0.0022928033
0.002150779
0.0020036327
0.0018531206
0.0017008797
0.0015484177
0.0013970933
0.0012481033
0.001102479
0.00096109378
0.00082467981
0.00069385565
0.0005691665
0.00045114737
0.00034043399
0.00023798771
0.00014562387
6.5041048e-05
9.4269018e-06
0.0028794808
0.0028404142
0.0027658754
0.0026682889
0.0025544389
0.002428523
0.0022933843
0.0021512266
0.0020039642
0.0018533576
0.0017010449
0.0015485318
0.001397174
0.0012481644
0.0011025305
0.00096114206
0.0008247284
0.00069390572
0.00056921752
0.00045119765
0.00034048111
0.000238029
0.0001456567
6.5061389e-05
9.4326575e-06
0.0028804837
0.0028414198
0.0027668602
0.0026692098
0.0025552555
0.0024292105
0.002293936
0.0021516499
0.002004276
0.0018535793
0.0017011984
0.0015486373
0.0013972486
0.0012482213
0.0011025791
0.00096118842
0.00082477573
0.00069395497
0.00056926797
0.00045124748
0.00034052788
0.00023806998
0.00014568929
6.5081587e-05
9.4383736e-06
0.0028814424
0.0028423812
0.0027678018
0.0026700898
0.0025560347
0.0024298651
0.0022944595
0.00215205
0.0020045692
0.0018537864
0.0017013409
0.0015487348
0.0013973174
0.0012482742
0.001102625
0.00096123305
0.00082482193
0.00069400346
0.00056931788
0.0004512969
0.00034057431
0.00023811069
0.00014572165
6.5101647e-05
9.4440509e-06
0.0028823587
0.0028433003
0.0027687019
0.0026709303
0.002556778
0.002430488
0.002294956
0.0021524277
0.0020048445
0.0018539797
0.001701473
0.0015488247
0.0013973809
0.0012483234
0.0011026685
0.00096127609
0.00082486711
0.00069405127
0.00056936731
0.00045134596
0.00034062042
0.00023815111
0.00014575379
6.5121572e-05
9.4496901e-06
0.0028832343
0.0028441787
0.0027695622
0.0026717331
0.0025574867
0.0024310805
0.0022954266
0.0021527843
0.002005103
0.00185416
0.0017015954
0.0015489075
0.0013974395
0.0012483692
0.0011027098
0.0009613177
0.00082491137
0.00069409848
0.00056941632
0.00045139466
0.00034066623
0.00023819128
0.00014578572
6.5141364e-05
9.455292e-06
0.002884071
0.0028450183
0.0027703842
0.0026724997
0.0025581623
0.0024316438
0.0022958726
0.0021531205
0.0020053453
0.0018543279
0.0017017085
0.0015489837
0.0013974934
0.001248412
0.001102749
0.00096135803
0.00082495483
0.00069414516
0.00056946494
0.00045144306
0.00034071177
0.0002382312
0.00014581744
6.5161026e-05
9.4608573e-06
0.0028848705
0.0028458205
0.0027711696
0.0026732314
0.0025588061
0.0024321793
0.002296295
0.0021534375
0.0020055724
0.001854484
0.001701813
0.0015490537
0.001397543
0.0012484519
0.0011027865
0.00096139722
0.00082499757
0.00069419137
0.00056951322
0.00045149117
0.00034075705
0.00023827087
0.00014584896
6.5180562e-05
9.4663867e-06
0.0028856342
0.0028465869
0.0027719198
0.0026739297
0.0025594195
0.0024326881
0.0022966948
0.0021537361
0.002005785
0.0018546292
0.0017019093
0.0015491179
0.0013975886
0.0012484892
0.0011028222
0.0009614354
0.0008250397
0.00069423719
0.0005695612
0.00045153902
0.00034080208
0.00023831032
0.00014588028
6.5199975e-05
9.471881e-06
0.0028863639
0.0028473192
0.0027726364
0.002674596
0.0025600037
0.0024331714
0.0022970731
0.0021540171
0.0020059838
0.0018547639
0.001701998
0.0015491767
0.0013976307
0.0012485241
0.0011028566
0.00096147271
0.0008250813
0.00069428267
0.00056960893
0.00045158665
0.00034084688
0.00023834955
0.00014591141
6.5219268e-05
9.477341e-06
0.0028870609
0.0028480187
0.0027733207
0.0026752317
0.0025605599
0.0024336302
0.0022974308
0.0021542815
0.0020061696
0.0018548888
0.0017020796
0.0015492306
0.0013976694
0.001248557
0.0011028896
0.00096150926
0.00082512247
0.00069432786
0.00056965645
0.00045163406
0.00034089147
0.00023838856
0.00014594235
6.5238443e-05
9.4827673e-06
0.0028877267
0.0028486869
0.0027739741
0.0026758381
0.0025610895
0.0024340657
0.002297769
0.0021545301
0.0020063431
0.0018550044
0.0017021545
0.0015492798
0.0013977051
0.0012485879
0.0011029215
0.00096154517
0.00082516327
0.00069437284
0.00056970378
0.0004516813
0.00034093587
0.00023842738
0.00014597312
6.5257504e-05
9.4881606e-06
0.0028883627
0.0028493252
0.0027745979
0.0026764163
0.0025615935
0.002434479
0.0022980886
0.0021547638
0.002006505
0.0018551115
0.0017022232
0.0015493249
0.001397738
0.0012486171
0.0011029524
0.00096158055
0.0008252038
0.00069441765
0.00056975097
0.00045172837
0.00034098008
0.000238466
0.00014600371
6.5276453e-05
9.4935217e-06
0.0028889703
0.0028499349
0.0027751935
0.0026769677
0.0025620731
0.002434871
0.0022983904
0.0021549831
0.002006656
0.0018552103
0.0017022862
0.001549366
0.0013977684
0.0012486449
0.0011029825
0.00096161552
0.00082524411
0.00069446233
0.00056979805
0.00045177531
0.00034102412
0.00023850444
0.00014603413
6.5295293e-05
9.4988512e-06
0.0028895507
0.0028505172
0.0027757621
0.0026774935
0.0025625294
0.0024352427
0.0022986754
0.0021551891
0.0020067966
0.0018553016
0.0017023438
0.0015494035
0.0013977966
0.0012486713
0.0011030119
0.00096165015
0.00082528429
0.00069450694
0.00056984505
0.00045182213
0.00034106801
0.00023854271
0.00014606439
6.5314026e-05
9.5041499e-06
0.0028901052
0.0028510735
0.002776305
0.0026779947
0.0025629635
0.0024355952
0.0022989443
0.0021553823
0.0020069274
0.0018553858
0.0017023965
0.0015494378
0.0013978228
0.0012486966
0.0011030408
0.00096168457
0.0008253244
0.00069455152
0.000569892
0.00045186885
0.00034111175
0.00023858081
0.00014609449
6.5332655e-05
9.5094183e-06
0.0028906351
0.0028516049
0.0027768232
0.0026784725
0.0025633763
0.0024359293
0.0022991981
0.0021555635
0.0020070492
0.0018554634
0.0017024447
0.0015494692
0.0013978472
0.001248721
0.0011030692
0.00096171884
0.00082536449
0.00069459611
0.00056993892
0.00045191549
0.00034115536
0.00023861875
0.00014612444
6.5351184e-05
9.5146572e-06
0.0028911414
0.0028521126
0.0027773179
0.002678928
0.0025637689
0.002436246
0.0022994375
0.0021557333
0.0020071624
0.0018555349
0.0017024887
0.0015494979
0.0013978701
0.0012487446
0.0011030973
0.00096175306
0.00082540464
0.00069464075
0.00056998584
0.00045196206
0.00034119884
0.00023865653
0.00014615424
6.5369613e-05
9.5198673e-06
0.0028916253
0.0028525977
0.0027777902
0.0026793622
0.0025641422
0.002436546
0.0022996633
0.0021558924
0.0020072676
0.0018556006
0.0017025288
0.0015495243
0.0013978917
0.0012487676
0.0011031252
0.00096178731
0.00082544488
0.00069468548
0.00057003279
0.00045200859
0.00034124222
0.00023869417
0.00014618389
6.5387947e-05
9.5250491e-06
0.0028920879
0.0028530613
0.0027782412
0.0026797762
0.0025644972
0.0024368304
0.0022998761
0.0021560414
0.0020073653
0.0018556611
0.0017025655
0.0015495485
0.0013979121
0.00124879
0.0011031531
0.00096182165
0.00082548528
0.00069473034
0.00057007979
0.00045205508
0.00034128549
0.00023873167
0.0001462134
6.5406186e-05
9.5302033e-06
0.0028925302
0.0028535044
0.0027786719
0.0026801708
0.0025648348
0.0024370997
0.0023000768
0.002156181
0.0020074561
0.0018557167
0.001702599
0.0015495709
0.0013979316
0.0012488122
0.0011031809
0.00096185617
0.00082552589
0.00069477534
0.00057012685
0.00045210155
0.00034132867
0.00023876904
0.00014624278
6.5424334e-05
9.5353306e-06
0.0028929533
0.002853928
0.0027790833
0.0026805471
0.0025651558
0.0024373549
0.0023002659
0.0021563117
0.0020075403
0.0018557679
0.0017026297
0.0015495917
0.0013979504
0.0012488342
0.0011032089
0.00096189093
0.00082556674
0.00069482054
0.00057017401
0.00045214802
0.00034137177
0.00023880628
0.00014627203
6.5442392e-05
9.5404314e-06
0.0028933581
0.0028543332
0.0027794763
0.0026809059
0.0025654611
0.0024375967
0.0023004442
0.002156434
0.0020076185
0.001855815
0.0017026579
0.001549611
0.0013979686
0.001248856
0.001103237
0.00096192599
0.00082560788
0.00069486594
0.00057022127
0.00045219449
0.00034141479
0.0002388434
0.00014630114
6.5460363e-05
9.5455065e-06
0.0028937456
0.0028547208
0.0027798518
0.0026812481
0.0025657515
0.0024378258
0.0023006122
0.0021565486
0.0020076911
0.0018558583
0.0017026837
0.0015496292
0.0013979863
0.0012488779
0.0011032655
0.00096196141
0.00082564935
0.00069491158
0.00057026867
0.00045224097
0.00034145775
0.0002388804
0.00014633014
6.5478249e-05
9.5505564e-06
0.0028941167
0.0028550918
0.0027802108
0.0026815746
0.0025660278
0.0024380429
0.0023007707
0.0021566559
0.0020077585
0.0018558982
0.0017027076
0.0015496465
0.0013980038
0.0012489
0.0011032943
0.00096199724
0.00082569119
0.00069495749
0.0005703162
0.00045228749
0.00034150065
0.00023891729
0.00014635901
6.5496051e-05
9.5555817e-06
0.0028944722
0.002855447
0.002780554
0.0026818862
0.0025662907
0.0024382487
0.0023009201
0.0021567564
0.0020078212
0.0018559351
0.0017027298
0.0015496629
0.0013980211
0.0012489223
0.0011033235
0.00096203353
0.00082573342
0.00069500368
0.00057036388
0.00045233404
0.00034154349
0.00023895408
0.00014638777
6.5513773e-05
9.5605829e-06
0.0028948129
0.0028557872
0.0027808824
0.0026821836
0.0025665409
0.0024384438
0.0023010611
0.0021568506
0.0020078794
0.0018559692
0.0017027504
0.0015496788
0.0013980385
0.001248945
0.0011033532
0.00096207034
0.00082577608
0.00069505018
0.00057041174
0.00045238063
0.00034158628
0.00023899077
0.00014641641
6.5531417e-05
9.5655607e-06
0.0028951398
0.0028561133
0.0027811966
0.0026824676
0.0025667791
0.0024386289
0.0023011941
0.0021569389
0.0020079337
0.0018560008
0.0017027698
0.0015496943
0.0013980559
0.0012489681
0.0011033835
0.0009621077
0.00082581921
0.000695097
0.00057045978
0.00045242728
0.00034162903
0.00023902735
0.00014644494
6.5548983e-05
9.5705154e-06
0.0028954535
0.002856426
0.0027814975
0.002682739
0.0025670061
0.0024388045
0.0023013197
0.0021570218
0.0020079844
0.0018560303
0.0017027881
0.0015497095
0.0013980737
0.0012489918
0.0011034144
0.00096214565
0.00082586282
0.00069514416
0.00057050801
0.00045247399
0.00034167175
0.00023906385
0.00014647337
6.5566474e-05
9.5754478e-06
0.0028957548
0.0028567261
0.0027817858
0.0026829984
0.0025672224
0.0024389712
0.0023014383
0.0021570997
0.0020080317
0.0018560578
0.0017028056
0.0015497246
0.0013980918
0.0012490161
0.001103446
0.00096218423
0.00082590694
0.00069519168
0.00057055644
0.00045252078
0.00034171444
0.00023910026
0.00014650169
6.5583891e-05
9.5803582e-06
0.0028960444
0.0028570143
0.0027820621
0.0026832465
0.0025674286
0.0024391296
0.0023015506
0.0021571729
0.002008076
0.0018560837
0.0017028224
0.0015497397
0.0013981104
0.001249041
0.0011034784
0.00096222347
0.00082595159
0.00069523957
0.00057060508
0.00045256763
0.0003417571
0.00023913658
0.00014652991
6.5601237e-05
9.5852471e-06
0.002896323
0.0028572912
0.0027823272
0.0026834839
0.0025676254
0.0024392802
0.0023016568
0.0021572419
0.0020081177
0.0018561082
0.0017028388
0.0015497551
0.0013981296
0.0012490667
0.0011035115
0.00096226342
0.00082599679
0.00069528784
0.00057065394
0.00045261457
0.00034179973
0.00023917282
0.00014655803
6.5618512e-05
9.5901152e-06
0.0028965913
0.0028575576
0.0027825817
0.0026837113
0.0025678133
0.0024394234
0.0023017574
0.0021573071
0.0020081569
0.0018561315
0.0017028549
0.0015497707
0.0013981495
0.0012490933
0.0011035454
0.00096230408
0.00082604256
0.00069533651
0.00057070304
0.00045266159
0.00034184236
0.00023920899
0.00014658605
6.563572e-05
9.5949627e-06
0.0028968498
0.0028578141
0.0027828262
0.0026839292
0.0025679929
0.0024395599
0.0023018529
0.0021573687
0.0020081941
0.0018561538
0.0017028708
0.0015497869
0.0013981701
0.0012491207
0.0011035802
0.0009623455
0.00082608891
0.00069538558
0.00057075236
0.0004527087
0.00034188496
0.00023924508
0.00014661398
6.565286e-05
9.5997903e-06
0.0028970992
0.0028580612
0.0027830614
0.0026841382
0.0025681646
0.0024396899
0.0023019436
0.0021574271
0.0020082293
0.0018561754
0.0017028868
0.0015498035
0.0013981915
0.0012491491
0.0011036159
0.00096238769
0.00082613587
0.00069543507
0.00057080192
0.00045275591
0.00034192756
0.00023928109
0.00014664182
6.5669936e-05
9.6045984e-06
0.0028973401
0.0028582995
0.0027832877
0.0026843389
0.0025683291
0.002439814
0.0023020299
0.0021574826
0.002008263
0.0018561963
0.0017029029
0.0015498208
0.0013982139
0.0012491784
0.0011036525
0.00096243067
0.00082618344
0.00069548497
0.00057085173
0.00045280322
0.00034197015
0.00023931704
0.00014666958
6.5686948e-05
9.6093873e-06
0.002897573
0.0028585296
0.0027835057
0.0026845318
0.0025684866
0.0024399327
0.0023021122
0.0021575354
0.0020082953
0.0018562169
0.0017029194
0.0015498389
0.0013982372
0.0012492088
0.0011036901
0.00096247447
0.00082623163
0.00069553531
0.00057090179
0.00045285063
0.00034201274
0.00023935292
0.00014669725
6.5703898e-05
9.6141576e-06
0.0028977984
0.0028587521
0.002783716
0.0026847173
0.0025686378
0.0024400462
0.0023021908
0.002157586
0.0020083265
0.0018562373
0.0017029363
0.0015498578
0.0013982616
0.0012492402
0.0011037287
0.00096251909
0.00082628046
0.00069558608
0.0005709521
0.00045289814
0.00034205532
0.00023938874
0.00014672483
6.5720787e-05
9.6189097e-06
0.0028980169
0.0028589673
0.002783919
0.0026848959
0.002568783
0.0024401549
0.0023022661
0.0021576345
0.0020083567
0.0018562576
0.0017029538
0.0015498777
0.0013982871
0.0012492728
0.0011037683
0.00096256456
0.00082632993
0.00069563729
0.00057100267
0.00045294576
0.0003420979
0.0002394245
0.00014675233
6.5737616e-05
9.6236439e-06
0.0028982289
0.0028591759
0.0027841153
0.0026850682
0.0025689226
0.0024402593
0.0023023382
0.0021576811
0.0020083862
0.001856278
0.0017029719
0.0015498986
0.0013983138
0.0012493065
0.0011038089
0.00096261088
0.00082638005
0.00069568894
0.00057105349
0.00045299349
0.00034214049
0.0002394602
0.00014677976
6.5754387e-05
9.6283606e-06
0.0028984349
0.0028593782
0.0027843052
0.0026852344
0.0025690571
0.0024403597
0.0023024076
0.0021577262
0.0020084151
0.0018562986
0.0017029909
0.0015499206
0.0013983417
0.0012493414
0.0011038506
0.00096265807
0.00082643082
0.00069574104
0.00057110458
0.00045304133
0.00034218308
0.00023949584
0.0001468071
6.5771102e-05
9.6330603e-06
0.0028986353
0.0028595748
0.0027844892
0.0026853951
0.0025691868
0.0024404564
0.0023024745
0.00215777
0.0020084436
0.0018563196
0.0017030107
0.0015499437
0.0013983708
0.0012493776
0.0011038934
0.00096270613
0.00082648224
0.00069579358
0.00057115592
0.00045308928
0.00034222568
0.00023953142
0.00014683437
6.5787761e-05
9.6377434e-06
0.0028988305
0.0028597659
0.0027846677
0.0026855506
0.002569312
0.0024405496
0.0023025392
0.0021578126
0.002008472
0.0018563411
0.0017030314
0.001549968
0.0013984012
0.0012494149
0.0011039372
0.00096275508
0.00082653433
0.00069584657
0.00057120752
0.00045313734
0.00034226828
0.00023956696
0.00014686157
6.5804366e-05
9.6424101e-06
0.0028990209
0.002859952
0.0027848411
0.0026857012
0.0025694331
0.0024406398
0.0023026018
0.0021578543
0.0020085002
0.0018563632
0.0017030533
0.0015499937
0.001398433
0.0012494535
0.0011039822
0.00096280492
0.00082658709
0.00069590001
0.00057125939
0.00045318552
0.0003423109
0.00023960244
0.00014688869
6.5820917e-05
9.6470608e-06
0.0028992069
0.0028601335
0.0027850097
0.0026858474
0.0025695505
0.0024407272
0.0023026628
0.0021578952
0.0020085286
0.0018563861
0.0017030762
0.0015500206
0.0013984661
0.0012494934
0.0011040282
0.00096285565
0.00082664051
0.0006959539
0.00057131152
0.00045323381
0.00034235352
0.00023963787
0.00014691574
6.5837416e-05
9.651696e-06
0.0028993888
0.0028603108
0.002785174
0.0026859895
0.0025696644
0.002440812
0.0023027222
0.0021579355
0.0020085572
0.0018564097
0.0017031004
0.001550049
0.0013985007
0.0012495346
0.0011040754
0.00096290727
0.00082669459
0.00069600823
0.00057136391
0.00045328222
0.00034239615
0.00023967325
0.00014694273
6.5853864e-05
9.6563158e-06
0.002899567
0.002860484
0.0027853342
0.0026861277
0.002569775
0.0024408945
0.0023027802
0.0021579755
0.0020085862
0.0018564343
0.0017031258
0.0015500788
0.0013985366
0.0012495771
0.0011041237
0.00096295979
0.00082674934
0.00069606302
0.00057141657
0.00045333073
0.0003424388
0.00023970858
0.00014696964
6.5870261e-05
9.6609207e-06
0.0028997418
0.0028606537
0.0027854906
0.0026862624
0.0025698828
0.002440975
0.0023028372
0.0021580152
0.0020086157
0.0018564599
0.0017031525
0.00155011
0.001398574
0.001249621
0.0011041731
0.00096301321
0.00082680475
0.00069611825
0.00057146947
0.00045337937
0.00034248146
0.00023974387
0.00014699649
6.588661e-05
9.6655109e-06
0.0028999134
0.00286082
0.0027856436
0.0026863939
0.0025699879
0.0024410536
0.0023028932
0.0021580548
0.0020086457
0.0018564866
0.0017031807
0.0015501428
0.0013986129
0.0012496661
0.0011042236
0.00096306753
0.00082686083
0.00069617392
0.00057152264
0.00045342811
0.00034252413
0.00023977911
0.00014702328
6.5902911e-05
9.6700868e-06
0.0029000822
0.0028609833
0.0027857933
0.0026865224
0.0025700906
0.0024411306
0.0023029485
0.0021580945
0.0020086765
0.0018565145
0.0017032103
0.001550177
0.0013986533
0.0012497126
0.0011042753
0.00096312274
0.00082691755
0.00069623002
0.00057157606
0.00045347696
0.00034256681
0.00023981431
0.00014705
6.5919165e-05
9.6746486e-06
0.0029002484
0.0028611438
0.0027859402
0.0026866481
0.0025701911
0.0024412062
0.0023030031
0.0021581343
0.0020087081
0.0018565436
0.0017032413
0.0015502129
0.0013986952
0.0012497605
0.0011043281
0.00096317885
0.00082697493
0.00069628657
0.00057162973
0.00045352592
0.0003426095
0.00023984946
0.00014707666
6.5935372e-05
9.6791967e-06
0.0029004123
0.0028613017
0.0027860844
0.0026867713
0.0025702895
0.0024412805
0.0023030573
0.0021581745
0.0020087405
0.001856574
0.0017032739
0.0015502503
0.0013987385
0.0012498097
0.0011043821
0.00096323584
0.00082703296
0.00069634354
0.00057168364
0.000453575
0.0003426522
0.00023988457
0.00014710326
6.5951534e-05
9.6837313e-06
0.002900574
0.0028614573
0.0027862261
0.0026868923
0.0025703863
0.0024413537
0.0023031112
0.002158215
0.002008774
0.0018566058
0.0017033081
0.0015502894
0.0013987835
0.0012498603
0.0011044371
0.00096329372
0.00082709164
0.00069640094
0.00057173781
0.00045362418
0.00034269492
0.00023991964
0.0001471298
6.5967651e-05
9.6882527e-06
0.0029007337
0.0028616108
0.0027863656
0.0026870112
0.0025704814
0.002441426
0.002303165
0.0021582561
0.0020088085
0.001856639
0.0017033439
0.0015503301
0.0013988299
0.0012499122
0.0011044934
0.00096335248
0.00082715095
0.00069645877
0.00057179223
0.00045367347
0.00034273765
0.00023995467
0.00014715628
6.5983725e-05
9.6927611e-06
0.0029008918
0.0028617624
0.002786503
0.0026871282
0.0025705751
0.0024414976
0.0023032187
0.0021582978
0.0020088441
0.0018566737
0.0017033813
0.0015503724
0.001398878
0.0012499655
0.0011045507
0.00096341211
0.0008272109
0.00069651702
0.00057184688
0.00045372286
0.00034278039
0.00023998966
0.0001471827
6.5999754e-05
9.6972567e-06
0.0029010483
0.0028619122
0.0027866386
0.0026872435
0.0025706676
0.0024415686
0.0023032726
0.0021583402
0.002008881
0.0018567099
0.0017034204
0.0015504164
0.0013989275
0.0012500201
0.0011046091
0.00096347261
0.00082727147
0.00069657567
0.00057190176
0.00045377235
0.00034282315
0.00024002461
0.00014720907
6.6015743e-05
9.7017399e-06
0.0029012034
0.0028620606
0.0027867726
0.0026873573
0.002570759
0.0024416391
0.0023033266
0.0021583835
0.0020089191
0.0018567477
0.0017034612
0.0015504621
0.0013989786
0.0012500761
0.0011046687
0.00096353397
0.00082733266
0.00069663473
0.00057195688
0.00045382194
0.00034286591
0.00024005951
0.00014723537
6.6031689e-05
9.7062109e-06
0.0029013573
0.0028622075
0.002786905
0.0026874698
0.0025708494
0.0024417093
0.0023033809
0.0021584276
0.0020089586
0.001856787
0.0017035037
0.0015505095
0.0013990313
0.0012501335
0.0011047294
0.00096359618
0.00082739447
0.0006966942
0.00057201223
0.00045387164
0.00034290868
0.00024009439
0.00014726163
6.6047595e-05
9.7106694e-06
0.0029015101
0.0028623531
0.002787036
0.002687581
0.002570939
0.0024417792
0.0023034356
0.0021584726
0.0020089994
0.001856828
0.0017035479
0.0015505585
0.0013990855
0.0012501921
0.0011047911
0.00096365921
0.00082745685
0.00069675404
0.00057206779
0.00045392142
0.00034295146
0.00024012921
0.00014728783
6.606346e-05
9.7151179e-06
0.002901662
0.0028624978
0.002787166
0.0026876912
0.0025710281
0.0024418493
0.002303491
0.0021585189
0.0020090418
0.0018568709
0.0017035941
0.0015506094
0.0013991414
0.0012502522
0.001104854
0.00096372317
0.00082751993
0.00069681435
0.00057212363
0.00045397134
0.00034299428
0.00024016403
0.00014731398
6.6079288e-05
9.7195503e-06
0.0029018125
0.0028626408
0.0027872941
0.0026877998
0.0025711159
0.0024419185
0.0023035463
0.0021585655
0.002009085
0.0018569147
0.0017036413
0.0015506614
0.0013991983
0.0012503132
0.0011049176
0.00096378757
0.00082758325
0.00069687475
0.00057217945
0.00045402116
0.00034303698
0.00024019871
0.00014734005
6.609507e-05
9.7239869e-06
0.0029019651
0.0028627858
0.0027874243
0.0026879105
0.0025712063
0.0024419908
0.0023036051
0.0021586162
0.0020091324
0.0018569629
0.0017036929
0.0015507175
0.0013992589
0.0012503775
0.001104984
0.0009638544
0.00082764857
0.00069693674
0.00057223649
0.00045407188
0.00034308026
0.00024023374
0.00014736624
6.6110855e-05
9.7283671e-06
0.0029021037
0.0028629167
0.0027875402
0.0026880074
0.0025712834
0.0024420507
0.0023036525
0.0021586564
0.0020091705
0.0018570026
0.0017037366
0.0015507664
0.0013993129
0.0012504357
0.001105045
0.00096391627
0.00082770948
0.0006969949
0.00057229031
0.00045412001
0.00034312163
0.00024026752
0.00014739184
6.612649e-05
9.7329151e-06
0.0029022983
0.0028631029
0.0027877104
0.002688157
0.0025714118
0.0024421604
0.0023037477
0.0021587425
0.0020092519
0.0018570831
0.0017038184
0.0015508505
0.001399399
0.0012505229
0.0011051318
0.00096400084
0.00082778996
0.00069706954
0.00057235755
0.00045417856
0.00034317046
0.0002403059
0.00014741934
6.6142573e-05
9.7368904e-06
0.0029020592
0.0028628634
0.0027874702
0.0026879166
0.0025711736
0.0024419288
0.0023035283
0.0021585404
0.0020090716
0.0018569276
0.0017036891
0.0015507473
0.0013993207
0.0012504672
0.0011050959
0.00096398175
0.00082778451
0.00069707467
0.00057237037
0.00045419648
0.00034319119
0.00024032746
0.00014744007
6.6155592e-05
9.742803e-06
)
;

boundaryField
{
    inlet
    {
        type            calculated;
        value           nonuniform List<scalar> 
25
(
0.0034598331
0.0034598348
0.0034598379
0.0034598423
0.0034598476
0.0034598536
0.0034598602
0.0034598671
0.0034598743
0.0034598817
0.0034598891
0.0034598964
0.0034599037
0.0034599108
0.0034599177
0.0034599245
0.003459931
0.0034599373
0.0034599435
0.0034599494
0.0034599548
0.0020295535
0.0028822531
4.6269092e-05
5.7951531e-06
)
;
    }
    outlet
    {
        type            calculated;
        value           nonuniform List<scalar> 
25
(
0.0029020495
0.0028628538
0.0027874608
0.0026879076
0.002571165
0.0024419207
0.0023035205
0.0021585331
0.0020090649
0.0018569213
0.0017036834
0.001550742
0.001399316
0.001250463
0.0011050922
0.0009639785
0.00082778172
0.00069707232
0.00057236845
0.00045419495
0.00034319003
0.00024032665
0.00014743958
6.7588215e-05
9.7427702e-06
)
;
    }
    wall
    {
        type            compressible::alphatWallFunction;
        Prt             0.85;
        value           uniform 0;
    }
    front
    {
        type            wedge;
    }
    back
    {
        type            wedge;
    }
    axis
    {
        type            empty;
    }
}


// ************************************************************************* //
