/*--------------------------------*- C++ -*----------------------------------*\
| =========                 |                                                 |
| \\      /  F ield         | OpenFOAM: The Open Source CFD Toolbox           |
|  \\    /   O peration     | Version:  v2012                                 |
|   \\  /    A nd           | Website:  www.openfoam.com                      |
|    \\/     M anipulation  |                                                 |
\*---------------------------------------------------------------------------*/
FoamFile
{
    version     2.0;
    format      ascii;
    class       volScalarField;
    location    "2000";
    object      k;
}
// * * * * * * * * * * * * * * * * * * * * * * * * * * * * * * * * * * * * * //

dimensions      [0 2 -2 0 0 0 0];


internalField   nonuniform List<scalar> 
6250
(
0.83010966
0.83011034
0.83013659
0.83017926
0.8302331
0.83029602
0.8303629
0.83042267
0.83045446
0.83042284
0.83027292
0.82992673
0.82928139
0.82820825
0.82654891
0.82410045
0.82057615
0.8155174
0.8081052
0.79676296
0.77845406
0.74929411
0.73003215
0.99798827
2.5639203
0.81697131
0.81699294
0.8170508
0.81714217
0.81725345
0.81737338
0.81747752
0.81752022
0.81742607
0.81708384
0.81634552
0.81503064
0.81293081
0.80980528
0.80535518
0.79916254
0.79057268
0.77847891
0.7609423
0.73468273
0.69595326
0.65692326
0.75469919
1.4687188
1.8019837
0.80422992
0.80426779
0.80434775
0.80446812
0.80460217
0.80471591
0.80474668
0.80459193
0.80410336
0.80308982
0.80132823
0.79857442
0.79456187
0.7889769
0.78140215
0.77121944
0.7574557
0.73855525
0.71216289
0.67583363
0.63521245
0.65464573
0.97561237
1.8560286
1.3293405
0.7918373
0.7918861
0.79198068
0.79210872
0.79222386
0.79225636
0.79209074
0.79155853
0.79044304
0.78849529
0.78545197
0.78104133
0.77496649
0.76686206
0.75622507
0.74232147
0.72408079
0.70007526
0.66914205
0.63462599
0.62625721
0.76784204
1.2912498
2.0571298
1.1992782
0.7798211
0.77987727
0.77997721
0.78009002
0.78013983
0.7800101
0.77952605
0.77845802
0.77653996
0.77349407
0.76904645
0.76292144
0.75481188
0.74433118
0.73095719
0.7139892
0.69259595
0.66628488
0.63723476
0.62065551
0.68049457
0.96175782
1.5442397
2.1105615
1.1578501
0.76816834
0.76822514
0.76831495
0.76838086
0.76830843
0.76792867
0.76701059
0.76527833
0.76244057
0.75821657
0.75234333
0.74455933
0.73457143
0.72201928
0.70646047
0.68743555
0.6648123
0.64014164
0.62174854
0.64203171
0.7876382
1.166977
1.7159392
2.102659
1.1216961
0.75685676
0.75690629
0.75696598
0.75694691
0.75669043
0.7559758
0.75452619
0.75203888
0.74822011
0.74280623
0.73556151
0.72625693
0.71464513
0.70045416
0.68344393
0.66364551
0.64216952
0.62388548
0.62612954
0.69924361
0.92838023
1.3445457
1.8227915
2.0794328
1.0848526
0.74586766
0.74590038
0.74590602
0.74575988
0.74525759
0.74413271
0.74207727
0.73878142
0.73396792
0.72740553
0.7189
0.70827568
0.69536942
0.68007087
0.66248412
0.64342151
0.62587236
0.61938851
0.65182582
0.78208142
1.0704018
1.486059
1.8868754
2.0562831
1.0515973
0.735181
0.7351852
0.73510963
0.73479262
0.73398661
0.7323896
0.72967875
0.72555478
0.71977187
0.71214333
0.70253061
0.6908352
0.67702223
0.66122538
0.64405284
0.62742718
0.61691787
0.62809467
0.69827116
0.88193675
1.2012985
1.5932819
1.9260801
2.0351013
1.0240374
0.72477571
0.72473823
0.72455263
0.72402194
0.72286158
0.72074637
0.71735446
0.71241187
0.7057158
0.69713475
0.68660084
0.67411946
0.65983325
0.64421232
0.62854992
0.61624618
0.61613627
0.65022065
0.7599076
0.98532486
1.316045
1.6717851
1.9501364
2.0156566
1.0014523
0.71463138
0.7145383
0.71421374
0.71342998
0.71187407
0.70921098
0.705134
0.69940633
0.69187744
0.6824811
0.67123629
0.65828151
0.64399015
0.62926815
0.61628699
0.6103019
0.62406323
0.68504474
0.83157401
1.084325
1.4119532
1.7288662
1.964349
1.9976566
0.98256025
0.70472838
0.70456564
0.70407451
0.70300342
0.70102137
0.6977964
0.69304916
0.68658936
0.6783267
0.66827051
0.65654444
0.64345257
0.62965901
0.61661979
0.60760605
0.6101145
0.6410702
0.73076778
0.90898345
1.1761845
1.4901078
1.7711236
1.9724073
1.9810956
0.96638953
0.69504799
0.69480207
0.69411933
0.69273297
0.69030503
0.6865186
0.68113177
0.67400833
0.66512547
0.65457892
0.64261636
0.62974238
0.61697553
0.60643994
0.60271875
0.61587063
0.66632722
0.78289594
0.98474453
1.259205
1.5524297
1.8024084
1.9765262
1.9659991
0.95232687
0.68557284
0.68523135
0.68433542
0.68261288
0.67972988
0.6753952
0.66941259
0.66170627
0.65232794
0.64147128
0.62952865
0.6172424
0.60605333
0.59887682
0.60181054
0.62765255
0.69895186
0.83970612
1.0578403
1.3315344
1.601986
1.8255822
1.9779746
1.95224
0.93993919
0.67628715
0.67583926
0.67471275
0.6726404
0.66930307
0.66444443
0.65792064
0.6497219
0.63998169
0.6290042
0.6173493
0.60603861
0.59701108
0.59410708
0.60512763
0.64541515
0.7375709
0.89886205
1.1268553
1.393616
1.6419441
1.8430423
1.9776931
1.9396785
0.92891927
0.66717685
0.66661369
0.66524378
0.66281518
0.65903324
0.65368436
0.64668274
0.63808974
0.62812825
0.61722647
0.60613605
0.59620091
0.58993276
0.59221406
0.61267835
0.66838285
0.77948416
0.95672249
1.191063
1.4462022
1.6742209
1.8563629
1.9763608
1.9282152
0.91905868
0.65822976
0.65754459
0.65592318
0.65313874
0.64892994
0.64313248
0.63572344
0.62684038
0.61680366
0.60617992
0.59593808
0.58778888
0.58489031
0.59326219
0.62434987
0.6958813
0.82400199
1.0131137
1.2491812
1.4905284
1.7003515
1.8665435
1.9743731
1.9177551
0.9101794
0.64943547
0.64862386
0.64674753
0.64361405
0.63900312
0.63280535
0.625065
0.61600098
0.60603989
0.59590248
0.5868029
0.5808673
0.58197795
0.5973863
0.64008884
0.7272002
0.8701173
1.0672396
1.3011296
1.5281956
1.7217766
1.8743793
1.9719867
1.9082035
0.90213823
0.64078542
0.63984519
0.63771504
0.63424509
0.62926281
0.6227185
0.61472754
0.60559567
0.59586505
0.58642721
0.57877018
0.57548214
0.58123438
0.60455871
0.65935525
0.76066978
0.91571324
1.1188659
1.3471821
1.5603373
1.7395496
1.8804374
1.9693232
1.8994342
0.89483662
0.6322727
0.6312039
0.62882524
0.62503658
0.6197189
0.61288629
0.60472916
0.5956457
0.58630356
0.57778221
0.57187199
0.57166575
0.58266618
0.61462434
0.68161908
0.79573545
0.96045353
1.1671775
1.3876259
1.5875405
1.7540161
1.8843669
1.9661925
1.8909749
0.8880363
0.62389193
0.62269674
0.62007874
0.61599365
0.61038088
0.60332193
0.59508606
0.58616994
0.57737723
0.56999329
0.56614021
0.56945731
0.58631492
0.6274819
0.70645018
0.83199002
1.0040885
1.2117082
1.4230522
1.6106459
1.7659966
1.8873416
1.9630175
1.8829956
0.88162684
0.6156391
0.61432161
0.61147694
0.60712168
0.60125778
0.5940375
0.58581285
0.57718543
0.5691061
0.56308522
0.56160694
0.56889917
0.59224216
0.64302867
0.73336919
0.86884265
1.0461454
1.2524258
1.4542719
1.6305481
1.7761509
1.8897683
1.960046
1.8756753
0.87562989
0.60751144
0.60607753
0.60302192
0.59842611
0.59235812
0.58504403
0.57692267
0.56870731
0.56150758
0.55707743
0.55828933
0.56998237
0.60030262
0.66073249
0.76126383
0.90498489
1.0866969
1.2894534
1.48184
1.6479004
1.7849502
1.8918448
1.9573456
1.8690352
0.87009338
0.59950732
0.59796442
0.59471629
0.58991243
0.58368993
0.57635161
0.5684273
0.56074902
0.55459685
0.55198627
0.55620032
0.57269667
0.61036045
0.68026688
0.79001094
0.94056222
1.1251841
1.3229868
1.5062337
1.6631404
1.7926799
1.8936698
1.9549062
1.8630178
0.8650222
0.59162607
0.58998298
0.58656305
0.58158608
0.57526073
0.56796945
0.56033741
0.55332267
0.54838771
0.54782716
0.55535579
0.57706286
0.62233346
0.70135657
0.81940342
0.9754459
1.1613655
1.3533325
1.5278732
1.6765254
1.7993607
1.8952042
1.952587
1.8574717
0.86036276
0.58386777
0.5821345
0.57856545
0.57345232
0.56707752
0.55990594
0.5526626
0.54643917
0.5428925
0.54461344
0.55576694
0.58307789
0.63611361
0.72375802
0.84915621
1.0093908
1.1951707
1.3808344
1.5471101
1.688238
1.8049612
1.896346
1.950045
1.8521415
0.85596758
0.57623317
0.5744207
0.57072688
0.5655162
0.55914678
0.55216871
0.54541153
0.54010815
0.5381214
0.5423529
0.55742453
0.59064555
0.65141169
0.7469343
0.87866127
1.0423934
1.2266258
1.4057834
1.5643309
1.6986547
1.8099265
1.8973128
1.9476194
1.8471337
0.85181816
0.56872349
0.56684369
0.5630508
0.55778259
0.55147452
0.54476473
0.53859201
0.53433816
0.53408297
0.5410503
0.5603165
0.59965376
0.66794464
0.77059154
0.90772034
1.0742663
1.2557885
1.4284241
1.5798452
1.7080559
1.8144621
1.8982413
1.9454426
1.8425306
0.84794314
0.56134042
0.55940583
0.55554074
0.5502561
0.54406633
0.53770038
0.53221112
0.52913679
0.53078437
0.54070977
0.56444419
0.61002405
0.68551995
0.79465686
0.93635986
1.1047587
1.2827721
1.449016
1.5938984
1.7166264
1.8186767
1.8991852
1.9435363
1.8383446
0.84435983
0.55408596
0.55210972
0.54820019
0.54294117
0.53692739
0.53098146
0.52627513
0.52451035
0.52823038
0.5413301
0.56978808
0.62167203
0.70400464
0.81901559
0.96448435
1.1337664
1.307751
1.4678242
1.6066996
1.7244913
1.8226239
1.9001538
1.9418786
1.8345503
0.84106357
0.54696236
0.54495807
0.5410326
0.53584198
0.53006249
0.52461326
0.52078966
0.52046433
0.52642489
0.54290776
0.5763086
0.63450111
0.72328436
0.84352762
0.99196867
1.1612681
1.3309367
1.4851056
1.6184382
1.7317499
1.8263349
1.9011412
1.9404393
1.8311123
0.8380379
0.53997203
0.53795366
0.53404138
0.52896249
0.5234761
0.51860065
0.51575987
0.51700371
0.52537066
0.54543552
0.58393002
0.64829732
0.74297713
0.86780577
1.0188847
1.1872957
1.3524858
1.5010579
1.6292581
1.7384543
1.8298078
1.9021194
1.9391788
1.8279904
0.83526576
0.53311752
0.53109935
0.52722981
0.52230646
0.51717239
0.51294812
0.51119039
0.51413254
0.52506878
0.54890869
0.59257636
0.66287029
0.7629276
0.89178285
1.045107
1.2118674
1.3724791
1.5157393
1.6391621
1.7444786
1.8329814
1.9029314
1.9379425
1.8250718
0.83270054
0.52640143
0.52439794
0.52060108
0.51587744
0.51115519
0.5076597
0.507085
0.51185292
0.52551589
0.55331097
0.60217955
0.678115
0.78311292
0.91548677
1.0704733
1.235015
1.3910237
1.5292767
1.6483171
1.7500923
1.8359488
1.9036516
1.936741
1.8223216
0.83030094
0.51982636
0.51785224
0.51415827
0.50967878
0.50542804
0.50273888
0.50344649
0.51016503
0.5267044
0.55860967
0.61267194
0.69396816
0.80348603
0.93887158
1.0948994
1.2568038
1.4082586
1.5418111
1.6568408
1.7553876
1.8387878
1.9043746
1.9356476
1.8197661
0.82805306
0.51339493
0.51146497
0.50790431
0.50371359
0.49999418
0.49818875
0.50027718
0.50906888
0.52862818
0.5647703
0.623986
0.71036891
0.82398476
0.96187221
1.118347
1.2773254
1.4243315
1.5534758
1.664821
1.7604137
1.8415417
1.9051512
1.9347102
1.8174323
0.8259588
0.50710969
0.5052388
0.50184202
0.49798484
0.4948566
0.49401222
0.4975796
0.50856638
0.53129016
0.57176388
0.63603617
0.72721015
0.8444985
0.98443599
1.1408104
1.2966863
1.4393858
1.5643914
1.6723318
1.7652064
1.8442312
1.9059969
1.9339405
1.8153276
0.82402375
0.50097317
0.49917632
0.49597407
0.49249528
0.49001813
0.49021198
0.49535582
0.50865768
0.53468625
0.57952894
0.64864683
0.74417807
0.86474232
1.006664
1.1623102
1.3149477
1.4535241
1.5746559
1.6794365
1.7697942
1.8468643
1.9069068
1.9333271
1.8134416
0.82224955
0.49498782
0.49328001
0.49030305
0.48724757
0.48548133
0.48679017
0.49360642
0.50933829
0.53879649
0.58800538
0.66173703
0.76128839
0.88480155
1.028398
1.1828541
1.3321749
1.4668234
1.5843419
1.6861869
1.7742028
1.8494458
1.9078713
1.9328532
1.8117583
0.82062776
0.48915603
0.4875523
0.48483141
0.48224413
0.48124846
0.48374829
0.49233042
0.51060021
0.54359103
0.59713972
0.67526752
0.77853719
0.90467626
1.04956
1.2024689
1.348446
1.4793546
1.5935009
1.6926137
1.7784457
1.8519801
1.9088868
1.9325098
1.8102659
0.81914853
0.48348009
0.48199551
0.47956147
0.47748723
0.47732148
0.48108735
0.49152651
0.5124371
0.54904195
0.60688349
0.68920502
0.79590284
0.92433827
1.0701054
1.2211898
1.3638242
1.4911458
1.6021165
1.6986436
1.7824968
1.8544012
1.909888
1.932244
1.8089269
0.8177961
0.47796223
0.47661184
0.47449542
0.47297896
0.47370216
0.47880837
0.4911945
0.5148494
0.55512825
0.61718573
0.70350881
0.81335104
0.94375016
1.0900084
1.2390549
1.3783705
1.5022521
1.6102437
1.7043547
1.7863729
1.8567071
1.9108485
1.9320189
1.8077049
0.81654897
0.47260457
0.47140342
0.46963535
0.46872127
0.47039214
0.47691241
0.491335
0.51784043
0.5618324
0.62799693
0.71812798
0.83083151
0.96286687
1.1092561
1.2561119
1.3921577
1.5127527
1.6179566
1.7098222
1.7901116
1.8589426
1.9117973
1.9318439
1.8065919
0.81539326
0.46740911
0.46637224
0.4649832
0.46471598
0.46739285
0.47540001
0.49194624
0.52140048
0.56911151
0.63921741
0.7328554
0.84815463
0.98176589
1.1278553
1.2723891
1.4052486
1.522721
1.6253121
1.7150808
1.7937416
1.8611441
1.9127702
1.9317442
1.8055966
0.81432722
0.4623778
0.46152022
0.46054083
0.46096473
0.46470537
0.47427064
0.49302303
0.52550752
0.57691722
0.65078623
0.74766136
0.865333
1.0003749
1.1458046
1.2879158
1.4176933
1.5322141
1.6323543
1.7201573
1.7972825
1.8633323
1.9137884
1.9317364
1.8047275
0.81335204
0.45751247
0.45684918
0.45630996
0.45746896
0.46233038
0.47352311
0.49455938
0.53013712
0.58520688
0.66267332
0.76255673
0.88238763
1.0186232
1.1631081
1.302732
1.4295374
1.5412751
1.6391172
1.7250738
1.8007489
1.8655178
1.9148605
1.9318272
1.8039882
0.81246777
0.4528149
0.45236084
0.45229219
0.45422995
0.46026841
0.4731564
0.49655284
0.53526939
0.59394129
0.67485483
0.77753709
0.89930903
1.0364698
1.1797799
1.3168842
1.4408259
1.5499397
1.6456266
1.7298473
1.8041513
1.8677057
1.9159883
1.9320155
1.8033767
0.81167334
0.44828674
0.44805684
0.44848902
0.45124886
0.45851989
0.4731701
0.49900448
0.54088893
0.60308343
0.68730418
0.7925857
0.91607598
1.0538892
1.1958413
1.3304209
1.4516045
1.5582396
1.6519031
1.7344907
1.8074968
1.8698979
1.9171695
1.9322967
1.802888
0.81096628
0.4439296
0.44393871
0.44490184
0.4485267
0.45708514
0.47356348
0.50191286
0.54698023
0.61260293
0.69999267
0.8076794
0.93266392
1.070867
1.2113181
1.3433892
1.4619174
1.5662046
1.6579626
1.7390116
1.8107901
1.8720956
1.9184022
1.9326666
1.8025164
0.81034283
0.43974497
0.44000791
0.44153192
0.44606432
0.45596409
0.47433469
0.50527076
0.5535258
0.62247769
0.71289035
0.82278842
0.94904579
1.0873959
1.2262399
1.3558297
1.471793
1.5738403
1.6637847
1.7434027
1.8140117
1.8742797
1.9196706
1.9331123
1.8022522
0.80979894
0.43573429
0.43626581
0.43838041
0.44386234
0.45515626
0.47548056
0.50906398
0.56049489
0.63265549
0.7258757
0.83780231
0.96526827
1.1034805
1.2406207
1.3677645
1.4812449
1.5811491
1.6693591
1.7476559
1.8171302
1.8764123
1.9209392
1.9336047
1.8020744
0.80932753
0.43189891
0.43271367
0.43544834
0.44192124
0.45466098
0.47699811
0.51327535
0.56785035
0.6430892
0.73890353
0.85270274
0.98130911
1.1191203
1.2544686
1.3792129
1.4903084
1.5881809
1.6747548
1.7517907
1.8201635
1.8784949
1.9221971
1.9341275
1.8019664
0.80891843
0.42824011
0.42935269
0.43273664
0.44024142
0.45447779
0.47888674
0.51788941
0.57555692
0.6537523
0.75198615
0.86751383
0.99711352
1.134312
1.2677989
1.3901986
1.4990174
1.5949697
1.6799973
1.7558264
1.8231361
1.8805482
1.9234567
1.9346852
1.8019249
0.80856382
0.42475908
0.42618398
0.43024617
0.4388232
0.45460636
0.48114694
0.52289283
0.58358422
0.66462508
0.76512427
0.88223354
1.0126488
1.1490575
1.2806347
1.4007493
1.5074
1.6015383
1.685102
1.7597777
1.8260663
1.8825924
1.9247361
1.9352901
1.8019545
0.80826126
0.42145697
0.42320856
0.42797764
0.4376667
0.45504584
0.4837764
0.52827231
0.59190971
0.67568971
0.77831012
0.89684957
1.0278927
1.1633637
1.293003
1.4108945
1.5154808
1.6079042
1.6900811
1.7636559
1.8289666
1.8846414
1.9260485
1.9359522
1.8020597
0.80801139
0.41833483
0.42042738
0.42593164
0.43677171
0.4557944
0.48676844
0.53401362
0.6005179
0.68692911
0.79153096
0.9113458
1.0428301
1.1772414
1.304932
1.4206641
1.5232821
1.614082
1.6949443
1.7674696
1.8318451
1.8867029
1.9274007
1.9366764
1.8022432
0.8078153
0.41539366
0.41784127
0.42410858
0.43613773
0.45684953
0.49011365
0.54010189
0.6093964
0.69832651
0.80477188
0.92570561
1.0574512
1.1907043
1.3164496
1.4300865
1.5308249
1.6200848
1.6996997
1.7712246
1.834706
1.8887801
1.9287948
1.9374631
1.8025045
0.80767304
0.41263435
0.41545098
0.42250873
0.43576417
0.45820941
0.49380273
0.5465214
0.61853255
0.7098645
0.81801568
0.93991248
1.0717508
1.2037686
1.3275825
1.4391887
1.5381291
1.6259248
1.704354
1.774925
1.8375514
1.8908733
1.9302297
1.9383106
1.8028418
0.80758373
0.41005775
0.41325715
0.42113235
0.43565076
0.45987438
0.49782709
0.55325005
0.62789768
0.72148358
0.83120814
0.95398215
1.0857303
1.2164478
1.3383545
1.4479949
1.545213
1.6316131
1.7089132
1.778574
1.8403823
1.8929819
1.9317038
1.9392165
1.8032528
0.8075467
0.40766463
0.4112604
0.4199797
0.43579759
0.461846
0.50217728
0.56025854
0.63744996
0.73311901
0.84430243
0.96793022
1.0993934
1.2287483
1.3487809
1.4565209
1.5520832
1.6371439
1.7133761
1.7821658
1.8431929
1.8951007
1.9332121
1.9401762
1.8037337
0.80756135
0.4054557
0.40946127
0.41905099
0.43620454
0.46412417
0.50684266
0.56752214
0.6471653
0.74478094
0.85732255
0.98171401
1.1127382
1.240677
1.3588653
1.4647612
1.5587256
1.642491
1.7177346
1.7856729
1.8459535
1.8972041
1.9347346
1.9411748
1.8042746
0.80762375
0.4034316
0.40786024
0.41834626
0.43687076
0.46670508
0.51181126
0.57502348
0.65702847
0.75647248
0.87027072
0.99530869
1.1257641
1.2522427
1.3686154
1.4727312
1.5651717
1.6477065
1.7219992
1.7891042
1.8486606
1.8992801
1.9362565
1.9421986
1.8048643
0.80772727
0.40159291
0.40645763
0.41786524
0.43779447
0.46958178
0.51707063
0.58275078
0.66702803
0.7681913
0.8831406
1.0086972
1.1384724
1.2634572
1.378046
1.4804501
1.571442
1.6528068
1.726182
1.7924754
1.8513259
1.9013339
1.9377773
1.9432437
1.8054968
0.80786636
0.3999401
0.40525365
0.41760739
0.43897352
0.47274605
0.52260832
0.59069458
0.67715368
0.77993133
0.89592247
1.0218671
1.1508661
1.2743349
1.3871752
1.487936
1.57755
1.6578002
1.730292
1.7957989
1.8539632
1.9033773
1.9393052
1.944314
1.8061711
0.808038
0.39847355
0.40424838
0.41757213
0.44040642
0.47619027
0.52841156
0.59884533
0.68739482
0.79168408
0.90860539
1.0348088
1.1629504
1.2848914
1.3960222
1.4952049
1.5835061
1.6626931
1.7343355
1.799083
1.8565824
1.90542
1.9408475
1.9454121
1.8068833
0.80823973
0.39719357
0.40344187
0.41775908
0.44209333
0.47990838
0.53446667
0.60719216
0.69773993
0.80343951
0.92117823
1.0475158
1.1747322
1.2951429
1.4046053
1.5022713
1.5893195
1.6674909
1.7383177
1.8023336
1.8591901
1.9074687
1.9424101
1.9465429
1.8076373
0.80847157
0.39610039
0.40283414
0.41816815
0.44403549
0.48389537
0.54075971
0.61572277
0.7081766
0.81518677
0.93363047
1.0599836
1.1862195
1.3051051
1.4129418
1.5091487
1.5949985
1.6721987
1.7422426
1.8055542
1.8617901
1.9095276
1.9439973
1.9477106
1.8084376
0.8087352
0.39519421
0.40242524
0.41879929
0.44623351
0.48814614
0.54727829
0.62442419
0.71869159
0.82691365
0.94595191
1.07221
1.1974213
1.3147932
1.4210475
1.5158493
1.6005511
1.6768212
1.7461135
1.8087475
1.8643847
1.9115988
1.9456109
1.9489162
1.8092852
0.80903165
0.39447518
0.40221511
0.4196521
0.44868575
0.49265392
0.55400981
0.63327479
0.72924429
0.83858393
0.95815361
1.0841966
1.2083448
1.3242205
1.4289365
1.5223846
1.6059849
1.6813631
1.7499331
1.8119147
1.8669738
1.913681
1.9472482
1.9501557
1.8101813
0.80936112
0.39394336
0.40220355
0.42072561
0.45138797
0.49740963
0.56094012
0.64224709
0.73979371
0.85016837
0.97024473
1.0959465
1.2189939
1.333397
1.4366215
1.5287646
1.6113058
1.6858274
1.7537036
1.815057
1.8695579
1.9157739
1.9489092
1.9514297
1.8111241
0.80972318
0.39359868
0.40239016
0.42201826
0.45433422
0.50240302
0.56805706
0.65132507
0.75034555
0.8616809
0.98219903
1.1074594
1.2293736
1.3423276
1.4441032
1.5349823
1.6164975
1.6902113
1.757415
1.8181652
1.87213
1.917873
1.9505909
1.9527374
1.8121112
0.81011724
0.39344097
0.40277432
0.42352834
0.45751802
0.50762351
0.57535011
0.66049841
0.76090177
0.87312259
0.99400097
1.1187355
1.2394891
1.3510137
1.4513785
1.5410354
1.6215597
1.6945132
1.7610555
1.8212237
1.874675
1.9199652
1.952283
1.9540742
1.8131382
0.81054195
0.39346994
0.40335542
0.42525452
0.46093335
0.51306039
0.58280959
0.66975888
0.77146094
0.88448922
1.0056398
1.1297759
1.2493464
1.3594606
1.4584572
1.546943
1.6265212
1.6987394
1.7646323
1.8242327
1.8771878
1.9220434
1.9539784
1.9554311
1.8141988
0.81099402
0.39368525
0.40413288
0.42719623
0.46457506
0.51870274
0.59042593
0.67909856
0.78201901
0.8957744
1.0171075
1.1405822
1.2589523
1.3676776
1.4653516
1.5527176
1.6313912
1.7028968
1.7681552
1.8272003
1.8796723
1.9241078
1.9556758
1.9568044
1.8152886
0.81147023
0.39408654
0.40510627
0.42935343
0.46843862
0.52453993
0.59818934
0.68850915
0.79257011
0.90697088
1.0283976
1.1511563
1.2683152
1.3756761
1.4720732
1.5583676
1.6361746
1.7069907
1.7716317
1.830135
1.8821363
1.9261637
1.9573781
1.9581943
1.8164061
0.81196847
0.39467348
0.40627516
0.43172574
0.47251951
0.53056218
0.60608992
0.69798185
0.8031072
0.91807119
1.0395054
1.1615014
1.2774441
1.3834676
1.4786321
1.5638995
1.6408751
1.7110253
1.7750675
1.833044
1.8845871
1.928218
1.9590895
1.9596034
1.8175515
0.81248784
0.39544564
0.40763896
0.43431175
0.47681271
0.53676106
0.61411775
0.70750752
0.81362249
0.92906804
1.0504273
1.1716212
1.2863481
1.3910631
1.4850373
1.5693192
1.6454963
1.7150039
1.7784667
1.835932
1.8870302
1.9302762
1.9608144
1.9610345
1.8187261
0.81302829
0.39640252
0.40919678
0.43710877
0.48131257
0.54312924
0.62226303
0.71707688
0.82410782
0.93995457
1.0611608
1.1815199
1.2950362
1.3984729
1.4912973
1.5746319
1.6500415
1.7189295
1.7818324
1.8388028
1.8894692
1.9323416
1.9625553
1.9624894
1.8199307
0.81359005
0.39754341
0.41094735
0.44011308
0.48601293
0.54965998
0.63051616
0.72668064
0.83455489
0.95072444
1.0717047
1.1912022
1.303517
1.4057065
1.4974196
1.5798427
1.6545141
1.7228047
1.7851669
1.8416586
1.8919066
1.9344161
1.9643138
1.9639691
1.8211658
0.81417338
0.39886744
0.41288909
0.44332035
0.49090734
0.55634659
0.63886763
0.73630962
0.84495541
0.96137194
1.0820585
1.200673
1.3117988
1.4127724
1.5034112
1.5849564
1.6589172
1.7266317
1.788472
1.8445007
1.8943434
1.9365001
1.9660903
1.9654736
1.8224313
0.81477823
0.40037353
0.41502017
0.446726
0.49598917
0.563182
0.64730793
0.74595474
0.85530126
0.97189198
1.0922228
1.2099373
1.3198892
1.4196789
1.5092783
1.589977
1.6632532
1.7304129
1.7917497
1.8473304
1.8967802
1.9385942
1.9678846
1.9670026
1.8237268
0.81540441
0.40206047
0.41733868
0.4503255
0.50125165
0.5701586
0.65582758
0.7556071
0.86558456
0.98228006
1.1021985
1.2189996
1.3277933
1.4264267
1.5150153
1.5948924
1.667521
1.7341423
1.7949948
1.8501441
1.8992145
1.9406964
1.9696954
1.9685549
1.8250516
0.81605197
0.40392698
0.41984273
0.45411448
0.50668781
0.57726828
0.66441703
0.76525794
0.87579761
0.99253215
1.111987
1.2278635
1.3355127
1.4330127
1.5206176
1.5996989
1.6717196
1.7378115
1.7981956
1.8529316
1.9016381
1.9428003
1.9715178
1.9701271
1.8264033
0.81672029
0.40597174
0.42253052
0.45808868
0.51229035
0.58450188
0.67306495
0.77489256
0.88592752
1.0026489
1.1215901
1.2365313
1.3430502
1.4394443
1.5261006
1.6044199
1.6758523
1.7414242
1.8013516
1.8556877
1.9040439
1.9448989
1.9733457
1.9717143
1.8277785
0.81740779
0.40819346
0.42540028
0.46224386
0.5180513
0.59184867
0.68175696
0.7844912
0.89595922
1.0126344
1.1310099
1.2450046
1.3504105
1.4457305
1.531475
1.6090631
1.6799249
1.7449868
1.8044672
1.8584138
1.9064306
1.9469891
1.9751753
1.9733129
1.8291741
0.81811254
0.41059086
0.42845023
0.46657557
0.52396242
0.59929809
0.69048261
0.79405274
0.90589589
1.022479
1.1402471
1.2532862
1.357599
1.4518792
1.5367475
1.6136326
1.6839408
1.7485049
1.8075482
1.8611143
1.9088006
1.9490715
1.9770061
1.9749215
1.830588
0.8188328
0.41316259
0.43167836
0.47107912
0.53001543
0.60684014
0.69923357
0.80357476
0.91573609
1.0321767
1.1493026
1.2613804
1.3646218
1.4578972
1.5419234
1.6181321
1.6879024
1.7519824
1.8105993
1.8637938
1.9111579
1.9511491
1.9788398
1.9765409
1.8320198
0.81956744
0.41590721
0.43508232
0.4757495
0.53620225
0.61446546
0.70800249
0.81305364
0.92547657
1.0417235
1.1581779
1.2692924
1.3714851
1.4637898
1.5470066
1.622564
1.6918127
1.7554226
1.8136242
1.8664565
1.9135063
1.9532253
1.9806791
1.9781724
1.8334695
0.82031601
0.41882309
0.43865937
0.48058132
0.54251502
0.62216519
0.71678239
0.82248484
0.93511344
1.0511168
1.1668749
1.2770274
1.378195
1.4695623
1.5520014
1.6269296
1.695674
1.7588278
1.8166258
1.8691054
1.9158492
1.955303
1.9825262
1.9798177
1.8349379
0.82107848
0.42190839
0.44240635
0.4855689
0.54894608
0.62993081
0.72556641
0.83186317
0.94464265
1.0603547
1.1753959
1.284591
1.3847575
1.4752193
1.5569101
1.6312315
1.6994883
1.7622003
1.8196064
1.8717431
1.9181889
1.9573844
1.9843828
1.9814778
1.8364255
0.82185499
0.425161
0.44631966
0.49070627
0.55548791
0.63775407
0.73434774
0.84118315
0.95406028
1.0694362
1.1837435
1.2919885
1.3911783
1.4807659
1.5617345
1.6354718
1.7032574
1.7655415
1.8225675
1.8743709
1.9205269
1.9594707
1.9862499
1.9831532
1.8379324
0.82264557
0.42857854
0.45039542
0.49598724
0.56213299
0.64562687
0.74311957
0.85043912
0.96336266
1.0783609
1.1919204
1.2992249
1.3974629
1.4862054
1.5664768
1.6396516
1.7069829
1.7688532
1.8255106
1.8769904
1.9228643
1.9615628
1.9881282
1.9848443
1.8394588
0.82345027
0.43215837
0.4546294
0.50140541
0.56887377
0.65354122
0.75187513
0.85962545
0.9725464
1.0871288
1.1999293
1.3063033
1.4036102
1.4915286
1.5711242
1.6437704
1.7106592
1.7721308
1.828433
1.8795998
1.9252002
1.9636603
1.9900172
1.9865507
1.8410045
0.82426939
0.43589759
0.45901716
0.50695423
0.57570263
0.66148924
0.76060772
0.86873662
0.98160841
1.09574
1.2077719
1.3132242
1.4096181
1.4967328
1.5756773
1.6478268
1.7142806
1.7753666
1.8313274
1.8821936
1.9275304
1.9657599
1.9919146
1.9882708
1.8425683
0.82510283
0.43979307
0.46355403
0.51262699
0.58261185
0.66946312
0.7693107
0.87776732
0.99054589
1.1041948
1.2154494
1.3199892
1.4154907
1.5018304
1.5801527
1.6518227
1.7178496
1.7785597
1.8341902
1.8847668
1.9298499
1.9678573
1.9938168
1.9900018
1.8441486
0.82594967
0.44384143
0.46823515
0.51841686
0.58959362
0.67745518
0.77797756
0.88671251
0.99935636
1.1124932
1.2229636
1.3266032
1.4212326
1.5068287
1.5845557
1.6557612
1.7213708
1.7817131
1.837022
1.8873178
1.932156
1.9699492
1.9957208
1.9917411
1.8457432
0.82680864
0.44803905
0.47305547
0.52431689
0.59664006
0.6854578
0.78660194
0.89556742
1.0080375
1.1206355
1.2303162
1.3330692
1.426851
1.5117332
1.5888889
1.6596446
1.7248474
1.7848304
1.8398252
1.8898477
1.9344484
1.9720345
1.9976248
1.9934871
1.8473505
0.82767858
0.45238209
0.47800974
0.53032001
0.60374326
0.69346354
0.79517761
0.90432757
1.0165874
1.128622
1.2375104
1.3393903
1.4323516
1.5165478
1.5931544
1.6634747
1.7282822
1.7879147
1.8426029
1.892359
1.9367286
1.9741139
1.9995291
1.9952392
1.8489692
0.82855857
0.45686647
0.48309254
0.53641908
0.61089528
0.70146507
0.80369851
0.91298876
1.0250043
1.1364538
1.2445495
1.34557
1.4377383
1.5212754
1.5973538
1.6672532
1.7316769
1.7909683
1.8453577
1.8948542
1.9389988
1.9761891
2.0014346
1.9969979
1.8505993
0.82944805
0.46148786
0.48829823
0.54260683
0.61808822
0.70945524
0.81215882
0.9215471
1.0332867
1.1441314
1.2514354
1.3516136
1.4430154
1.5259186
1.6014888
1.6709814
1.7350332
1.7939931
1.8480918
1.8973354
1.9412611
1.9782618
2.0033426
1.9987638
1.8522406
0.83034669
0.46624166
0.493621
0.54887593
0.62531415
0.71742668
0.82055141
0.92999401
1.0414288
1.1516604
1.258169
1.3575246
1.448186
1.5304796
1.6055608
1.6746605
1.7383524
1.7969907
1.8508068
1.8998045
1.9435172
1.9803336
2.0052544
2.0005377
1.8538936
0.83125455
0.47112302
0.49905479
0.55521885
0.6325647
0.72537055
0.82886464
0.93831097
1.0494174
1.15905
1.2647542
1.3633046
1.4532523
1.5349605
1.6095714
1.6782918
1.7416353
1.799962
1.8535039
1.9022627
1.9457684
1.9824054
2.0071706
2.00232
1.8555583
0.8321717
0.47612679
0.5045933
0.56162789
0.63983132
0.73327819
0.8370909
0.94649966
1.0572604
1.166295
1.2711945
1.3689566
1.4582155
1.5393615
1.6135207
1.6818767
1.7448839
1.8029088
1.8561845
1.9047113
1.9480156
1.9844782
2.0090919
2.004111
1.8572348
0.8330982
0.48124752
0.51022999
0.56809517
0.64710549
0.74114174
0.84522501
0.95456133
1.064963
1.173392
1.2774889
1.3744723
1.4630579
1.5436604
1.6174083
1.6854063
1.7480907
1.8058263
1.8588462
1.9071489
1.9502584
1.9865517
2.0110181
2.0059107
1.8589233
0.8340344
0.48647944
0.51595808
0.57461277
0.65437899
0.74895416
0.85326288
0.96249577
1.0725246
1.1803414
1.2836371
1.3798526
1.4677879
1.5478747
1.6212321
1.6888798
1.7512517
1.8087096
1.8614843
1.9095721
1.952494
1.9886239
2.0129479
2.007718
1.8606229
0.83498004
0.49181648
0.52177055
0.58117277
0.66164391
0.75670906
0.8612009
0.97030221
1.0799444
1.1871435
1.2896401
1.3851019
1.4724127
1.5520106
1.6249936
1.6922999
1.7543677
1.8115571
1.8640959
1.9119774
1.9547193
1.9906922
2.0148789
2.0095313
1.8623328
0.83593446
0.49725225
0.52766018
0.5877673
0.66889278
0.76440063
0.86903613
0.97798155
1.0872195
1.193798
1.2955001
1.3902249
1.4769367
1.55607
1.628694
1.6956692
1.7574411
1.8143699
1.8666806
1.9143633
1.9569321
1.9927542
2.0168093
2.011349
1.8640514
0.83689686
0.50278007
0.5336196
0.5943886
0.67611848
0.77202341
0.87676528
0.98553094
1.0943506
1.2003059
1.30122
1.395226
1.4813632
1.560054
1.6323341
1.6989895
1.7604741
1.8171496
1.8692393
1.9167298
1.9591317
1.9948088
2.0187377
2.0131696
1.8657775
0.83786642
0.508393
0.53964132
0.60102908
0.68331427
0.77957239
0.88438616
0.9929473
1.101338
1.2066686
1.3068031
1.4001087
1.4856941
1.5639631
1.6359144
1.7022617
1.7634684
1.8198982
1.8717734
1.9190778
1.9613186
1.9968559
2.0206636
2.0149926
1.86751
0.83884234
0.51408382
0.54571771
0.60768127
0.69047378
0.78704289
0.89189648
1.000229
1.1081817
1.2128872
1.3122519
1.4048764
1.489932
1.5677984
1.6394355
1.7054867
1.7664249
1.8226169
1.8742844
1.9214086
1.9634937
1.9988963
2.0225874
2.0168178
1.8692486
0.83982379
0.51984514
0.55184108
0.61433785
0.6975908
0.79442992
0.89928966
1.0073672
1.1148601
1.2189406
1.317578
1.4095279
1.4940709
1.5715588
1.6428969
1.7086649
1.7693448
1.8253072
1.8767737
1.9237237
1.9656582
2.0009309
2.0245096
2.0186455
1.8709931
0.84081113
0.52566936
0.55800369
0.62099162
0.70465927
0.80172875
0.90655598
1.0143503
1.1213603
1.2248216
1.3227754
1.4140431
1.4980849
1.5752417
1.6462879
1.7117872
1.7722223
1.827966
1.8792401
1.9260226
1.9678123
2.0029599
2.0264305
2.0204755
1.8727431
0.84180421
0.53154872
0.56419773
0.62763537
0.71167285
0.80893152
0.91368983
1.0211758
1.1276925
1.2305409
1.3278275
1.4184291
1.501989
1.5788415
1.6496068
1.7148497
1.7750527
1.8305891
1.8816804
1.9283034
1.9699548
2.0049825
2.0283495
2.0223077
1.8744988
0.84280306
0.53747531
0.57041533
0.63426204
0.71862624
0.81602959
0.92068404
1.0278342
1.133834
1.2360406
1.332649
1.4226527
1.5057837
1.5823321
1.6528346
1.7178394
1.7778265
1.8331693
1.8840892
1.930562
1.9720824
2.0069964
2.0302648
2.0241406
1.8762592
0.84380891
0.54344114
0.57664868
0.64086485
0.72551122
0.82301621
0.92753112
1.0343174
1.1397795
1.2413402
1.3372941
1.4267397
1.5094576
1.5857023
1.6559557
1.7207411
1.7805309
1.8356962
1.886458
1.9327914
1.9741897
2.0089972
2.0321731
2.0259718
1.8780232
0.84482089
0.54943814
0.58288992
0.64743684
0.7323198
0.82988432
0.93422455
1.0406214
1.145534
1.2464591
1.3417883
1.4307029
1.5130143
1.5889542
1.6589655
1.7235456
1.7831545
1.8381586
1.8887769
1.9349832
1.9762698
2.0109795
2.0340703
2.0277988
1.8797889
0.84583709
0.55545829
0.58913174
0.65396939
0.73904504
0.83662747
0.94075976
1.0467465
1.1511058
1.251412
1.3461441
1.4345489
1.51646
1.5920945
1.6618666
1.7262504
1.7856914
1.8405485
1.8910372
1.9371292
1.9783153
2.0129371
2.0359515
2.0296177
1.8815533
0.84685576
0.56149369
0.59536556
0.6604548
0.74568019
0.84324016
0.94713427
1.0526955
1.1565036
1.2562094
1.350369
1.438282
1.5197999
1.5951299
1.6646648
1.7288579
1.7881403
1.8428621
1.8932334
1.9392232
1.9803202
2.0148644
2.037812
2.0314244
1.8833129
0.847875
0.56753576
0.60158295
0.66688556
0.75221899
0.84971804
0.95334733
1.0584723
1.1617351
1.2608591
1.354468
1.4419055
1.5230384
1.5980667
1.6673662
1.7313728
1.7905036
1.845099
1.8953635
1.9412619
1.9822805
2.0167574
2.0396478
2.0332154
1.8850642
0.84889271
0.5735759
0.6077756
0.67325437
0.75865574
0.8560579
0.95939941
1.0640813
1.1668067
1.2653668
1.358445
1.4454225
1.5261791
1.6009099
1.6699769
1.7338007
1.7927853
1.8472619
1.8974282
1.9432447
1.9841947
2.018614
2.0414565
2.034988
1.8868045
0.84990689
0.57960551
0.61393536
0.6795543
0.76498538
0.86225753
0.96529183
1.0695267
1.171724
1.2697374
1.3623033
1.4488356
1.5292254
1.6036642
1.6725023
1.736147
1.7949905
1.8493546
1.8994303
1.9451734
1.9860636
2.0204342
2.0432374
2.036741
1.8885318
0.8509159
0.58561609
0.62005429
0.68577879
0.77120355
0.86831559
0.97102642
1.0748126
1.1764917
1.273975
1.366046
1.4521473
1.5321804
1.6063336
1.6749475
1.7384174
1.7971246
1.8513821
1.901374
1.9470511
1.9878895
2.0222195
2.0449913
2.0384743
1.8902452
0.85191851
0.5915993
0.62612476
0.69192176
0.77730655
0.87423143
0.97660531
1.0799429
1.181114
1.2780831
1.3696758
1.4553601
1.5350469
1.6089219
1.6773171
1.740617
1.799193
1.8533494
1.9032639
1.9488819
1.9896756
2.0239723
2.0467198
2.0401885
1.8919441
0.85291393
0.59754702
0.6321395
0.69797764
0.78329124
0.8800049
0.98203084
1.0849212
1.185595
1.2820651
1.3731954
1.4584766
1.5378277
1.6114325
1.6796152
1.7427506
1.8012007
1.8552618
1.9051048
1.9506702
1.9914259
2.0256956
2.0484248
2.0418846
1.8936287
0.85390172
0.60345143
0.63809163
0.70394138
0.78915512
0.88563631
0.98730541
1.089751
1.189938
1.285924
1.3766074
1.4614991
1.5405256
1.6138688
1.6818458
1.7448227
1.8031526
1.857124
1.9069016
1.9524203
1.9931439
2.0273924
2.0501085
2.0435639
1.8952993
0.85488174
0.60930504
0.64397471
0.70980843
0.79489619
0.89112632
0.9924315
1.0944356
1.1941465
1.2896629
1.3799142
1.46443
1.5431431
1.6162338
1.6840126
1.7468375
1.8050531
1.8589407
1.9086585
1.9541363
1.9948332
2.0290656
2.0517731
2.0452277
1.8969565
0.85585403
0.61510079
0.64978276
0.71557478
0.80051291
0.89647582
0.9974116
1.0989782
1.1982236
1.2932844
1.3831185
1.4672718
1.5456829
1.6185304
1.686119
1.7487987
1.8069063
1.860716
1.9103796
1.9558218
1.996497
2.0307178
2.0534205
2.0468772
1.8986009
0.85681878
0.62083202
0.65551032
0.72123696
0.80600417
0.90168593
1.0022482
1.1033819
1.2021726
1.2967916
1.3862228
1.4700268
1.5481475
1.6207616
1.6881681
1.7507097
1.8087158
1.8624534
1.9120684
1.95748
1.9981381
2.0323512
2.0550523
2.0485135
1.9002331
0.85777619
0.62649257
0.66115243
0.72679196
0.81136922
0.90675793
1.0069439
1.1076497
1.2059963
1.3001872
1.3892295
1.4726974
1.5505393
1.6229299
1.6901629
1.7525738
1.8104848
1.8641563
1.9137279
1.9591137
1.9997588
2.0339677
2.0566698
2.0501373
1.9018536
0.85872654
0.63207677
0.66670462
0.73223728
0.81660765
0.91169325
1.0115012
1.1117847
1.2096979
1.3034738
1.3921412
1.4752861
1.5528607
1.6250379
1.6921059
1.7543937
1.8122163
1.8658274
1.9153608
1.9607252
2.0013611
2.0355688
2.0582743
2.0517496
1.9034629
0.85967006
0.63757945
0.67216292
0.73757082
0.82171935
0.91649345
1.0159226
1.1157897
1.2132801
1.3066542
1.3949603
1.4777952
1.5551141
1.627088
1.6939998
1.7561719
1.8139126
1.867469
1.9169691
1.9623163
2.0029466
2.0371558
2.0598666
2.0533508
1.9050615
0.86060701
0.64299594
0.67752385
0.74279092
0.8267045
0.92116018
1.0202107
1.1196676
1.2167459
1.3097312
1.3976894
1.4802269
1.5573018
1.6290824
1.6958467
1.7579107
1.815576
1.8690833
1.9185549
1.9638888
2.0045164
2.0387296
2.0614474
2.0549416
1.9066497
0.86153758
0.6483221
0.68278438
0.7478963
0.83156351
0.92569519
1.0243679
1.1234214
1.2200983
1.3127073
1.4003309
1.4825837
1.5594258
1.6310232
1.6976488
1.7596121
1.8172084
1.870672
1.9201195
1.9654438
2.0060718
2.040291
2.0630172
2.0565221
1.9082278
0.86246197
0.65355424
0.68794193
0.75288601
0.836297
0.93010034
1.0283971
1.127054
1.2233399
1.3155854
1.4028872
1.4848677
1.5614884
1.6329125
1.6994079
1.7612779
1.8188114
1.8722366
1.9216642
1.9669825
2.0076134
2.0418406
2.0645766
2.0580929
1.9097961
0.86338033
0.6586892
0.69299433
0.75775943
0.84090582
0.93437757
1.0323006
1.1305681
1.2264738
1.318368
1.4053608
1.4870812
1.5634914
1.6347521
1.7011257
1.7629097
1.8203864
1.8737782
1.9231902
1.9685055
2.0091419
2.0433789
2.0661258
2.059654
1.9113547
0.86429279
0.66372423
0.69793981
0.76251622
0.84539096
0.9385289
1.0360812
1.1339668
1.2295026
1.3210577
1.4077541
1.4892262
1.565437
1.6365437
1.702804
1.764509
1.8219348
1.875298
1.9246982
1.9700137
2.0106578
2.0449062
2.067665
2.0612057
1.9129039
0.86519947
0.66865704
0.70277698
0.76715634
0.84975361
0.94255644
1.0397414
1.1372527
1.2324293
1.3236572
1.4100694
1.491305
1.5673269
1.6382891
1.704444
1.7660769
1.8234576
1.8767968
1.926189
1.9715075
2.0121614
2.0464228
2.0691945
2.0627481
1.9144437
0.86610044
0.67348576
0.70750478
0.77167997
0.8539951
0.94646234
1.0432841
1.1404287
1.2352565
1.326169
1.412309
1.4933195
1.5691629
1.6399899
1.7060473
1.7676146
1.8249557
1.8782755
1.9276632
1.9729874
2.0136532
2.0479289
2.0707144
2.0642813
1.9159743
0.86699577
0.67820887
0.71212248
0.77608753
0.85811688
0.95024882
1.0467117
1.1434977
1.237987
1.3285957
1.4144752
1.4952718
1.5709469
1.6416474
1.7076151
1.7691233
1.82643
1.8797347
1.9291212
1.9744538
2.0151333
2.0494247
2.0722247
2.0658053
1.9174957
0.86788551
0.68282526
0.71662966
0.78037965
0.86212055
0.95391817
1.050027
1.1464625
1.2406236
1.3309399
1.4165703
1.4971637
1.5726804
1.6432631
1.7091484
1.7706038
1.8278813
1.8811749
1.9305634
1.9759068
2.0166019
2.0509101
2.0737256
2.0673203
1.9190079
0.86876969
0.68733412
0.72102616
0.78455714
0.86600778
0.95747271
1.0532327
1.1493258
1.2431689
1.3332038
1.4185964
1.4989973
1.5743651
1.6448385
1.7106486
1.772057
1.8293103
1.8825966
1.9319904
1.9773468
2.0180592
2.0523855
2.075217
2.0688262
1.9205111
0.86964834
0.69173497
0.72531209
0.78862099
0.86978038
0.96091483
1.0563315
1.1520905
1.2456256
1.3353901
1.4205557
1.5007744
1.5760025
1.6463747
1.7121165
1.7734839
1.8307175
1.8840004
1.9334022
1.978774
2.0195053
2.0538507
2.0766991
2.070323
1.9220052
0.87052147
0.69602762
0.72948779
0.79257236
0.87344023
0.96424692
1.059326
1.1547592
1.2479964
1.3375012
1.4224503
1.5024967
1.5775942
1.647873
1.7135532
1.774885
1.8321035
1.8853867
1.9347993
1.9801886
2.0209402
2.0553059
2.0781718
2.0718108
1.9234902
0.87138908
0.70021212
0.7335538
0.79641252
0.87698929
0.96747143
1.062219
1.1573348
1.2502838
1.3395393
1.4242823
1.5041661
1.5791416
1.6493346
1.7149597
1.7762613
1.833469
1.8867558
1.936182
1.9815906
2.0223641
2.0567511
2.0796351
2.0732896
1.9249662
0.87225118
0.70428879
0.73751088
0.80014289
0.88042959
0.97059082
1.0650132
1.1598198
1.2524904
1.3415067
1.4260537
1.5057842
1.5806462
1.6507607
1.7163368
1.7776133
1.8348144
1.8881082
1.9375504
1.9829804
2.0237772
2.0581863
2.0810892
2.0747595
1.9264332
0.87310776
0.70825817
0.74135995
0.80376502
0.88376322
0.97360757
1.0677111
1.1622171
1.2546187
1.3434059
1.4277666
1.5073528
1.5821094
1.6521524
1.7176855
1.7789418
1.8361403
1.8894441
1.9389048
1.984358
2.0251794
2.0596117
2.082534
2.0762203
1.9278911
0.87395881
0.71212098
0.74510211
0.80728054
0.88699233
0.97652418
1.0703156
1.1645291
1.2566712
1.345239
1.4294228
1.5088736
1.5835326
1.6535109
1.7190066
1.7802475
1.8374472
1.890764
1.9402455
1.9857237
2.0265709
2.0610273
2.0839696
2.0776721
1.92934
0.87480433
0.71587814
0.7487386
0.81069118
0.89011911
0.97934314
1.0728291
1.1667586
1.2586504
1.3470083
1.4310244
1.5103481
1.584917
1.6548371
1.720301
1.781531
1.8387354
1.8920682
1.9415728
1.9870775
2.0279519
2.0624331
2.0853959
2.079115
1.9307799
0.8756443
0.71953073
0.75227077
0.81399877
0.89314578
0.98206698
1.0752543
1.1689081
1.2605587
1.3487158
1.4325731
1.511778
1.5862641
1.6561322
1.7215696
1.7827929
1.8400056
1.8933571
1.9428868
1.9884197
2.0293223
2.0638293
2.086813
2.0805489
1.9322107
0.8764787
0.72307997
0.75570013
0.81720519
0.8960746
0.98469818
1.0775939
1.1709801
1.2623984
1.3503638
1.4340708
1.5131648
1.587575
1.6573972
1.722813
1.7840339
1.8412582
1.894631
1.9441878
1.9897504
2.0306823
2.0652158
2.088221
2.0819739
1.9336326
0.87730754
0.72652722
0.75902826
0.82031239
0.89890786
0.98723924
1.0798503
1.1729772
1.2641718
1.3519543
1.4355194
1.5145101
1.5888512
1.6586332
1.7240323
1.7852546
1.8424937
1.8958902
1.9454761
1.9910698
2.0320321
2.0665928
2.08962
2.08339
1.9350454
0.87813081
0.72987396
0.76225684
0.82332239
0.90164786
0.98969264
1.0820262
1.1749017
1.2658813
1.3534893
1.4369206
1.5158153
1.5900937
1.6598411
1.7252281
1.7864556
1.8437125
1.8971352
1.946752
1.9923781
2.0333718
2.0679603
2.0910099
2.0847972
1.9364492
0.87894849
0.73312178
0.76538765
0.82623723
0.9042969
0.99206087
1.0841239
1.1767561
1.2675291
1.3549709
1.4382762
1.5170819
1.5913039
1.6610219
1.7264013
1.7876377
1.8449153
1.8983664
1.9480157
1.9936756
2.0347016
2.0693185
2.0923908
2.0861956
1.937844
0.87976058
0.73627233
0.76842251
0.82905901
0.9068573
0.99434637
1.0861461
1.1785428
1.2691173
1.356401
1.4395878
1.5183114
1.5924829
1.6621767
1.7275526
1.7888013
1.8461023
1.899584
1.9492675
1.9949624
2.0360215
2.0706675
2.0937629
2.0875852
1.9392299
0.88056709
0.73932737
0.77136332
0.83178984
0.90933139
0.99655156
1.088095
1.1802642
1.2706482
1.3577815
1.4408571
1.5195052
1.5936319
1.6633064
1.7286829
1.7899472
1.8472742
1.9007884
1.9505078
1.9962387
2.0373318
2.0720074
2.0951262
2.0889661
1.9406068
0.88136801
0.74228873
0.77421203
0.83443188
0.91172149
0.99867887
1.0899732
1.1819224
1.2721238
1.3591144
1.4420859
1.5206648
1.5947522
1.6644119
1.7297929
1.7910759
1.8484315
1.9019802
1.9517367
1.9975048
2.0386326
2.0733383
2.0964807
2.0903383
1.9419749
0.88216335
0.74515827
0.77697064
0.83698728
0.91402989
1.0007307
1.091783
1.1835198
1.2735462
1.3604015
1.4432756
1.5217914
1.5958448
1.6654943
1.7308835
1.7921881
1.8495745
1.9031596
1.9529547
1.9987609
2.0399241
2.0746603
2.0978266
2.0917018
1.9433341
0.88295311
0.74793794
0.77964116
0.83945822
0.91625891
1.0027093
1.0935266
1.1850585
1.2749175
1.3616445
1.4444279
1.5228864
1.5969109
1.6665544
1.7319553
1.7932844
1.8507039
1.904327
1.954162
2.0000073
2.0412065
2.0759736
2.099164
2.0930569
1.9446844
0.88373732
0.75062968
0.78222565
0.84184688
0.91841083
1.0046171
1.0952064
1.1865407
1.2762395
1.3628453
1.4455443
1.5239511
1.5979516
1.6675932
1.7330091
1.7943654
1.8518201
1.9054828
1.9553589
2.0012442
2.0424799
2.0772783
2.100493
2.0944034
1.946026
0.88451599
0.75323551
0.78472618
0.84415544
0.92048791
1.0064564
1.0968246
1.1879686
1.2775143
1.3640056
1.4466264
1.524987
1.5989681
1.6686116
1.7340457
1.7954317
1.8529237
1.9066275
1.9565457
2.0024717
2.0437446
2.0785746
2.1018136
2.0957415
1.9473589
0.88528914
0.75575745
0.78714483
0.84638608
0.9224924
1.0082294
1.0983834
1.1893441
1.2787437
1.365127
1.4476755
1.5259951
1.5999612
1.6696105
1.7350658
1.796484
1.854015
1.9077614
1.9577229
2.0036903
2.0450008
2.0798626
2.103126
2.0970713
1.9486831
0.88605678
0.75819754
0.78948371
0.84854096
0.92442651
1.0099383
1.099885
1.1906694
1.2799297
1.3662113
1.4486932
1.5269768
1.6009322
1.6705907
1.7360702
1.7975228
1.8550947
1.908885
1.9588906
2.0049001
2.0462486
2.0811425
2.1044303
2.0983928
1.9499987
0.88681896
0.76055783
0.79174491
0.85062226
0.92629246
1.0115853
1.1013314
1.1919463
1.2810739
1.36726
1.4496808
1.5279333
1.6018821
1.6715533
1.7370596
1.7985488
1.8561631
1.9099986
1.9600492
2.0061014
2.0474883
2.0824144
2.1057267
2.0997062
1.9513058
0.88757569
0.76284039
0.79393052
0.85263211
0.92809239
1.0131726
1.1027247
1.1931769
1.2821782
1.3682747
1.4506398
1.5288657
1.6028119
1.6724989
1.7380346
1.7995625
1.8572209
1.9111026
1.9611991
2.0072945
2.04872
2.0836784
2.1070152
2.1010116
1.9526044
0.88832701
0.76504728
0.79604264
0.85457263
0.92982846
1.0147022
1.104067
1.194363
1.2832443
1.369257
1.4515715
1.5297753
1.6037225
1.6734285
1.7389961
1.8005645
1.8582684
1.9121974
1.9623405
2.0084796
2.049944
2.0849348
2.108296
2.1023089
1.9538946
0.88907297
0.76718056
0.79808334
0.85644594
0.93150275
1.0161762
1.1053601
1.1955064
1.2842738
1.3702084
1.4524773
1.5306632
1.604615
1.6743428
1.7399447
1.8015555
1.8593061
1.9132834
1.9634738
2.009657
2.0511605
2.0861838
2.1095691
2.1035984
1.9551766
0.8898136
0.76924227
0.80005469
0.85825411
0.93311736
1.0175967
1.1066062
1.196609
1.2852685
1.3711303
1.4533583
1.5315304
1.6054903
1.6752427
1.740881
1.8025358
1.8603346
1.9143611
1.9645992
2.0108268
2.0523696
2.0874253
2.1108348
2.1048801
1.9564503
0.89054894
0.77123446
0.80195875
0.85999919
0.9346743
1.0189657
1.1078069
1.1976725
1.2862298
1.3720241
1.4542158
1.5323781
1.6063493
1.676129
1.7418058
1.8035062
1.8613542
1.9154307
1.9657172
2.0119895
2.0535716
2.0886598
2.1120932
2.1061542
1.9577158
0.89127905
0.77315916
0.80379753
0.86168321
0.93617558
1.0202849
1.1089642
1.1986986
1.2871594
1.3728913
1.4550512
1.5332074
1.607193
1.6770024
1.7427197
1.8044672
1.8623655
1.9164926
1.9668279
2.0131452
2.0547667
2.0898872
2.1133444
2.1074207
1.9589734
0.89200396
0.77501837
0.80557304
0.86330817
0.93762317
1.0215565
1.1100799
1.1996889
1.2880588
1.3737332
1.4558655
1.5340192
1.6080222
1.6778638
1.7436233
1.8054192
1.8633688
1.9175473
1.9679318
2.0142942
2.0559551
2.0911078
2.1145885
2.1086798
1.960223
0.89272375
0.77681406
0.80728728
0.86487604
0.93901898
1.0227821
1.1111557
1.2006452
1.2889294
1.374551
1.4566599
1.5348146
1.6088378
1.6787137
1.7445172
1.8063629
1.8643646
1.9185951
1.969029
2.0154367
2.057137
2.0923217
2.1158256
2.1099315
1.9614648
0.89343845
0.77854822
0.80894218
0.86638873
0.94036491
1.0239637
1.1121933
1.2015689
1.2897726
1.3753461
1.4574355
1.5355946
1.6096406
1.679553
1.7454021
1.8072987
1.8653534
1.9196363
1.97012
2.016573
2.0583126
2.0935291
2.117056
2.1111761
1.9626988
0.89414813
0.78022276
0.81053967
0.86784816
0.9416628
1.025103
1.1131943
1.2024616
1.29059
1.3761198
1.4581935
1.53636
1.6104315
1.6803823
1.7462785
1.8082271
1.8663355
1.9206713
1.971205
2.0177032
2.0594821
2.0947302
2.1182797
2.1124135
1.9639251
0.89485284
0.7818396
0.81208165
0.86925618
0.94291445
1.0262016
1.1141605
1.2033249
1.2913827
1.3768731
1.4589349
1.5371119
1.6112112
1.6812024
1.7471471
1.8091486
1.8673114
1.9217004
1.9722842
2.0188278
2.0606456
2.095925
2.1194968
2.1136439
1.965144
0.89555266
0.78340062
0.81356999
0.87061461
0.94412163
1.0272614
1.1150933
1.20416
1.2921521
1.3776074
1.4596606
1.537851
1.6119805
1.6820138
1.7480083
1.8100636
1.8682814
1.9227239
1.9733579
2.0199467
2.0618034
2.0971139
2.1207076
2.1148675
1.9663554
0.89624763
0.78490766
0.8150065
0.87192525
0.94528607
1.0282839
1.1159944
1.2049685
1.2928995
1.3783236
1.4603718
1.5385783
1.6127401
1.6828172
1.7488627
1.8109727
1.8692459
1.9237423
1.9744265
2.0210604
2.0629557
2.0982969
2.121912
2.1160843
1.9675594
0.89693783
0.78636254
0.81639299
0.87318985
0.94640945
1.0292708
1.1168651
1.2057517
1.2936261
1.3790229
1.4610693
1.5392946
1.6134908
1.6836132
1.7497108
1.8118763
1.8702053
1.9247557
1.9754901
2.022169
2.0641026
2.0994741
2.1231104
2.1172944
1.9687563
0.89762332
0.78776704
0.81773121
0.87441012
0.94749341
1.0302235
1.1177069
1.2065109
1.2943331
1.3797064
1.4617541
1.5400007
1.6142333
1.6844024
1.7505532
1.8127748
1.87116
1.9257644
1.9765491
2.0232727
2.0652443
2.1006458
2.1243028
2.1184981
1.9699461
0.89830418
0.7891229
0.81902289
0.87558773
0.94853956
1.0311436
1.1185213
1.2072475
1.2950217
1.3803751
1.4624271
1.5406974
1.6149682
1.6851855
1.7513903
1.8136685
1.8721103
1.9267689
1.9776036
2.0243717
2.066381
2.1018121
2.1254892
2.1196953
1.9711289
0.89898046
0.79043185
0.82026972
0.87672432
0.94954946
1.0320326
1.1193095
1.2079625
1.2956929
1.3810299
1.4630891
1.5413854
1.6156961
1.6859628
1.7522226
1.814558
1.8730565
1.9277693
1.9786539
2.0254663
2.0675128
2.1029732
2.12667
2.1208863
1.9723047
0.89965224
0.79169556
0.82147334
0.87782149
0.95052463
1.0328918
1.120073
1.2086573
1.2963479
1.3816719
1.463741
1.5420655
1.6164178
1.686735
1.7530505
1.8154435
1.8739989
1.9287659
1.9797003
2.0265565
2.06864
2.1041291
2.1278451
2.1220711
1.9734739
0.9003196
0.79291567
0.82263537
0.8788808
0.95146656
1.0337228
1.1208129
1.2093331
1.2969876
1.3823019
1.4643836
1.5427384
1.6171337
1.6875026
1.7538745
1.8163255
1.874938
1.929759
1.9807428
2.0276427
2.0697627
2.10528
2.1290148
2.1232498
1.9746364
0.90098259
0.79409378
0.82375738
0.87990376
0.95237668
1.0345267
1.1215306
1.2099908
1.2976131
1.3829208
1.4650177
1.5434046
1.6178446
1.6882661
1.754695
1.8172043
1.8758739
1.9307489
1.9817819
2.028725
2.070881
2.106426
2.130179
2.1244226
1.9757923
0.9016413
0.79523146
0.82484092
0.88089185
0.95325639
1.035305
1.1222272
1.2106316
1.2982254
1.3835296
1.465644
1.544065
1.6185508
1.6890259
1.7555124
1.8180803
1.8768069
1.9317357
1.9828176
2.0298035
2.0719951
2.1075674
2.1313381
2.1255896
1.9769419
0.9022958
0.79633024
0.82588748
0.88184652
0.95410706
1.0360589
1.1229039
1.2112567
1.2988253
1.3841289
1.4662632
1.54472
1.619253
1.6897825
1.756327
1.8189536
1.8777374
1.9327197
1.9838502
2.0308784
2.0731052
2.1087042
2.132492
2.1267509
1.9780851
0.90294616
0.79739162
0.82689853
0.88276918
0.95493
1.0367896
1.1235617
1.2118668
1.2994139
1.3847196
1.466876
1.5453703
1.6199517
1.6905363
1.7571393
1.8198248
1.8786655
1.9337011
1.9848798
2.03195
2.0742113
2.1098365
2.1336409
2.1279065
1.9792221
0.90359245
0.79841705
0.82787549
0.88366117
0.95572651
1.0374983
1.1242019
1.2124632
1.2999919
1.3853025
1.4674831
1.5460164
1.6206473
1.6912878
1.7579496
1.820694
1.8795916
1.9346802
1.9859067
2.0330183
2.0753137
2.1109645
2.1347849
2.1290567
1.9803531
0.90423475
0.79940795
0.82881975
0.88452384
0.95649783
1.0381862
1.1248254
1.2130466
1.3005601
1.3858782
1.4680851
1.546659
1.6213403
1.6920373
1.7587581
1.8215616
1.8805158
1.9356571
1.9869309
2.0340835
2.0764124
2.1120883
2.1359241
2.1302015
1.9814781
0.90487313
0.80036571
0.82973266
0.88535847
0.95724517
1.0388543
1.1254332
1.2136179
1.3011194
1.3864475
1.4686826
1.5472984
1.6220312
1.6927852
1.7595654
1.8224277
1.8814385
1.9366321
1.9879528
2.0351457
2.0775076
2.113208
2.1370587
2.1313411
1.9825972
0.90550767
0.80129166
0.83061555
0.88616632
0.95796969
1.0395038
1.1260264
1.2141782
1.3016706
1.3870111
1.4692762
1.5479353
1.6227203
1.6935318
1.7603715
1.8232927
1.8823597
1.9376052
1.9889723
2.0362051
2.0785994
2.1143238
2.1381887
2.1324755
1.9837106
0.90613843
0.80218713
0.83146967
0.88694859
0.95867253
1.0401357
1.1266058
1.2147281
1.3022144
1.3875696
1.4698664
1.54857
1.6234081
1.6942775
1.7611768
1.8241569
1.8832797
1.9385768
1.9899898
2.0372618
2.0796879
2.1154356
2.1393143
2.1336048
1.9848184
0.90676549
0.80305338
0.83229628
0.88770648
0.95935479
1.040751
1.1271723
1.2152685
1.3027514
1.3881235
1.4704537
1.549203
1.624095
1.6950227
1.7619817
1.8250203
1.8841987
1.9395468
1.9910052
2.038316
2.0807733
2.1165437
2.1404355
2.1347292
1.9859206
0.90738893
0.80389166
0.83309658
0.88844111
0.96001752
1.0413506
1.1277269
1.2158002
1.3032824
1.3886735
1.4710388
1.5498348
1.6247812
1.6957675
1.7627862
1.8258833
1.8851169
1.9405156
1.9920188
2.0393677
2.0818556
2.1176482
2.1415525
2.1358488
1.9870174
0.9080088
0.80470316
0.83387175
0.88915361
0.96066177
1.0419355
1.1282703
1.2163239
1.303808
1.3892202
1.4716219
1.5504657
1.6254672
1.6965123
1.7635908
1.826746
1.8860345
1.9414832
1.9930307
2.0404171
2.082935
2.1187491
2.1426653
2.1369636
1.988109
0.9086252
0.80548906
0.83462292
0.88984505
0.96128852
1.0425066
1.1288035
1.2168403
1.3043288
1.389764
1.4722037
1.5510962
1.6261532
1.6972574
1.7643955
1.8276086
1.8869515
1.9424498
1.9940409
2.0414643
2.0840116
2.1198466
2.1437741
2.1380737
1.9891953
0.90923818
0.80625049
0.83535118
0.89051646
0.96189873
1.0430648
1.129327
1.21735
1.3048454
1.3903056
1.4727844
1.5517265
1.6268397
1.6980031
1.7652006
1.8284714
1.8878682
1.9434156
1.9950497
2.0425093
2.0850854
2.1209406
2.1448789
2.1391793
1.9902765
0.90984781
0.80698855
0.83605762
0.89116885
0.96249332
1.0436109
1.1298418
1.2178539
1.3053584
1.3908452
1.4733646
1.5523571
1.6275267
1.6987494
1.7660063
1.8293344
1.8887847
1.9443805
1.9960571
2.0435524
2.0861565
2.1220315
2.1459799
2.1402805
1.9913527
0.91045418
0.8077043
0.83674326
0.8918032
0.9630732
1.0441456
1.1303484
1.2183524
1.3058683
1.3913835
1.4739446
1.5529882
1.6282147
1.6994967
1.7668129
1.8301978
1.8897012
1.9453448
1.9970632
2.0445935
2.0872251
2.1231191
2.1470771
2.1413773
1.9924241
0.91105734
0.80839879
0.8374091
0.89242044
0.96363921
1.0446699
1.1308476
1.2188461
1.3063756
1.3919208
1.4745247
1.5536201
1.6289038
1.7002453
1.7676203
1.8310618
1.8906176
1.9463085
1.9980681
2.0456328
2.0882912
2.1242036
2.1481706
2.1424698
1.9934906
0.91165736
0.80907301
0.83805612
0.89302149
0.96419221
1.0451844
1.1313401
1.2193357
1.3068808
1.3924575
1.4751054
1.5542532
1.6295944
1.7009951
1.7684289
1.8319264
1.8915342
1.9472718
1.999072
2.0466703
2.0893549
2.1252851
2.1492605
2.1435581
1.9945525
0.91225431
0.80972793
0.83868525
0.89360722
0.96473297
1.0456898
1.1318264
1.2198216
1.3073843
1.3929941
1.4756868
1.5548877
1.6302865
1.7017465
1.7692388
1.8327919
1.8924511
1.9482348
2.0000748
2.0477061
2.0904162
2.1263637
2.1503468
2.1446424
1.9956097
0.91284826
0.81036449
0.83929741
0.89417848
0.96526228
1.0461868
1.1323072
1.2203044
1.3078866
1.3935309
1.4762694
1.5555239
1.6309805
1.7024997
1.77005
1.8336583
1.8933684
1.9491974
2.0010766
2.0487404
2.0914753
2.1274394
2.1514297
2.1457227
1.9966625
0.91343926
0.81098361
0.83989346
0.89473608
0.96578087
1.0466762
1.132783
1.2207845
1.3083882
1.3940682
1.4768534
1.5561619
1.6316764
1.7032547
1.7708628
1.8345258
1.894286
1.9501599
2.0020776
2.0497731
2.0925323
2.1285123
2.1525093
2.146799
1.9977108
0.91402739
0.81158615
0.84047425
0.89528083
0.96628947
1.0471584
1.1332544
1.2212625
1.3088893
1.3946064
1.4774391
1.556802
1.6323746
1.7040117
1.7716772
1.8353944
1.8952042
1.9511222
2.0030778
2.0508043
2.0935871
2.1295825
2.1535855
2.1478715
1.9987548
0.91461271
0.81217297
0.84104061
0.89581346
0.96678875
1.0476342
1.1337219
1.2217388
1.3093904
1.3951457
1.4780267
1.5574443
1.633075
1.7047708
1.7724933
1.8362641
1.896123
1.9520845
2.0040773
2.0518342
2.0946399
2.13065
2.1546586
2.1489402
1.9997946
0.91519528
0.81274488
0.84159332
0.89633472
0.96727937
1.048104
1.134186
1.2222138
1.3098918
1.3956865
1.4786165
1.5580892
1.633778
1.7055321
1.7733112
1.8371352
1.8970425
1.9530467
2.0050761
2.0528626
2.0956906
2.131715
2.1557284
2.1500053
2.0008303
0.91577515
0.81330269
0.84213314
0.89684532
0.96776197
1.0485685
1.1346472
1.2226878
1.3103939
1.396229
1.4792086
1.5587367
1.6344835
1.7062958
1.7741311
1.8380076
1.8979627
1.954009
2.0060742
2.0538898
2.0967395
2.1327774
2.1567952
2.1510667
2.0018619
0.9163524
0.81384714
0.84266081
0.89734592
0.96823714
1.0490282
1.1351058
1.2231613
1.3108968
1.3967734
1.4798032
1.5593869
1.6351918
1.707062
1.7749529
1.8388814
1.8988836
1.9549714
2.0070718
2.0549157
2.0977864
2.1338373
2.157859
2.1521247
2.0028895
0.91692708
0.81437899
0.84317703
0.89783717
0.96870548
1.0494835
1.1355625
1.2236347
1.3114011
1.3973201
1.4804006
1.5600401
1.6359029
1.7078307
1.7757768
1.8397567
1.8998054
1.955934
2.0080688
2.0559405
2.0988316
2.1348948
2.1589198
2.1531791
2.0039133
0.91749924
0.81489893
0.84368249
0.89831972
0.96916754
1.049935
1.1360174
1.2241081
1.3119068
1.3978691
1.4810009
1.5606964
1.636617
1.7086019
1.7766028
1.8406335
1.900728
1.9568967
2.0090653
2.056964
2.0998749
2.1359499
2.1599778
2.1542302
2.0049332
0.91806894
0.81540766
0.84417784
0.89879415
0.96962384
1.0503831
1.1364711
1.2245821
1.3124142
1.3984208
1.4816043
1.5613558
1.637334
1.7093759
1.777431
1.8415119
1.9016515
1.9578596
2.0100614
2.0579864
2.1009165
2.1370028
2.1610329
2.155278
2.0059494
0.91863623
0.81590584
0.8446637
0.89926104
0.97007491
1.0508283
1.1369239
1.2250568
1.3129237
1.3989752
1.4822108
1.5620185
1.6380542
1.7101525
1.7782614
1.8423918
1.902576
1.9588228
2.011057
2.0590078
2.1019564
2.1380533
2.1620852
2.1563225
2.006962
0.91920118
0.81639409
0.8451407
0.89972095
0.97052122
1.0512709
1.1373762
1.2255325
1.3134353
1.3995326
1.4828207
1.5626846
1.6387776
1.7109319
1.779094
1.8432734
1.9035014
1.9597862
2.0120522
2.0600281
2.1029946
2.1391017
2.1631348
2.1573638
2.0079709
0.91976383
0.81687303
0.84560941
0.9001744
0.97096324
1.0517114
1.1378282
1.2260095
1.3139494
1.4000931
1.483434
1.5633541
1.6395041
1.7117142
1.7799288
1.8441566
1.9044277
1.9607499
2.013047
2.0610473
2.1040312
2.1401479
2.1641817
2.158402
2.0089764
0.92032424
0.81734325
0.84607038
0.90062191
0.97140141
1.0521501
1.1382803
1.2264881
1.314466
1.4006568
1.4840508
1.5640272
1.6402339
1.7124992
1.7807659
1.8450414
1.9053551
1.9617139
2.0140414
2.0620656
2.1050662
2.1411919
2.165226
2.1594371
2.0099785
0.92088245
0.81780531
0.84652416
0.90106395
0.97183616
1.0525875
1.1387327
1.2269684
1.3149855
1.4012239
1.4846713
1.5647038
1.6409671
1.7132872
1.7816054
1.845928
1.9062834
1.9626783
2.0150356
2.0630829
2.1060997
2.1422339
2.1662678
2.1604693
2.0109771
0.92143852
0.81825975
0.84697126
0.901501
0.97226788
1.0530237
1.1391858
1.2274507
1.3155078
1.4017945
1.4852954
1.5653841
1.6417035
1.714078
1.7824471
1.8468161
1.9072127
1.9636429
2.0160293
2.0640992
2.1071316
2.1432738
2.167307
2.1614984
2.0119725
0.92199249
0.81870709
0.84741218
0.9019335
0.97269697
1.0534592
1.1396397
1.2279352
1.3160332
1.4023687
1.4859233
1.566068
1.6424433
1.7148716
1.7832912
1.847706
1.9081431
1.9646079
2.0170228
2.0651147
2.1081621
2.1443117
2.1683438
2.1625247
2.0129647
0.92254441
0.81914784
0.84784738
0.90236187
0.97312378
1.0538942
1.1400948
1.228422
1.3165618
1.4029465
1.486555
1.5667556
1.6431865
1.7156682
1.7841375
1.8485975
1.9090744
1.9655732
2.0180159
2.0661291
2.109191
2.1453476
2.1693781
2.1635482
2.0139537
0.92309432
0.81958246
0.84827732
0.90278651
0.97354866
1.054329
1.1405512
1.2289114
1.3170937
1.4035281
1.4871906
1.5674469
1.6439331
1.7164677
1.7849862
1.8494907
1.9100067
1.9665389
2.0190088
2.0671427
2.1102186
2.1463815
2.17041
2.1645688
2.0149396
0.92364227
0.82001143
0.84870244
0.90320782
0.97397193
1.054764
1.1410092
1.2294034
1.317629
1.4041135
1.4878302
1.568142
1.6446831
1.7172701
1.7858372
1.8503855
1.91094
1.9675049
2.0200013
2.0681555
2.1112446
2.1474136
2.1714396
2.1655868
2.0159224
0.92418831
0.82043517
0.84912314
0.90362615
0.97439391
1.0551992
1.1414689
1.2298982
1.3181679
1.4047027
1.4884736
1.5688409
1.6454364
1.7180753
1.7866904
1.851282
1.9118743
1.9684712
2.0209936
2.0691673
2.1122693
2.1484438
2.1724669
2.166602
2.0169023
0.92473247
0.8208541
0.84953982
0.90404187
0.9748149
1.0556351
1.1419305
1.2303959
1.3187103
1.405296
1.489121
1.5695435
1.6461931
1.7188834
1.7875459
1.85218
1.9128096
1.9694379
2.0219856
2.0701783
2.1132926
2.1494721
2.173492
2.1676146
2.0178793
0.92527479
0.82126863
0.84995285
0.90445529
0.97523515
1.0560717
1.1423941
1.2308967
1.3192564
1.4058931
1.4897724
1.5702498
1.6469532
1.7196943
1.7884036
1.8530797
1.9137458
1.9704048
2.0229773
2.0711884
2.1143146
2.1504986
2.1745147
2.1686247
2.0188533
0.92581533
0.82167914
0.85036261
0.90486674
0.97565495
1.0565093
1.1428601
1.2314007
1.3198062
1.4064943
1.4904278
1.5709599
1.6477166
1.720508
1.7892636
1.853981
1.9146829
1.9713721
2.0239686
2.0721977
2.1153352
2.1515233
2.1755354
2.1696322
2.0198246
0.92635411
0.822086
0.85076942
0.90527652
0.97607454
1.0569481
1.1433283
1.2319079
1.3203599
1.4070995
1.4910871
1.5716738
1.6484833
1.7213245
1.7901257
1.8548838
1.915621
1.9723396
2.0249597
2.0732061
2.1163544
2.1525462
2.1765538
2.1706372
2.0207931
0.92689117
0.82248954
0.85117361
0.9056849
0.97649414
1.0573883
1.1437991
1.2324184
1.3209173
1.4077087
1.4917504
1.5723913
1.6492533
1.7221438
1.79099
1.8557881
1.9165599
1.9733074
2.0259505
2.0742137
2.1173723
2.1535674
2.1775701
2.1716397
2.0217589
0.92742656
0.82289012
0.8515755
0.90609216
0.97691398
1.05783
1.1442725
1.2329323
1.3214787
1.408322
1.4924177
1.5731125
1.6500265
1.7229657
1.7918563
1.8566939
1.9174997
1.9742755
2.026941
2.0752205
2.1183889
2.1545868
2.1785843
2.1726398
2.0227221
0.9279603
0.82328803
0.85197538
0.90649856
0.97733426
1.0582735
1.1447486
1.2334497
1.3220439
1.4089393
1.4930889
1.5738373
1.6508029
1.7237903
1.7927248
1.8576011
1.9184403
1.9752439
2.0279311
2.0762264
2.1194042
2.1556046
2.1795965
2.1736375
2.0236826
0.92849243
0.82368359
0.85237352
0.90690432
0.97775516
1.0587187
1.1452276
1.2339705
1.322613
1.4095606
1.4937641
1.5745658
1.6515825
1.7246176
1.7935953
1.8585098
1.9193818
1.9762124
2.028921
2.0772315
2.1204183
2.1566206
2.1806066
2.1746329
2.0246406
0.92902298
0.82407708
0.8527702
0.90730967
0.97817688
1.0591659
1.1457094
1.234495
1.3231861
1.410186
1.4944431
1.5752978
1.6523652
1.7254474
1.7944677
1.8594199
1.920324
1.9771812
2.0299104
2.0782357
2.121431
2.157635
2.1816147
2.175626
2.025596
0.929552
0.82446876
0.85316565
0.90771483
0.97859958
1.0596151
1.1461942
1.235023
1.3237631
1.4108153
1.495126
1.5760334
1.653151
1.7262798
1.7953422
1.8603313
1.921267
1.9781501
2.0308996
2.0792391
2.1224425
2.1586477
2.1826208
2.1766168
2.026549
0.9300795
0.8248589
0.85356012
0.90812
0.9790234
1.0600666
1.146682
1.2355547
1.3243441
1.4114487
1.4958127
1.5767724
1.6539399
1.7271146
1.7962185
1.861244
1.9222107
1.9791192
2.0318883
2.0802417
2.1234527
2.1596587
2.183625
2.1776054
2.0274996
0.93060552
0.82524774
0.85395383
0.90852537
0.9794485
1.0605203
1.1471729
1.23609
1.3249289
1.412086
1.4965032
1.5775149
1.6547316
1.7279519
1.7970966
1.8621579
1.923155
1.9800884
2.0328767
2.0812434
2.1244616
2.1606682
2.1846272
2.1785918
2.0284477
0.93113009
0.8256355
0.854347
0.9089311
0.97987501
1.0609764
1.147667
1.236629
1.3255177
1.4127273
1.4971974
1.5782608
1.6555263
1.7287915
1.7979766
1.8630731
1.9241001
1.9810577
2.0338647
2.0822443
2.1254693
2.161676
2.1856275
2.179576
2.0293935
0.93165324
0.82602242
0.85473981
0.90933737
0.98030304
1.061435
1.1481643
1.2371717
1.3261104
1.4133724
1.4978953
1.5790099
1.6563239
1.7296335
1.7988583
1.8639895
1.9250457
1.9820271
2.0348523
2.0832443
2.1264757
2.1626823
2.1866259
2.1805581
2.030337
0.932175
0.82640868
0.85513246
0.90974432
0.98073272
1.0618961
1.1486648
1.237718
1.3267069
1.4140213
1.4985968
1.5797624
1.6571242
1.7304777
1.7997417
1.864907
1.9259919
1.9829966
2.0358395
2.0842435
2.1274809
2.1636869
2.1876225
2.1815381
2.0312783
0.9326954
0.82679449
0.85552512
0.9101521
0.98116414
1.0623597
1.1491685
1.238268
1.3273073
1.4146741
1.4993019
1.580518
1.6579273
1.7313241
1.8006268
1.8658256
1.9269387
1.9839661
2.0368262
2.0852418
2.1284848
2.16469
2.1886172
2.182516
2.0322172
0.93321445
0.82718002
0.85591795
0.91056084
0.9815974
1.062826
1.1496755
1.2388216
1.3279116
1.4153306
1.5000105
1.5812768
1.658733
1.7321727
1.8015134
1.8667452
1.9278859
1.9849356
2.0378124
2.0862392
2.1294876
2.1656915
2.1896101
2.1834918
2.033154
0.93373218
0.82756544
0.85631111
0.91097066
0.98203259
1.0632951
1.1501857
1.2393789
1.3285195
1.4159909
1.5007225
1.5820386
1.6595413
1.7330234
1.8024016
1.8676658
1.9288337
1.9859051
2.0387982
2.0872357
2.130489
2.1666915
2.1906012
2.1844656
2.0340886
0.93424863
0.82795093
0.85670475
0.91138167
0.98246977
1.0637668
1.1506993
1.2399398
1.3291313
1.4166547
1.501438
1.5828034
1.6603522
1.733876
1.8032913
1.8685873
1.9297818
1.9868745
2.0397835
2.0882314
2.1314892
2.16769
2.1915904
2.1854374
2.0350211
0.93476381
0.82833661
0.85709898
0.91179399
0.98290903
1.0642413
1.1512161
1.2405043
1.3297467
1.4173222
1.5021567
1.5835712
1.6611656
1.7347307
1.8041824
1.8695098
1.9307304
1.9878438
2.0407683
2.0892261
2.1324882
2.1686869
2.1925779
2.1864073
2.0359514
0.93527776
0.82872264
0.85749394
0.91220769
0.98335041
1.0647186
1.1517363
1.2410724
1.3303657
1.4179932
1.5028787
1.5843419
1.6619813
1.7355872
1.8050749
1.8704331
1.9316793
1.9888131
2.0417525
2.09022
2.1334859
2.1696822
2.1935637
2.1873752
2.0368797
0.93579043
0.82910916
0.85788976
0.91262289
0.98379399
1.0651987
1.1522597
1.2416441
1.3309884
1.4186676
1.5036039
1.5851153
1.6627994
1.7364455
1.8059687
1.8713572
1.9326285
1.9897822
2.0427362
2.0912129
2.1344824
2.1706761
2.1945477
2.1883411
2.037806
0.93630209
0.82949619
0.85828644
0.91303956
0.98423972
1.0656815
1.1527863
1.2422191
1.3316145
1.4193454
1.5043322
1.5858914
1.6636196
1.7373056
1.8068636
1.872282
1.9335779
1.990751
2.0437193
2.0922048
2.1354776
2.1716684
2.1955299
2.1893051
2.0387301
0.93681208
0.82988429
0.85868454
0.91345823
0.98468808
1.0661676
1.1533165
1.242798
1.3322445
1.4200269
1.5050638
1.5866706
1.6644425
1.7381677
1.8077602
1.8732079
1.9345281
1.9917201
2.0447022
2.0931962
2.136472
2.1726596
2.1965109
2.1902677
2.0396531
0.93732262
0.8302715
0.85908203
0.91387678
0.98513684
1.0666545
1.1538478
1.2433781
1.3328756
1.4207092
1.505796
1.5874497
1.6652649
1.7390288
1.8086552
1.8741317
1.9354756
1.9926862
2.0456817
2.094184
2.1374625
2.1736468
2.1974875
2.1912256
2.0405704
0.93782694
0.83066729
0.85948852
0.91430512
0.9855963
1.067153
1.1543915
1.2439711
1.33352
1.4214051
1.5065418
1.5882425
1.6661008
1.7399033
1.8095633
1.8750685
1.9364358
1.9936648
2.0466734
2.0951836
2.1384645
2.1746452
2.1984756
2.1921961
2.041503
0.93835036
0.83102758
0.85985883
0.91469583
0.98601616
1.0676095
1.1548906
1.2445168
1.3341143
1.4220483
1.5072322
1.5889775
1.6668768
1.740716
1.8104082
1.8759407
1.9373305
1.9945772
2.0475987
2.0961168
2.1394001
2.175577
2.1993951
2.1930924
2.0423578
0.93880698
0.83144168
0.8602852
0.91514695
0.98650211
1.0681386
1.1554692
1.245149
1.3348023
1.422792
1.5080302
1.589827
1.667774
1.7416569
1.8113883
1.8769557
1.9383761
1.9956495
2.0486941
2.097232
2.1405325
2.1767244
2.2005568
2.1942727
2.0435217
0.93949626
)
;

boundaryField
{
    inlet
    {
        type            fixedValue;
        value           uniform 0.84375;
    }
    outlet
    {
        type            zeroGradient;
    }
    wall
    {
        Ceps2           1.9;
        Ck              -0.416;
        Bk              8.366;
        C               11;
        type            kLowReWallFunction;
        value           nonuniform List<scalar> 
250
(
2.1622402
1.1494468
0.66231842
0.5488767
0.51469251
0.48564519
0.45680597
0.43144055
0.41090116
0.39439687
0.38081942
0.36936352
0.35952588
0.35095654
0.3434096
0.33671763
0.33074103
0.32536903
0.32052445
0.31604117
0.31184095
0.30793339
0.30434494
0.30107416
0.29808247
0.29527241
0.29263014
0.29017189
0.28790665
0.28582956
0.28392859
0.28219159
0.28058822
0.27909183
0.2776931
0.27639254
0.27519304
0.27409502
0.27309277
0.27217976
0.27134595
0.27057782
0.26986664
0.26921114
0.26861187
0.2680687
0.26758082
0.26714658
0.2667636
0.26642929
0.26613928
0.26588731
0.26566858
0.26548156
0.26532663
0.26520441
0.26511492
0.2650576
0.26503204
0.26503786
0.26507269
0.2651325
0.26521392
0.26531513
0.26543464
0.26557249
0.26572968
0.26590689
0.26610423
0.26632147
0.26655827
0.26681383
0.26708617
0.26737334
0.26767409
0.26798788
0.2683147
0.26865471
0.2690081
0.26937485
0.26975488
0.27014823
0.27055455
0.2709729
0.27140212
0.27184117
0.27228936
0.27274644
0.27321241
0.27368737
0.27417137
0.27466445
0.27516682
0.27567844
0.27619876
0.27672703
0.27726252
0.2778047
0.27835324
0.27890793
0.27946884
0.28003602
0.28060953
0.28118959
0.28177608
0.28236857
0.2829666
0.28356966
0.28417727
0.2847889
0.28540481
0.28602491
0.28664922
0.28727853
0.28791231
0.28854935
0.28918857
0.28982877
0.29046861
0.29110684
0.29174241
0.29237452
0.29300267
0.29362656
0.29424608
0.29486127
0.2954722
0.29607902
0.29668186
0.29728088
0.29787622
0.29846801
0.29905634
0.29964132
0.30022301
0.30080148
0.30137676
0.3019489
0.30251791
0.30308381
0.3036466
0.30420629
0.30476286
0.30531631
0.30586662
0.30641379
0.3069578
0.30749863
0.30803626
0.30857069
0.3091019
0.30962988
0.31015461
0.31067608
0.3111943
0.31170925
0.31222094
0.31272936
0.31323452
0.31373642
0.31423506
0.31473047
0.31522265
0.31571162
0.31619739
0.31667998
0.31715943
0.31763574
0.31810894
0.31857908
0.31904616
0.31951023
0.31997131
0.32042945
0.32088468
0.32133702
0.32178654
0.32223325
0.32267721
0.32311844
0.323557
0.32399293
0.32442627
0.32485706
0.32528535
0.32571117
0.32613458
0.32655562
0.32697433
0.32739076
0.32780495
0.32821695
0.3286268
0.32903454
0.32944021
0.32984387
0.33024555
0.3306453
0.33104316
0.33143916
0.33183335
0.33222577
0.33261647
0.33300547
0.33339282
0.33377856
0.33416272
0.33454534
0.33492646
0.3353061
0.33568431
0.33606113
0.33643657
0.33681068
0.33718349
0.33755503
0.33792532
0.3382944
0.3386623
0.33902905
0.33939467
0.33975918
0.34012263
0.34048502
0.34084639
0.34120676
0.34156615
0.34192459
0.3422821
0.3426387
0.3429944
0.34334924
0.34370323
0.34405638
0.34440872
0.34476027
0.34511104
0.34546105
0.34581032
0.34615885
0.34650667
0.34685379
0.3472002
0.34754606
0.34789092
0.34823631
0.34857758
0.34893208
0.34924095
0.34970946
)
;
    }
    front
    {
        type            wedge;
    }
    back
    {
        type            wedge;
    }
    axis
    {
        type            empty;
    }
}


// ************************************************************************* //
