/*--------------------------------*- C++ -*----------------------------------*\
| =========                 |                                                 |
| \\      /  F ield         | OpenFOAM: The Open Source CFD Toolbox           |
|  \\    /   O peration     | Version:  v2012                                 |
|   \\  /    A nd           | Website:  www.openfoam.com                      |
|    \\/     M anipulation  |                                                 |
\*---------------------------------------------------------------------------*/
FoamFile
{
    version     2.0;
    format      ascii;
    class       volScalarField;
    location    "2000";
    object      nut;
}
// * * * * * * * * * * * * * * * * * * * * * * * * * * * * * * * * * * * * * //

dimensions      [0 2 -1 0 0 0 0];


internalField   nonuniform List<scalar> 
6250
(
0.0029274488
0.0029274559
0.0029274974
0.0029275619
0.002927636
0.0029276929
0.0029276552
0.0029273125
0.0029261467
0.0029229936
0.0029154622
0.0028990649
0.0028661098
0.0028046197
0.0026978865
0.0025257084
0.0022686978
0.0019167894
0.0014813942
0.001006658
0.00056910325
0.00025074994
8.6011404e-05
3.3737654e-05
1.4941206e-05
0.0029202479
0.002920287
0.0029203754
0.0029204974
0.0029205941
0.0029205174
0.0029198752
0.0029177282
0.0029120513
0.0028989239
0.0028715522
0.0028194789
0.0027286268
0.002582982
0.0023684635
0.0020786564
0.0017207843
0.0013192595
0.00091422824
0.00055390424
0.00028130385
0.0001176938
5.1611492e-05
3.4372283e-05
1.3047685e-05
0.0029131175
0.0029131773
0.0029132866
0.0029133925
0.0029133197
0.002912624
0.0029102468
0.0029039284
0.0028893787
0.002859401
0.0028034364
0.0027082026
0.0025599896
0.00234857
0.0020717369
0.0017387347
0.0013709289
0.00099906002
0.00065778175
0.00037901839
0.00018529977
8.5179147e-05
5.4436576e-05
3.9490911e-05
1.1123128e-05
0.0029060114
0.002906078
0.0029061674
0.0029061332
0.0029055721
0.0029035166
0.0028978761
0.0028846494
0.0028571136
0.0028054597
0.0027175052
0.0025809091
0.002386664
0.0021328175
0.0018269479
0.0014862742
0.0011352666
0.00080162825
0.00051199932
0.00028840693
0.00014451143
8.0941411e-05
6.4406562e-05
4.6249286e-05
1.0828922e-05
0.0028989967
0.0028990487
0.0028990499
0.0028986892
0.0028971899
0.0028928274
0.0028822083
0.002859481
0.0028159028
0.0027403529
0.0026212081
0.0024493935
0.0022216784
0.0019429269
0.0016263643
0.0012917755
0.00096239429
0.00066163318
0.00041065112
0.00022663638
0.00012461326
9.0805792e-05
7.3698145e-05
5.1069695e-05
1.0922097e-05
0.0028920682
0.0028920695
0.0028918734
0.0028909182
0.0028879004
0.0028801478
0.0028628525
0.0028285126
0.0027671289
0.0026676209
0.0025204281
0.0023205512
0.0020698819
0.0017778917
0.0014604826
0.0011375643
0.00083033251
0.00055916093
0.00034238672
0.00019498902
0.00012395217
0.00010000435
8.3068407e-05
5.3840976e-05
1.0922701e-05
0.0028851986
0.0028850979
0.0028845523
0.0028826579
0.0028774478
0.0028651888
0.002839718
0.0027923032
0.0027125406
0.0025904476
0.0024192517
0.002197866
0.0019320817
0.0016340904
0.0013206698
0.0010108348
0.00072381456
0.00047787806
0.00028928487
0.00017714365
0.00013482223
0.00010994946
9.0893619e-05
5.5396343e-05
1.0839709e-05
0.0028783573
0.0028780852
0.0028769956
0.0028737554
0.0028656334
0.002847816
0.0028129864
0.0027517027
0.002653912
0.002511389
0.0023202914
0.0020828468
0.0018075763
0.0015081268
0.001201325
0.00090524632
0.00063792531
0.0004166522
0.00025830383
0.00017545951
0.00014138341
0.00012062775
9.7272257e-05
5.6359957e-05
1.0540765e-05
0.0028715033
0.0028709712
0.0028691047
0.00286407
0.0028523189
0.0028280256
0.0027830115
0.0027076447
0.0025927905
0.0024322837
0.0022250051
0.001975788
0.001694942
0.0013967715
0.0010977769
0.00081520347
0.00056623125
0.00036697694
0.00023962901
0.00018470177
0.00015013046
0.00013061237
0.00010243174
5.7020201e-05
1.0282345e-05
0.0028645866
0.0028636889
0.0028607824
0.0028534856
0.0028374314
0.0028059204
0.0027502425
0.0026610267
0.0025304206
0.0023543644
0.0021340999
0.0018764249
0.0015927912
0.0012977803
0.0010076142
0.00073916994
0.00050935019
0.00033492282
0.00023481981
0.00019038161
0.00016060426
0.00013966095
0.00010657975
5.7480861e-05
1.0069911e-05
0.0028575523
0.0028561694
0.0028519405
0.0028419176
0.0028209612
0.0027816827
0.0027151653
0.0026126503
0.0024677541
0.0022784054
0.002047801
0.0017841699
0.0014996549
0.0012088874
0.00092780178
0.00067289426
0.00046021849
0.00031309927
0.00024040356
0.00019622283
0.00017123182
0.00014774718
0.00010993693
5.7791069e-05
9.8917513e-06
0.0028503421
0.0028483447
0.0028425029
0.0028293139
0.002802951
0.0027555439
0.0026782595
0.0025631966
0.0024054939
0.00220487
0.0019661013
0.0016984631
0.0014145624
0.0011291212
0.00085811436
0.00061815173
0.00042521888
0.00030352685
0.00025001109
0.00020483258
0.00018134
0.00015478943
0.00011266652
5.799197e-05
9.7389176e-06
0.0028428969
0.0028401502
0.0028324081
0.0028156526
0.0027834841
0.0027277593
0.0026399698
0.0025132223
0.0023441386
0.002133997
0.0018888291
0.0016186698
0.0013364352
0.0010569055
0.00079600557
0.00056985468
0.00039999852
0.00030422284
0.00025159235
0.00021467333
0.0001910876
0.0001609168
0.000114886
5.8114804e-05
9.6057525e-06
0.0028351588
0.0028315275
0.0028216111
0.0028009398
0.0027626727
0.0026985901
0.0026006936
0.0024631702
0.0022840304
0.002065885
0.0018157626
0.0015442785
0.0012646284
0.00099177908
0.00074182328
0.00053059357
0.00038421697
0.00031110775
0.00025648359
0.00022468402
0.00020015199
0.00016626016
0.00011670177
5.8181181e-05
9.4882503e-06
0.0028270735
0.0028224264
0.0028100829
0.0027852047
0.0027406479
0.0026682903
0.002560776
0.0024133865
0.0022253994
0.0020005547
0.0017466886
0.0014749045
0.0011987152
0.00093338352
0.0006951387
0.00050173489
0.00037829781
0.00031942967
0.00026378288
0.00023448883
0.00020836946
0.00017090585
0.00011820108
5.8208238e-05
9.3835644e-06
0.002818592
0.0028128058
0.0027978106
0.0027684953
0.0027175505
0.0026370979
0.0025205098
0.0023641358
0.0021683882
0.001937961
0.0016813529
0.0014100838
0.0011379566
0.00088040063
0.00065325505
0.00048016686
0.00038005169
0.00031969195
0.00027235089
0.00024432285
0.00021584799
0.00017493404
0.00011944478
5.8208433e-05
9.2897649e-06
0.002809672
0.0028026343
0.0027847952
0.0027508738
0.0026935245
0.0026052306
0.0024801399
0.0023156173
0.0021130824
0.0018780435
0.0016195753
0.0013496223
0.0010823845
0.00083363936
0.00061920308
0.00046655188
0.00038627314
0.00032270157
0.00028136245
0.00025380446
0.00022266815
0.00017844538
0.00012048116
5.8189662e-05
9.2051968e-06
0.002800279
0.002791891
0.0027710505
0.0027324122
0.0026687116
0.0025728837
0.0024398684
0.0022679797
0.0020595293
0.0018207324
0.0015611885
0.0012932765
0.0010315888
0.00079201544
0.00059285448
0.00046092881
0.00039531153
0.00032802214
0.00029039146
0.0002626725
0.00022885496
0.00018152669
0.00012135249
5.8158211e-05
9.1285256e-06
0.0027903863
0.0027805646
0.002756601
0.0027131889
0.0026432478
0.0025402293
0.0023998602
0.0022213304
0.0020077417
0.0017659313
0.0015059805
0.0012406762
0.00098489107
0.00075426592
0.00057254168
0.00046169334
0.00039622371
0.0003348506
0.00029971148
0.00027096621
0.00023444007
0.00018424689
0.00012209271
5.8117184e-05
9.0588347e-06
0.002779976
0.0027686529
0.0027414799
0.0026932856
0.0026172611
0.002507418
0.0023602484
0.0021757464
0.0019577191
0.0017135719
0.0014538712
0.0011918734
0.00094284815
0.00072250262
0.0005587012
0.00046636357
0.00039683864
0.00034247334
0.00030913895
0.00027882822
0.00023939832
0.0001860609
0.00012267367
5.8063908e-05
8.9938683e-06
0.0027690379
0.0027561624
0.002725727
0.0026727851
0.0025908705
0.0024745804
0.0023211417
0.0021312849
0.0019094567
0.0016636011
0.0014047821
0.0011467369
0.00090499423
0.00069695634
0.00055133923
0.00047354947
0.00039954209
0.00035049741
0.00031834591
0.0002862019
0.00024382117
0.00018761823
0.00012313256
5.8000771e-05
8.9325829e-06
0.00275757
0.002743107
0.0027093876
0.0026517691
0.0025641853
0.0024418298
0.0022826276
0.0020879844
0.0018629326
0.0016159239
0.0013584899
0.0011047177
0.00086998196
0.00067635768
0.00054984551
0.00048249213
0.00040408425
0.0003586301
0.00032709443
0.00029303364
0.00024780133
0.00018899291
0.00012351169
5.7935957e-05
8.8751946e-06
0.0027455774
0.0027295069
0.0026925106
0.0026303176
0.0025373048
0.0024092628
0.0022447757
0.0020458705
0.0018181248
0.0015704873
0.0013149698
0.0010660442
0.00083910937
0.00066097727
0.00055233787
0.00048127609
0.00040989032
0.00036733901
0.00033547851
0.00029932473
0.00025139595
0.00019022512
0.00012384047
5.7874983e-05
8.8221704e-06
0.0027330718
0.0027153884
0.0026751472
0.0026085067
0.0025103186
0.002376962
0.0022076419
0.0020049631
0.0017750261
0.0015272914
0.0012742956
0.0010309339
0.00081331152
0.00065091372
0.00055738476
0.00048114093
0.00041641433
0.00037627089
0.0003435426
0.00030514385
0.00025466031
0.00019133978
0.00012413378
5.7819241e-05
8.7735664e-06
0.0027200709
0.002700782
0.0026573499
0.0025864093
0.0024833072
0.0023449977
0.0021712703
0.0019652721
0.0017336096
0.0014862456
0.0012361696
0.00099837639
0.00079184232
0.00064597314
0.00056422333
0.00048269063
0.00042336753
0.00038510892
0.00035127509
0.00031053148
0.00025743819
0.00019233747
0.00012439554
5.7766464e-05
8.7288776e-06
0.0027065974
0.002685722
0.0026391717
0.0025640936
0.0024563423
0.0023134293
0.0021356949
0.001926798
0.0016938342
0.0014472466
0.0012003977
0.00096822016
0.00077431628
0.00064534135
0.0005723674
0.00048582197
0.00043055181
0.00039369305
0.00035866288
0.0003154859
0.00025958285
0.00019320904
0.00012455936
5.7708662e-05
8.6866966e-06
0.0026926782
0.0026702453
0.0026206652
0.0025416239
0.0024294883
0.0022823078
0.0021009431
0.0018895436
0.0016556911
0.0014103257
0.00116723
0.00094152331
0.00076105508
0.00064776219
0.00057443356
0.00049021678
0.00043823816
0.00040203977
0.00036563214
0.00032004175
0.00026153335
0.00019398849
0.00012469759
5.7650254e-05
8.6468506e-06
0.0026783437
0.002654391
0.0026018822
0.00251906
0.0024028028
0.002251677
0.0020670389
0.0018535156
0.0016191836
0.0013754957
0.0011366277
0.00091872673
0.0007521455
0.00065224508
0.00057332727
0.00049545012
0.00044642649
0.00041021312
0.00037218554
0.00032423842
0.00026332805
0.00019470068
0.00012482334
5.7595633e-05
8.6096176e-06
0.0026636272
0.0026381996
0.0025828731
0.0024964574
0.0023763367
0.0022215741
0.0020339996
0.0018187073
0.0015842592
0.0013425563
0.0011079046
0.00089929197
0.00074739128
0.00065822428
0.00057341014
0.00050122614
0.00045479376
0.0004181929
0.0003783689
0.00032812417
0.00026499244
0.00019536071
0.00012494254
5.7546746e-05
8.5751678e-06
0.0026485637
0.0026217121
0.0025636867
0.0024738676
0.0023501353
0.0021920297
0.0020018355
0.0017851024
0.0015508604
0.0013113979
0.0010810456
0.0008830219
0.00074615188
0.00066533325
0.00057480255
0.00050738419
0.00046311023
0.00042592313
0.00038422344
0.00033174669
0.00026654437
0.00019597728
0.00012505728
5.7503763e-05
8.54346e-06
0.0026331901
0.00260497
0.0025443698
0.0024513377
0.0023242388
0.0021630698
0.0019705558
0.0017526979
0.0015189994
0.0012821602
0.0010567203
0.0008701461
0.00074763847
0.0006732787
0.00057747628
0.0005137791
0.0004712272
0.00043335188
0.00038977509
0.00033514389
0.00026799774
0.00019655619
0.0001251683
5.7466225e-05
8.5143395e-06
0.0026175441
0.0025880146
0.0025249674
0.0024289116
0.0022986826
0.0021347174
0.0019401708
0.0017214999
0.0014886939
0.0012548613
0.001035387
0.00086083892
0.00075108556
0.00067464924
0.0005811942
0.00052072474
0.00047918318
0.00044044847
0.00039503543
0.0003383112
0.00026935935
0.00019709939
0.00012527486
5.7433228e-05
8.4876452e-06
0.0026016637
0.0025708865
0.0025055221
0.0024066291
0.0022734986
0.0021069914
0.0019106842
0.001691486
0.0014598351
0.0012290708
0.0010168121
0.00085504916
0.00075594459
0.00067344986
0.00058561214
0.0005282085
0.00048711396
0.00044731155
0.00039993606
0.00034069627
0.00027060516
0.00019759645
0.00012537011
5.7402003e-05
8.4629315e-06
0.0025855873
0.0025536258
0.0024860745
0.0023845272
0.0022487143
0.002079906
0.0018820912
0.0016626161
0.0014323116
0.0012046095
0.0010007703
0.00085238263
0.00076188465
0.00067307102
0.00059051741
0.00053597314
0.00049501032
0.00045391658
0.00040450691
0.00034292317
0.00027175963
0.00019805451
0.00012545513
5.7371565e-05
8.4398031e-06
0.0025693527
0.0025362711
0.0024666629
0.0023626395
0.0022243541
0.0020534723
0.0018543879
0.0016348781
0.0014061606
0.0011818398
0.00098736959
0.00085225097
0.00076866774
0.00067372645
0.00059581018
0.00054381691
0.0005027924
0.00046025685
0.00040879901
0.00034501714
0.00027284091
0.00019848332
0.00012553466
5.7342912e-05
8.4181277e-06
0.0025529974
0.0025188603
0.0024473235
0.0023409967
0.0022004394
0.002027701
0.0018275786
0.0016082904
0.0013814685
0.0011612092
0.00097678609
0.00085412878
0.00077610277
0.00067543312
0.0006014252
0.00055161816
0.00051038857
0.00046633733
0.00041285568
0.00034699592
0.00027386145
0.00019889007
0.00012561248
5.7317341e-05
8.3979247e-06
0.002536558
0.0025014297
0.0024280902
0.0023196271
0.0021769895
0.0020026012
0.0018016617
0.001582824
0.0013580633
0.0011428028
0.00096915787
0.00085761293
0.00078300012
0.00067815693
0.00060731335
0.00055928831
0.0005177465
0.00047216519
0.00041670853
0.00034887377
0.00027483034
0.00019927951
0.00012569068
5.7295638e-05
8.3792493e-06
0.00252007
0.0024840141
0.0024089951
0.0022985564
0.0021540207
0.0019781765
0.0017766168
0.0015583875
0.0013356531
0.0011264839
0.00096442725
0.00086226918
0.00078177615
0.00068165851
0.00061390332
0.00056693761
0.00052484796
0.00047773691
0.00042037569
0.00035066173
0.0002757539
0.00019965416
0.00012576972
5.7277842e-05
8.362118e-06
0.0025035679
0.0024666468
0.002390068
0.0022778075
0.0021315461
0.0019544257
0.0017524193
0.0015349301
0.001314263
0.0011122205
0.00096222685
0.00086782824
0.00078084487
0.00068567501
0.00062096295
0.0005746088
0.00053172285
0.00048305927
0.00042386578
0.00035236826
0.00027663668
0.00020001531
0.00012584928
5.7263558e-05
8.3464509e-06
0.0024870851
0.0024493597
0.0023713365
0.0022574013
0.0021095764
0.0019313481
0.0017290652
0.0015124973
0.0012942173
0.0011001391
0.00096209755
0.00087410876
0.00078059678
0.00069009068
0.00062824957
0.00058225575
0.00053839435
0.0004881606
0.00042720253
0.00035399958
0.00027748198
0.000200364
0.00012592928
5.7252488e-05
8.3321537e-06
0.0024706536
0.002432183
0.0023528266
0.0022373563
0.0020881212
0.0019089464
0.0017065626
0.0014911286
0.0012758229
0.0010903805
0.00096364713
0.00088096785
0.00078119696
0.00069484499
0.00063561635
0.00058985762
0.00054493711
0.00049301187
0.00042993161
0.00035553885
0.00027828343
0.00020069631
0.00012600725
5.7243694e-05
8.3190755e-06
0.0024543038
0.0024151451
0.002334562
0.0022176891
0.0020671883
0.0018872182
0.0016848846
0.0014706767
0.0012591216
0.0010830571
0.00096658796
0.0008882894
0.000782653
0.00069990543
0.00064299977
0.00059738414
0.0005513314
0.00049761455
0.00043235698
0.00035699197
0.00027904147
0.00020101081
0.00012608147
5.7236186e-05
8.3070098e-06
0.0024380649
0.0023982731
0.0023165648
0.0021984143
0.0020467819
0.0018661487
0.0016639628
0.0014509149
0.001244005
0.001078177
0.00097070782
0.00089596855
0.00078495468
0.00070519863
0.00065033304
0.00060478048
0.00055753472
0.00050199914
0.00043467046
0.00035837357
0.00027976261
0.00020131042
0.00012615284
5.7229846e-05
8.2958232e-06
0.0024219646
0.0023815924
0.0022988554
0.0021795442
0.0020269026
0.0018457192
0.0016437511
0.0014318396
0.0012305129
0.0010755415
0.00097573141
0.00089691404
0.00078796365
0.00071109404
0.00065768866
0.00061200282
0.00056352141
0.00050619088
0.00043688584
0.00035969433
0.00028045319
0.00020159893
0.0001262232
5.7225129e-05
8.2854994e-06
0.0024060291
0.0023651265
0.0022814519
0.002161089
0.00200755
0.0018259212
0.0016242692
0.0014136882
0.0012187867
0.0010748026
0.0009814529
0.00089625665
0.00079147047
0.00071753846
0.00066512314
0.00061905223
0.00056928591
0.00051020482
0.00043901325
0.00036096189
0.00028111786
0.00020187905
0.0001262939
5.7222454e-05
8.2760501e-06
0.0023902833
0.0023488978
0.0022643711
0.0021430575
0.0019887251
0.0018067573
0.0016055568
0.0013967362
0.0012089671
0.0010756239
0.00098773822
0.00089596193
0.00079536073
0.00072432456
0.00067261991
0.00062594813
0.00057484032
0.00051405277
0.00044106069
0.00036218213
0.00028176008
0.00020215259
0.00012636572
5.7222088e-05
8.267476e-06
0.0023747502
0.0023329266
0.0022476279
0.0021254571
0.0019704273
0.001788217
0.0015875506
0.0013810969
0.0012011684
0.0010777448
0.00099448818
0.0008962652
0.00079958686
0.0007312944
0.00068012679
0.00063270275
0.00058020426
0.00051774804
0.00044303475
0.00036335965
0.00028238242
0.00020242069
0.000126439
5.7224109e-05
8.2597672e-06
0.0023594519
0.0023172322
0.0022312357
0.0021082929
0.0019526491
0.0017702584
0.001570081
0.0013667189
0.0011954473
0.0010809754
0.0010016221
0.00089725975
0.00080411972
0.00073834802
0.0006875907
0.00063931788
0.00058539564
0.00052130407
0.00044494098
0.00036449809
0.00028298677
0.00020268403
0.00012651379
5.7228454e-05
8.2529e-06
0.0023444086
0.0023018319
0.0022152058
0.002091567
0.0019353759
0.0017528311
0.001553045
0.0013535675
0.0011917388
0.0010851706
0.0010090701
0.0008989456
0.00080893604
0.00074542797
0.00069496799
0.00064578617
0.00059043088
0.00052473913
0.00044678403
0.0003656003
0.0002835746
0.00020294306
0.00012659004
5.7235013e-05
8.2468385e-06
0.0023296392
0.0022867417
0.0021995478
0.0020752791
0.0019185937
0.0017359157
0.0015365224
0.0013417279
0.001189864
0.0010902077
0.0010167629
0.00090131349
0.00081397363
0.00075247879
0.00070223991
0.00065213019
0.00059530049
0.00052783167
0.00044855809
0.00036666462
0.00028414497
0.00020319708
0.00012666728
5.7243562e-05
8.2415437e-06
0.0023151612
0.0022719758
0.0021842698
0.0020594285
0.0019022969
0.0017195344
0.001520732
0.0013313734
0.0011895824
0.0010959095
0.0010195142
0.0009042812
0.00081948342
0.00075955655
0.00070942201
0.00065837436
0.0005999659
0.00053041639
0.00045025403
0.00036768669
0.0002846948
0.00020344379
0.00012674405
5.725354e-05
8.2369477e-06
0.0023009906
0.0022575472
0.0021693783
0.0020440148
0.0018864831
0.001703698
0.0015058798
0.0013226627
0.0011906444
0.0011021233
0.001019613
0.00090768938
0.00082552442
0.00076674182
0.00071651391
0.0006644606
0.00060443675
0.00053290709
0.00045188397
0.00036867005
0.00028522471
0.00020368252
0.00012681948
5.726442e-05
8.2329522e-06
0.002287142
0.0022434672
0.0021548786
0.0020290352
0.0018711368
0.0016883317
0.0014920349
0.0013157065
0.001192841
0.0011087547
0.0010198618
0.00091143213
0.00083193945
0.0007740431
0.00072351537
0.0006703679
0.00060873146
0.00053531401
0.00045345658
0.00036961951
0.00028573727
0.0002039144
0.00012689387
5.7276107e-05
8.2294822e-06
0.0022736286
0.0022297458
0.0021407739
0.0020144819
0.0018562231
0.0016733076
0.0014791665
0.0013105466
0.0011960148
0.0011157368
0.0010204991
0.000915471
0.00083859191
0.0007814201
0.0007304244
0.00067610217
0.00061286808
0.00053764451
0.00045497818
0.00037053928
0.00028623532
0.00020414118
0.00012696809
5.7288827e-05
8.2265139e-06
0.0022604621
0.0022163913
0.0021270652
0.0020003428
0.0018417041
0.0016585638
0.0014672735
0.0013071236
0.0012000449
0.0011230141
0.0010216418
0.00091978968
0.00084538932
0.00078882111
0.00073723517
0.00068167714
0.00061686287
0.00053990466
0.00045645373
0.00037143279
0.00028672117
0.0002043644
0.00012704296
5.730285e-05
8.2240539e-06
0.0022476529
0.0022034105
0.0021137515
0.0019866057
0.0018275633
0.001644167
0.0014564399
0.0013052937
0.0012048326
0.0011305362
0.0010233342
0.00092437341
0.00085227033
0.0007962011
0.00074393958
0.00068710557
0.00062073009
0.00054209964
0.00045788719
0.00037230277
0.0002871966
0.0002045851
0.00012711898
5.7318354e-05
8.2221125e-06
0.00223521
0.0021908084
0.0021008309
0.0019732626
0.0018138114
0.0016302769
0.0014467993
0.0013048801
0.0012102914
0.0011382552
0.0010255759
0.0009292074
0.00085919599
0.0008035268
0.00075052963
0.00069239721
0.00062448179
0.00054423393
0.00045928179
0.00037315128
0.0002876628
0.00020480389
0.00012719636
5.7335395e-05
8.2206903e-06
0.0022231406
0.0021785891
0.002088301
0.0019603088
0.0018004567
0.0016170559
0.0014384914
0.001305715
0.0012163427
0.0011461241
0.0010283551
0.00093425783
0.00086613171
0.00081077448
0.00075699991
0.00069755944
0.00062812747
0.0005463115
0.00046064024
0.00037397997
0.00028812063
0.00020502112
0.00012727515
5.7353965e-05
8.2197787e-06
0.0022114511
0.002166755
0.0020761585
0.0019477333
0.001787456
0.0016045905
0.0014316511
0.0013076494
0.0012228815
0.0011513523
0.0010316433
0.00093963574
0.00087308143
0.00081792353
0.00076334221
0.00070259776
0.00063167653
0.00054833598
0.00046196502
0.0003747903
0.00028857081
0.00020523703
0.00012735539
5.7374037e-05
8.2193714e-06
0.002200146
0.0021553072
0.0020643969
0.0019355123
0.0017747168
0.0015928907
0.0014263738
0.0013105442
0.0012297893
0.0011526599
0.0010353354
0.00094550985
0.000880107
0.00082496974
0.00076955805
0.00070750729
0.00063500564
0.00055030523
0.000463256
0.00037558239
0.00028901333
0.00020545149
0.00012743689
5.7395514e-05
8.2194626e-06
0.0021892287
0.0021442452
0.0020530065
0.0019236152
0.0017621669
0.0015819594
0.0014226613
0.0013142771
0.0012369979
0.0011539525
0.001039322
0.00095175486
0.00088724143
0.0008319727
0.00077570554
0.00071223371
0.0006377285
0.00055220506
0.00046450731
0.00037635275
0.00028944584
0.00020566296
0.00012751878
5.7418076e-05
8.2200143e-06
0.0021787011
0.0021335665
0.0020419754
0.0019120188
0.001749817
0.0015718542
0.0014204285
0.0013187477
0.0012444579
0.0011554571
0.0010435569
0.00095825009
0.0008944813
0.00083894709
0.00078173802
0.00071678331
0.00064037141
0.0005540454
0.0004657211
0.00037710128
0.0002898673
0.0002058703
0.00012760028
5.7441369e-05
8.2209626e-06
0.0021685635
0.0021232672
0.0020312931
0.0019007191
0.0017377643
0.0015626818
0.0014195408
0.001323873
0.0012521277
0.0011573013
0.0010480251
0.00096491676
0.00090179636
0.00084587874
0.00078763603
0.00072117707
0.00064294242
0.00055583338
0.00046690114
0.0003778299
0.00029027844
0.00020607353
0.00012768119
5.746522e-05
8.2222539e-06
0.0021588149
0.0021133429
0.0020209525
0.0018897278
0.0017261484
0.0015545629
0.0014198533
0.0013295812
0.0012599697
0.0011595473
0.0010527212
0.00097170383
0.00090914772
0.00085274847
0.00079340048
0.00072543515
0.0006454471
0.00055757404
0.00046805078
0.00037854088
0.00029068066
0.00020627338
0.00012776179
5.7489634e-05
8.2238592e-06
0.0021494532
0.0021037885
0.0020109476
0.0018790479
0.0017150904
0.0015476101
0.0014212346
0.0013358094
0.0012679489
0.0011622202
0.00105764
0.00097857528
0.00091649973
0.00085954066
0.00079903802
0.0007295732
0.00064789004
0.00055927124
0.00046917278
0.00037923618
0.00029107532
0.0002064706
0.00012784222
5.751442e-05
8.2257545e-06
0.0021404751
0.0020945982
0.0020012684
0.0018686469
0.0017046491
0.0015419188
0.0014235741
0.0013425008
0.0012760325
0.0011653244
0.0010627734
0.00098550357
0.0009238239
0.00086624395
0.00080455523
0.00073360299
0.00065027522
0.00056092816
0.00047026942
0.0003799174
0.00029146354
0.00020666593
0.00012792291
5.7539753e-05
8.2279403e-06
0.0021318762
0.0020857641
0.0019918975
0.0018584626
0.001694831
0.0015375532
0.0014267806
0.001349603
0.0012841896
0.0011688475
0.001068113
0.00099246949
0.00093109968
0.0008728505
0.0008099574
0.00073753348
0.00065260613
0.00056254747
0.00047134256
0.00038058583
0.00029184622
0.00020685997
0.00012800425
5.7565888e-05
8.2304324e-06
0.0021236505
0.0020772763
0.0019828129
0.0018484436
0.0016856416
0.0015345278
0.0014307772
0.0013570666
0.0012923904
0.0011727765
0.0010736345
0.00099945191
0.00093831188
0.00087935566
0.00081524929
0.00074137202
0.00065488583
0.00056413147
0.00047239377
0.00038124248
0.00029222399
0.0002070531
0.00012808645
5.7592938e-05
8.233241e-06
0.002115791
0.0020691237
0.0019739959
0.0018385896
0.001677129
0.0015328065
0.0014354912
0.0013648206
0.0012984448
0.0011770904
0.0010794263
0.0010064568
0.00094544818
0.00088575493
0.00082043334
0.00074512294
0.00065711712
0.00056568218
0.00047342431
0.00038188797
0.00029259698
0.00020724501
0.00012816876
5.7620967e-05
8.2363679e-06
0.0021082893
0.0020612952
0.0019654393
0.0018289615
0.0016693848
0.0015323117
0.0014408458
0.0013727864
0.0013015556
0.0011817159
0.0010856125
0.0010135298
0.00095250011
0.00089203678
0.00082551414
0.00074879829
0.00065930233
0.00056720132
0.0004744353
0.00038252293
0.00029296546
0.00020743586
0.00012825154
5.7649932e-05
8.2398088e-06
0.0021011366
0.0020537818
0.0019571498
0.0018196628
0.0016625141
0.0015329376
0.0014467674
0.0013809187
0.0013046318
0.0011865753
0.0010921035
0.0010206887
0.00095949576
0.00089823742
0.00083046612
0.00075208319
0.00066143351
0.00056868636
0.00047542564
0.00038314677
0.00029332915
0.00020762558
0.00012833502
5.7679775e-05
8.243558e-06
0.002094324
0.0020465774
0.0019491429
0.0018108072
0.0016566119
0.0015345747
0.0014531911
0.0013891827
0.0013078406
0.0011916334
0.0010988056
0.0010279332
0.00096647858
0.00090438514
0.00083525435
0.00075492642
0.00066350432
0.00057013388
0.00047639295
0.00038375758
0.00029368637
0.00020781255
0.00012841932
5.7710426e-05
8.2476025e-06
0.0020878433
0.0020396778
0.0019414288
0.0018024866
0.0016517543
0.001537123
0.00146006
0.001397549
0.0013112815
0.0011968775
0.0011056585
0.0010352511
0.00097344896
0.00091043998
0.00083988887
0.00075770151
0.00066552224
0.0005715458
0.00047733749
0.00038435492
0.0002940367
0.00020799702
0.00012850374
5.7741681e-05
8.2519105e-06
0.0020816865
0.002033078
0.001934001
0.0017947534
0.0016479966
0.0015404961
0.0014673244
0.0014059916
0.0013150071
0.0012023046
0.0011126264
0.0010426198
0.00098038775
0.00091638455
0.00084438905
0.00076041422
0.00066749259
0.00057292492
0.00047826072
0.00038493926
0.00029437978
0.00020817947
0.00012858809
5.7773405e-05
8.2564509e-06
0.0020758452
0.0020267706
0.0019268395
0.0017876279
0.0016453701
0.0015446202
0.0014749391
0.0014144864
0.0013190421
0.001207914
0.0011196849
0.0010500127
0.00098727568
0.00092221741
0.00084877194
0.00076306862
0.00066941914
0.0005742738
0.00047916438
0.0003855118
0.00029471649
0.00020836018
0.00012867242
5.7805557e-05
8.2612034e-06
0.0020703109
0.0020207462
0.0019199259
0.001781122
0.0016438768
0.0015494315
0.001482863
0.0014230114
0.0013233952
0.0012137038
0.0011268146
0.0010574057
0.00099409859
0.00092794214
0.00085305008
0.00076566809
0.00067130483
0.00057559458
0.00048005008
0.00038607375
0.00029504836
0.00020853941
0.00012875688
5.7838168e-05
8.2661592e-06
0.0020650746
0.0020149967
0.0019132609
0.0017752602
0.0016434882
0.0015548729
0.001491057
0.0014315458
0.0013280657
0.0012196702
0.0011339995
0.0010647789
0.0010008469
0.00093356294
0.00085723272
0.0007682155
0.00067315203
0.0005768889
0.0004809188
0.00038662544
0.00029537674
0.0002087177
0.00012884171
5.7871297e-05
8.2713177e-06
0.0020601279
0.002009518
0.0019068722
0.001770086
0.0016441519
0.0015608924
0.0014994835
0.0014400706
0.0013330468
0.0012258074
0.0011412259
0.0010721175
0.0010075143
0.00093908341
0.00086132668
0.00077071343
0.00067496283
0.00057815838
0.00048177197
0.0003871686
0.00029570179
0.00020889533
0.00012892704
5.7904997e-05
8.2766813e-06
0.002055464
0.0020043134
0.001900812
0.0017656548
0.0016458007
0.0015674407
0.0015081063
0.0014485683
0.0013383275
0.0012321078
0.0011484823
0.0010794101
0.0010140963
0.00094450687
0.00086533771
0.00077316405
0.00067673879
0.00057940374
0.00048260919
0.00038770517
0.00029602407
0.00020907254
0.00012901299
5.7939301e-05
8.2822521e-06
0.0020510791
0.001999394
0.0018951484
0.0017620228
0.0016483625
0.0015744706
0.0015168902
0.0014570235
0.0013438939
0.0012385634
0.0011557603
0.0010866496
0.0010205908
0.00094983498
0.00086926873
0.00077556936
0.00067848153
0.00058062645
0.00048343246
0.00038823498
0.00029634376
0.00020924946
0.00012909959
5.797422e-05
8.2880299e-06
0.0020469728
0.001994778
0.0018899548
0.0017592374
0.0016517665
0.0015819365
0.0015258017
0.0014654232
0.0013497312
0.0012451663
0.0011630513
0.0010938259
0.0010269917
0.00095507302
0.00087313026
0.00077793085
0.00068019182
0.00058182603
0.00048424418
0.00038875866
0.00029666109
0.00020942619
0.00012918688
5.8009755e-05
8.2940128e-06
0.002043149
0.0019904891
0.0018853015
0.0017573329
0.0016559461
0.0015897943
0.0015348086
0.001473757
0.0013558224
0.0012519068
0.0011703497
0.0011009497
0.0010333328
0.00096020096
0.00087661751
0.00078024173
0.00068186793
0.00058300336
0.0004850434
0.00038927601
0.00029697603
0.00020960267
0.00012927481
5.8045892e-05
8.300201e-06
0.0020396155
0.0019865531
0.0018812488
0.0017563292
0.00166084
0.001598001
0.001543881
0.0014820166
0.0013621488
0.0012587727
0.0011776614
0.0011080536
0.0010396465
0.00096518186
0.00087961712
0.00078249418
0.00068350495
0.00058415831
0.00048582895
0.00038978612
0.00029728795
0.00020977857
0.0001293632
5.8082564e-05
8.3065887e-06
0.0020363827
0.0019829948
0.0018778432
0.0017562338
0.0016663925
0.0016065143
0.0015529863
0.001489637
0.0013686955
0.0012657834
0.001184999
0.001115134
0.0010458852
0.00097002193
0.00088255341
0.00078469518
0.00068510595
0.0005852902
0.00048660021
0.00039028826
0.0002975962
0.00020995339
0.00012945177
5.8119666e-05
8.3131605e-06
0.0020334634
0.0019798369
0.0018751181
0.0017570436
0.0016725522
0.001615291
0.0015620899
0.0014959457
0.0013754336
0.0012730022
0.0011923858
0.0011221735
0.0010520212
0.00097473604
0.00088543072
0.00078684777
0.00068667558
0.00058640053
0.00048735768
0.00039078239
0.00029790052
0.00021012684
0.00012954033
5.8157098e-05
8.3198978e-06
0.0020308717
0.0019770994
0.0018730946
0.0017587443
0.0016792684
0.0016242901
0.0015711717
0.0015023035
0.0013823321
0.0012803959
0.0011998255
0.0011291614
0.0010580469
0.00097933676
0.00088825268
0.00078895694
0.00068821528
0.00058749069
0.00048810226
0.00039126897
0.00029820101
0.00021029888
0.00012962878
5.8194802e-05
8.3267837e-06
0.002028622
0.0019748012
0.0018717859
0.001761311
0.0016864919
0.0016334744
0.0015802158
0.0015087786
0.0013893787
0.0012879248
0.0012073062
0.001136093
0.0010639644
0.00098383323
0.00089102019
0.00079102756
0.00068972709
0.00058856203
0.00048883493
0.00039174864
0.00029849805
0.00021046967
0.00012971719
5.8232768e-05
8.3338075e-06
0.0020267295
0.0019729608
0.0018711992
0.0017647101
0.0016941762
0.0016428101
0.0015892088
0.0015154138
0.0013965703
0.0012955576
0.0012148102
0.001142965
0.0010697786
0.00098823279
0.00089373679
0.00079306124
0.00069121256
0.00058961573
0.00048955659
0.00039222207
0.00029879208
0.00021063946
0.00012980566
5.8271019e-05
8.3409646e-06
0.0020252098
0.0019715978
0.0018713391
0.0017689007
0.0017022766
0.0016522659
0.0015981397
0.001522233
0.0014039057
0.0013032717
0.0012223204
0.0011497738
0.0010754946
0.0009925427
0.00089640732
0.00079505984
0.00069267307
0.00059065282
0.00049026802
0.00039268983
0.00029908351
0.00021080852
0.00012989431
5.830959e-05
8.3482548e-06
0.002024079
0.0019707326
0.0018722069
0.0017738372
0.0017107511
0.0016618129
0.001606999
0.0015292479
0.0014113832
0.0013110498
0.0012298219
0.0011565161
0.0010811171
0.00099676892
0.00089903325
0.00079702487
0.0006941098
0.00059167418
0.00049096987
0.00039315242
0.00029937269
0.00021097705
0.00012998323
5.8348512e-05
8.3556794e-06
0.0020233536
0.0019703855
0.0018738016
0.0017794711
0.0017195593
0.0016714245
0.0016157795
0.0015364625
0.0014190001
0.0013188796
0.0012373049
0.00116319
0.0010866491
0.0010009133
0.00090161613
0.00079895762
0.00069552375
0.00059268054
0.00049166268
0.00039361021
0.00029965987
0.00021114519
0.00013007249
5.8387802e-05
8.3632386e-06
0.0020230505
0.0019705765
0.0018761183
0.0017857529
0.0017286627
0.0016810758
0.0016244757
0.0015438766
0.0014267532
0.0013267499
0.0012447547
0.001169787
0.0010920973
0.0010049898
0.00090415737
0.00080085927
0.00069691587
0.00059367261
0.00049234694
0.00039406355
0.00029994526
0.00021131307
0.00013016213
5.8427476e-05
8.3709328e-06
0.0020231862
0.0019713231
0.0018791483
0.001792633
0.0017380246
0.001690744
0.0016330837
0.0015514859
0.0014346362
0.0013346532
0.0012521852
0.0011763519
0.0010974346
0.0010086008
0.00090664887
0.00080272731
0.00069828523
0.00059465008
0.00049302261
0.00039451249
0.00030022893
0.00021148073
0.00013025218
5.8467536e-05
8.378765e-06
0.002023777
0.00197264
0.0018828781
0.001800063
0.0017476098
0.001700408
0.0016416015
0.0015592822
0.0014426425
0.0013425943
0.0012596235
0.0011829053
0.0011026289
0.0010117646
0.00090908567
0.00080455893
0.0006996301
0.00059561177
0.00049368893
0.00039495655
0.0003005106
0.00021164799
0.00013034253
5.8507952e-05
8.3867341e-06
0.0020248376
0.001974538
0.0018872896
0.0018079955
0.0017573846
0.0017100488
0.0016500282
0.001567257
0.0014507715
0.0013505818
0.0012670644
0.0011893993
0.0011076873
0.001014869
0.00091147342
0.0008063553
0.00070095046
0.00059655722
0.00049434526
0.00039539514
0.00030078981
0.00021181457
0.00013043303
5.8548665e-05
8.394831e-06
0.0020263812
0.0019770234
0.0018923605
0.0018163851
0.0017673167
0.0017196493
0.0016583641
0.0015754034
0.0014590255
0.0013586178
0.0012744907
0.0011958049
0.0011126241
0.0010179184
0.00091381618
0.00080811841
0.00070224732
0.00059748677
0.00049499152
0.00039582799
0.00030106625
0.00021198021
0.00013052354
5.858961e-05
8.4030438e-06
0.0020284189
0.0019800981
0.0018980644
0.0018251877
0.0017773754
0.0017291946
0.0016666106
0.0015837169
0.0014674054
0.0013666965
0.0012818837
0.0012021146
0.0011174524
0.0010209154
0.00091611681
0.00080985011
0.00070352186
0.00059840114
0.00049562808
0.00039625516
0.00030133984
0.0002121448
0.00013061394
5.8630737e-05
8.4113611e-06
0.002030959
0.0019837589
0.001904371
0.0018343613
0.0017875317
0.0017386715
0.00167477
0.0015921937
0.0014759093
0.0013748098
0.0012892297
0.0012083273
0.0011221822
0.0010238623
0.00091837744
0.00081155194
0.00070477519
0.00059930115
0.00049625543
0.00039667693
0.00030161067
0.00021230833
0.00013070423
5.867202e-05
8.4197741e-06
0.0020340068
0.0019879983
0.0019112476
0.0018438652
0.001797758
0.0017480691
0.0016828449
0.001600829
0.0014845328
0.0013829505
0.0012965205
0.0012144443
0.0011268203
0.0010267609
0.00092059981
0.00081322522
0.0007060083
0.00060018752
0.00049687414
0.00039709367
0.00030187896
0.00021247091
0.00013079444
5.8713457e-05
8.4282773e-06
0.0020375645
0.0019928043
0.0019186584
0.0018536603
0.0018080285
0.0017573786
0.0016908388
0.0016096192
0.0014932681
0.0013911077
0.0013037528
0.0012204682
0.0011313719
0.0010296126
0.00092278536
0.00081487107
0.00070722203
0.00060106092
0.0004974847
0.00039750573
0.00030214496
0.00021263268
0.00013088462
5.8755057e-05
8.4368674e-06
0.0020416306
0.0019981607
0.0019265662
0.0018637092
0.0018183191
0.0017665917
0.0016987524
0.0016181093
0.0015021137
0.0013992876
0.0013109242
0.0012264012
0.001135842
0.001032419
0.00092493535
0.00081649051
0.00070841715
0.00060192193
0.00049808756
0.00039791347
0.0003024089
0.00021279379
0.00013097483
5.8796842e-05
8.4455453e-06
0.0020462006
0.002004048
0.0019349322
0.0018739763
0.0018286065
0.0017756982
0.0017065823
0.0016251866
0.0015110434
0.0014075778
0.001318064
0.001232243
0.0011402268
0.0010351812
0.00092705091
0.00081808439
0.0007095943
0.00060277103
0.0004986831
0.00039831715
0.00030267097
0.00021295433
0.00013106513
5.8838821e-05
8.4543112e-06
0.0020512662
0.0020104432
0.0019437167
0.0018844267
0.001838868
0.0017846923
0.0017143326
0.0016321988
0.001520019
0.0014159393
0.0013251745
0.0012380131
0.0011445514
0.0010379003
0.000929133
0.00081965364
0.00071075421
0.00060360877
0.00049927169
0.00039871704
0.00030293133
0.00021311441
0.00013115555
5.888101e-05
8.4631661e-06
0.002056816
0.0020173201
0.0019528789
0.0018950264
0.0018490832
0.0017935711
0.0017220066
0.0016391432
0.0015290224
0.0014243887
0.0013323606
0.0012436604
0.0011479963
0.0010405609
0.00093117655
0.00082119607
0.00071189592
0.00060443476
0.00049985325
0.00039911316
0.00030319005
0.00021327407
0.00013124611
5.892341e-05
8.4721129e-06
0.0020628352
0.0020246503
0.0019623777
0.001905742
0.0018592335
0.0018023336
0.0017296068
0.0016460206
0.0015380637
0.0014329228
0.0013395734
0.0012491824
0.0011513248
0.0010431673
0.00093318099
0.00082271066
0.00071301843
0.00060524823
0.00050042723
0.00039950517
0.00030344691
0.00021343318
0.00013133675
5.8966002e-05
8.4811493e-06
0.0020693058
0.002032403
0.0019721712
0.0019165418
0.0018693029
0.00181098
0.0017371345
0.0016528314
0.0015471517
0.0014415183
0.0013467664
0.0012545927
0.0011545947
0.0010457237
0.00093514775
0.0008241978
0.00071412162
0.00060604878
0.00050099319
0.00039989269
0.00030370164
0.00021359157
0.00013142737
5.9008753e-05
8.4902689e-06
0.0020762071
0.0020405453
0.001982218
0.001927395
0.0018792775
0.0018195109
0.0017445869
0.0016595778
0.0015562846
0.00145015
0.0013539177
0.0012599064
0.0011578087
0.0010482331
0.00093707843
0.00082565835
0.00071520588
0.00060683647
0.00050155096
0.00040027547
0.00030395399
0.00021374907
0.00013151788
5.905162e-05
8.4994639e-06
0.0020835158
0.0020490434
0.0019924771
0.0019382725
0.0018891456
0.0018279275
0.0017519653
0.0016662577
0.0015654569
0.0014587995
0.0013610187
0.001265134
0.0011609689
0.0010506976
0.00093897439
0.00082709322
0.0007162718
0.00060761161
0.00050210063
0.00040065345
0.00030420387
0.00021390557
0.0001316082
5.9094568e-05
8.5087266e-06
0.0020912062
0.0020578621
0.0020029085
0.0019491467
0.0018988972
0.00183623
0.0017592719
0.0016728695
0.001574649
0.0014674503
0.00136807
0.0012702857
0.0011640769
0.0010531188
0.00094083669
0.00082850316
0.00071731994
0.00060837457
0.00050264242
0.00040102671
0.00030445125
0.00021406102
0.00013169829
5.913757e-05
8.518049e-06
0.0020992508
0.002066966
0.0020134733
0.0019599916
0.001908524
0.0018444195
0.0017665079
0.0016794115
0.0015838875
0.0014760995
0.001375053
0.0012753563
0.0011671339
0.001055498
0.00094266628
0.00082988884
0.0007183508
0.00060912574
0.00050317658
0.00040139542
0.00030469623
0.00021421547
0.00013178816
5.9180616e-05
8.5274233e-06
0.0021076205
0.0020763195
0.0020241344
0.0019707827
0.0019180185
0.0018524973
0.0017736662
0.0016858772
0.0015913381
0.001484729
0.0013820876
0.0012802234
0.001170138
0.0010578352
0.00094446375
0.00083125088
0.00071936495
0.0006098656
0.00050370351
0.00040175986
0.00030493899
0.00021436901
0.00013187785
5.9223718e-05
8.5368529e-06
0.0021162846
0.002085887
0.0020348562
0.0019814971
0.0019273716
0.0018604633
0.0017807383
0.0016922587
0.0015971021
0.001493398
0.0013891548
0.0012839187
0.0011730709
0.0010601238
0.000946226
0.00083258774
0.00072036166
0.00061059387
0.00050422314
0.00040212005
0.00030517958
0.00021452167
0.00013196736
5.9266868e-05
8.5463363e-06
0.0021252119
0.0020956337
0.0020456051
0.0019921124
0.001936578
0.0018683168
0.0017877213
0.0016985526
0.0016027586
0.0015016352
0.001396249
0.0012875356
0.0011759365
0.0010623627
0.00094795171
0.00083389832
0.00072134014
0.00061131007
0.00050473524
0.00040247592
0.00030541799
0.00021467348
0.00013205671
5.9310072e-05
8.5558739e-06
0.0021343704
0.0021055254
0.0020563496
0.0020026062
0.0019456341
0.0018760548
0.0017946054
0.0017047405
0.0016082983
0.0015065573
0.001400542
0.001291029
0.0011787202
0.0010645439
0.00094963637
0.00083517994
0.00072229874
0.00061201319
0.00050523921
0.00040282712
0.00030565404
0.00021482434
0.00013214585
5.9353319e-05
8.5654772e-06
0.0021437279
0.0021155289
0.0020670587
0.0020129601
0.0019545348
0.0018836734
0.0018013817
0.0017108156
0.0016137195
0.0015113372
0.001404637
0.0012944012
0.0011814165
0.0010666613
0.00095127473
0.00083642866
0.00072323466
0.00061270126
0.0005057337
0.00040317276
0.00030588714
0.00021497388
0.00013223459
5.939654e-05
8.5751381e-06
0.002153252
0.0021256117
0.0020777032
0.0020231573
0.0019632751
0.0018911693
0.0018080456
0.0017167771
0.001619024
0.0015159869
0.0014085982
0.0012976607
0.0011840263
0.0010687129
0.00095286372
0.00083764129
0.00072414509
0.00061337207
0.00050621707
0.00040351171
0.00030611658
0.0002151217
0.00013232274
5.9439664e-05
8.5848381e-06
0.0021629104
0.0021357412
0.0020882576
0.0020331816
0.0019718514
0.0018985407
0.0018145954
0.0017226262
0.0016242134
0.001520513
0.001412437
0.0013008154
0.0011865531
0.0010706996
0.00095440253
0.00083881612
0.00072502803
0.00061402371
0.00050668776
0.00040384278
0.00030634154
0.00021526731
0.00013241007
5.948261e-05
8.5945605e-06
0.0021726704
0.0021458873
0.0020986982
0.0020430191
0.0019802617
0.0019057872
0.0018210309
0.0017283638
0.0016292889
0.0015249204
0.0014161612
0.0013038717
0.0011890005
0.0010726233
0.00095589185
0.00083995283
0.00072588251
0.00061465497
0.00050714455
0.00040416496
0.0003065613
0.00021541027
0.00013249633
5.9525279e-05
8.604287e-06
0.0021825003
0.0021560215
0.0021090034
0.0020526583
0.0019885053
0.0019129091
0.0018273525
0.0017339904
0.0016342514
0.0015292128
0.0014197769
0.0013068348
0.0011913722
0.0010744864
0.00095733312
0.00084105201
0.00072670847
0.00061526536
0.00050758678
0.0004044776
0.00030677531
0.00021555018
0.00013258132
5.9567575e-05
8.6139973e-06
0.0021923693
0.0021661169
0.0021191545
0.0020620906
0.0019965828
0.0019199069
0.0018335606
0.0017395062
0.0016391018
0.0015333937
0.0014232892
0.0013097091
0.0011936712
0.0010762912
0.00095872804
0.00084211477
0.00072750646
0.00061585497
0.00050801428
0.00040478039
0.00030698329
0.00021568684
0.00013266488
5.9609422e-05
8.6236726e-06
0.0022022478
0.0021761484
0.0021291353
0.00207131
0.0020044955
0.0019267809
0.0018396552
0.0017449114
0.0016438414
0.0015374662
0.0014267021
0.0013124983
0.0011959005
0.0010780401
0.00096007841
0.00084314247
0.00072827741
0.00061642435
0.00050842728
0.0004050734
0.00030718518
0.00021582016
0.00013274696
5.9650772e-05
8.6332969e-06
0.0022121076
0.0021860928
0.0021389326
0.0020803137
0.0020122455
0.0019335315
0.0018456364
0.0017502059
0.0016484712
0.001541433
0.0014300193
0.0013152058
0.0011980628
0.0010797352
0.00096138601
0.00084413659
0.00072902244
0.0006169743
0.0005088263
0.00040535692
0.00030738115
0.00021595022
0.00013282756
5.9691608e-05
8.6428586e-06
0.0022219219
0.0021959293
0.002148536
0.0020891007
0.0020198347
0.0019401586
0.0018515041
0.0017553901
0.0016529926
0.001545297
0.0014332441
0.0013178345
0.0012001605
0.0010813784
0.0009626526
0.0008450986
0.0007297428
0.0006175058
0.00050921207
0.00040563145
0.0003075715
0.00021607718
0.00013290675
5.9731933e-05
8.6523499e-06
0.002231666
0.0022056389
0.0021579374
0.0020976725
0.0020272652
0.0019466619
0.0018572581
0.0017604641
0.0016574071
0.0015490605
0.0014363793
0.0013203872
0.0012021959
0.0010829717
0.00096387983
0.00084602999
0.00073043974
0.00061801987
0.00050958537
0.00040589757
0.00030775663
0.00021620126
0.00013298462
5.9771768e-05
8.6617668e-06
0.0022413171
0.0022152051
0.0021671316
0.002106032
0.0020345391
0.0019530411
0.0018628981
0.0017654285
0.001661716
0.0015527259
0.0014394276
0.0013228663
0.0012041712
0.0010845171
0.00096506932
0.00084693216
0.0007311145
0.00061851756
0.00050994704
0.00040615589
0.00030793695
0.00021632271
0.00013306127
5.981114e-05
8.671108e-06
0.0022508544
0.0022246138
0.0021761157
0.0021141828
0.0020416582
0.0019592959
0.0018684242
0.0017702838
0.0016659209
0.0015562955
0.0014423915
0.0013252743
0.0012060883
0.0010860161
0.00096622259
0.00084780646
0.00073176825
0.00061899986
0.00051029791
0.00040640704
0.00030811288
0.00021644178
0.00013313683
5.9850084e-05
8.6803739e-06
0.0022602595
0.0022338531
0.0021848883
0.0021221296
0.0020486241
0.0019654259
0.0018738362
0.0017750307
0.0016700233
0.0015597714
0.0014452735
0.0013276132
0.0012079493
0.0010874705
0.00096734108
0.00084865418
0.00073240214
0.00061946775
0.00051063874
0.00040665162
0.00030828484
0.0002165587
0.00013321139
5.988863e-05
8.6895663e-06
0.0022695162
0.0022429132
0.0021934495
0.0021298772
0.0020554384
0.001971431
0.0018791343
0.00177967
0.0016740248
0.0015631559
0.0014480757
0.0013298853
0.001209756
0.0010888818
0.00096842616
0.00084947652
0.00073301719
0.00061992211
0.00051097026
0.00040689015
0.00030845319
0.00021667368
0.00013328504
5.9926808e-05
8.6986872e-06
0.0022786106
0.0022517859
0.0022018005
0.0021374307
0.0020621026
0.001977311
0.0018843188
0.0017842025
0.0016779271
0.0015664508
0.0014508003
0.0013320925
0.00121151
0.0010902516
0.00096947912
0.00085027459
0.0007336144
0.00062036377
0.00051129314
0.00040712313
0.00030861825
0.00021678691
0.00013335787
5.9964643e-05
8.7077392e-06
0.0022875309
0.0022604652
0.0022099431
0.002144795
0.002068618
0.0019830661
0.00188939
0.0017886294
0.0016817318
0.0015696582
0.0014534492
0.0013342366
0.001213213
0.0010915811
0.00097050117
0.00085104946
0.00073419465
0.00062079347
0.00051160795
0.000407351
0.00030878031
0.00021689855
0.00013342994
6.0002159e-05
8.7167247e-06
0.0022962671
0.0022689464
0.0022178799
0.002151975
0.0020749863
0.0019886966
0.0018943483
0.0017929516
0.0016854404
0.0015727801
0.0014560246
0.0013363194
0.0012148665
0.0010928718
0.00097149344
0.00085180208
0.00073475877
0.00062121188
0.00051191523
0.00040757413
0.00030893961
0.00021700872
0.00013350131
6.0039372e-05
8.725646e-06
0.0023048116
0.0022772263
0.0022256138
0.002158975
0.0020812088
0.001994203
0.0018991946
0.0017971704
0.0016890546
0.0015758182
0.0014585281
0.0013383426
0.0012164721
0.0010941249
0.00097245701
0.00085253336
0.00073530752
0.00062161963
0.00051221544
0.00040779285
0.00030909636
0.00021711754
0.00013357202
6.0076298e-05
8.7345051e-06
0.0023131582
0.002285303
0.002233148
0.0021657993
0.0020872874
0.0019995859
0.0019039295
0.001801287
0.0016925761
0.0015787745
0.0014609617
0.001340308
0.0012180311
0.0010953417
0.00097339287
0.00085324415
0.00073584158
0.00062201724
0.00051250899
0.00040800745
0.00030925073
0.0002172251
0.00013364211
6.0112949e-05
8.7433038e-06
0.0023213025
0.0022931755
0.0022404858
0.0021724517
0.0020932238
0.0020048461
0.0019085539
0.0018053028
0.0016960066
0.0015816507
0.001463327
0.001342217
0.001219545
0.0010965231
0.00097430198
0.00085393522
0.00073636158
0.00062240522
0.00051279625
0.00040821818
0.00030940288
0.00021733147
0.00013371161
6.0149335e-05
8.7520438e-06
0.0023292415
0.0023008441
0.0022476308
0.0021789362
0.0020990197
0.0020099846
0.001913069
0.001809219
0.0016993476
0.0015844486
0.0014656258
0.0013440711
0.0012210149
0.0010976704
0.00097518522
0.0008546073
0.0007368681
0.00062278401
0.00051307754
0.00040842523
0.00030955291
0.00021743671
0.00013378054
6.0185463e-05
8.7607262e-06
0.0023369736
0.0023083095
0.0022545865
0.0021852563
0.0021046768
0.0020150025
0.0019174758
0.0018130371
0.0017026008
0.0015871698
0.0014678596
0.0013458718
0.0012224421
0.0010987845
0.00097604344
0.00085526106
0.00073736167
0.000623154
0.00051335312
0.00040862879
0.00030970094
0.00021754087
0.00013384892
6.022134e-05
8.7693521e-06
0.0023444982
0.0023155734
0.0022613567
0.0021914154
0.0021101972
0.0020199011
0.0019217755
0.0018167585
0.001705768
0.0015898162
0.0014700302
0.0013476206
0.0012238279
0.0010998665
0.00097687743
0.00085589714
0.00073784277
0.00062351554
0.00051362325
0.00040882901
0.00030984705
0.00021764399
0.00013391676
6.0256969e-05
8.7779222e-06
0.0023518159
0.0023226378
0.0022679449
0.0021974168
0.0021155827
0.0020246817
0.0019259696
0.0018203849
0.0017088506
0.0015923892
0.0014721389
0.0013493186
0.0012251733
0.0011009172
0.00097768796
0.00085651612
0.00073831185
0.00062386897
0.00051388814
0.00040902603
0.00030999131
0.0002177461
0.00013398408
6.0292354e-05
8.7864374e-06
0.0023589278
0.0023295054
0.0022743548
0.0022032635
0.0021208355
0.0020293459
0.0019300595
0.0018239177
0.0017118504
0.0015948907
0.0014741873
0.0013509674
0.0012264795
0.0011019376
0.00097847573
0.00085711857
0.00073876932
0.00062421457
0.00051414799
0.00040921996
0.00031013377
0.00021784723
0.00013405088
6.0327499e-05
8.794898e-06
0.0023658361
0.0023361791
0.0022805901
0.0022089587
0.0021259575
0.002033895
0.0019340465
0.0018273585
0.001714769
0.001597322
0.0014761769
0.0013525681
0.0012277476
0.0011029286
0.00097924145
0.000857705
0.00073921558
0.00062455261
0.00051440297
0.00040941091
0.0003102745
0.00021794739
0.00013411716
6.0362404e-05
8.8033045e-06
0.0023725435
0.0023426624
0.0022866543
0.0022145054
0.0021309508
0.0020383309
0.0019379323
0.0018307089
0.0017176081
0.001599685
0.0014781091
0.001354122
0.0012289785
0.001103891
0.00097998575
0.00085827592
0.00073965098
0.00062488334
0.00051465324
0.00040959895
0.00031041354
0.0002180466
0.00013418295
6.0397072e-05
8.8116569e-06
0.002379053
0.0023489588
0.0022925512
0.0022199065
0.0021358177
0.0020426551
0.0019417184
0.0018339705
0.0017203692
0.0016019809
0.0014799853
0.0013556303
0.0012301733
0.0011048255
0.00098070928
0.0008588318
0.00074007586
0.00062520699
0.00051489893
0.00040978418
0.00031055091
0.00021814489
0.00013424823
6.0431502e-05
8.8199556e-06
0.0023853683
0.0023550721
0.0022982844
0.002225165
0.0021405603
0.0020468694
0.0019454065
0.001837145
0.001723054
0.0016042115
0.0014818068
0.0013570941
0.001231333
0.0011057331
0.00098141264
0.00085937308
0.00074049053
0.00062552377
0.00051514019
0.00040996667
0.00031068667
0.00021824225
0.00013431301
6.0465697e-05
8.8282005e-06
0.0023914932
0.0023610062
0.0023038576
0.0022302838
0.0021451807
0.0020509757
0.0019489984
0.001840234
0.0017256641
0.0016063782
0.0014835752
0.0013585148
0.0012324585
0.0011066144
0.00098209641
0.00085990021
0.00074089531
0.00062583389
0.00051537713
0.00041014648
0.00031082083
0.00021833872
0.0001343773
6.0499657e-05
8.8363916e-06
0.0023974321
0.0023667653
0.0023092744
0.0022352657
0.0021496813
0.0020549758
0.0019524956
0.0018432392
0.0017282011
0.0016084826
0.0014852915
0.0013598933
0.0012335507
0.0011074701
0.00098276118
0.0008604136
0.00074129049
0.00062613753
0.00051560987
0.00041032367
0.00031095344
0.00021843428
0.0001344411
6.0533382e-05
8.844529e-06
0.0024031891
0.0023723535
0.0023145384
0.0022401138
0.0021540642
0.0020588715
0.0019558999
0.0018461623
0.0017306666
0.001610526
0.0014869573
0.0013612308
0.0012346107
0.0011083011
0.00098340748
0.00086091365
0.00074167634
0.00062643487
0.00051583853
0.00041049832
0.00031108452
0.00021852897
0.0001345044
6.0566874e-05
8.8526126e-06
0.0024087689
0.002377775
0.0023196533
0.0022448307
0.0021583317
0.0020626649
0.0019592131
0.001849005
0.0017330622
0.00161251
0.0014885736
0.0013625284
0.0012356392
0.001109108
0.00098403585
0.00086140076
0.00074205314
0.0006267261
0.0005160632
0.00041067047
0.00031121409
0.00021862278
0.00013456723
6.0600133e-05
8.8606423e-06
0.0024141761
0.0023830342
0.0023246227
0.0022494195
0.002162486
0.0020663577
0.001962437
0.0018517689
0.0017353895
0.001614436
0.001490142
0.0013637871
0.0012366371
0.0011098916
0.00098464682
0.0008618753
0.00074242115
0.00062701139
0.00051628399
0.00041084018
0.00031134219
0.00021871573
0.00013462957
6.0633158e-05
8.868618e-06
0.0024194153
0.0023881352
0.0023294501
0.0022538829
0.0021665295
0.0020699521
0.0019655734
0.0018544558
0.0017376501
0.0016163054
0.0014916635
0.0013650081
0.0012376054
0.0011106524
0.00098524091
0.00086233764
0.00074278062
0.0006272909
0.00051650101
0.00041100751
0.00031146883
0.00021880782
0.00013469143
6.0665951e-05
8.8765397e-06
0.0024244913
0.0023930825
0.0023341392
0.0022582238
0.0021704645
0.0020734498
0.0019686241
0.0018570673
0.0017398455
0.0016181197
0.0014931394
0.0013661923
0.0012385448
0.0011113912
0.0009858186
0.00086278815
0.0007431318
0.00062756478
0.00051671434
0.00041117251
0.00031159405
0.00021889908
0.00013475282
6.0698513e-05
8.8844072e-06
0.0024294087
0.0023978803
0.0023386934
0.0022624449
0.0021742932
0.002076853
0.0019715908
0.0018596051
0.0017419773
0.0016198802
0.001494571
0.0013673409
0.0012394562
0.0011121085
0.0009863804
0.00086322718
0.00074347495
0.00062783322
0.0005169241
0.00041133523
0.00031171788
0.00021898951
0.00013481373
6.0730844e-05
8.8922205e-06
0.0024341724
0.0024025327
0.0023431162
0.0022665491
0.0021780179
0.0020801637
0.0019744754
0.0018620709
0.0017440471
0.0016215883
0.0014959594
0.0013684547
0.0012403404
0.0011128051
0.00098692678
0.00086365508
0.00074381029
0.00062809635
0.00051713036
0.00041149574
0.00031184034
0.00021907912
0.00013487418
6.0762945e-05
8.8999796e-06
0.002438787
0.0024070441
0.0023474112
0.0022705392
0.0021816409
0.0020833837
0.0019772798
0.0018644664
0.0017460563
0.0016232455
0.0014973058
0.0013695349
0.0012411982
0.0011134816
0.00098745822
0.00086407219
0.00074413807
0.00062835434
0.00051733324
0.00041165408
0.00031196145
0.00021916792
0.00013493416
6.0794819e-05
8.9076845e-06
0.0024432571
0.0024114185
0.0023515816
0.0022744178
0.0021851645
0.0020865152
0.0019800056
0.0018667932
0.0017480066
0.001624853
0.0014986115
0.0013705823
0.0012420305
0.0011141386
0.00098797519
0.00086447886
0.00074445853
0.00062860734
0.00051753282
0.00041181031
0.00031208126
0.00021925594
0.00013499368
6.0826465e-05
8.9153351e-06
0.0024475872
0.0024156601
0.002355631
0.0022781878
0.0021885909
0.00208956
0.0019826549
0.0018690531
0.0017498993
0.0016264123
0.0014998775
0.001371598
0.0012428379
0.0011147768
0.00098847815
0.00086487542
0.00074477189
0.00062885551
0.0005177292
0.00041196449
0.00031219978
0.00021934318
0.00013505275
6.0857886e-05
8.9229314e-06
0.0024517818
0.0024197729
0.0023595626
0.0022818518
0.0021919225
0.0020925203
0.0019852292
0.0018712476
0.0017517362
0.0016279246
0.0015011051
0.0013725829
0.0012436213
0.0011153966
0.00098896755
0.0008652622
0.00074507839
0.00062909899
0.00051792248
0.00041211666
0.00031231705
0.00021942965
0.00013511138
6.0889082e-05
8.9304737e-06
0.0024558453
0.0024237607
0.0023633797
0.0022854125
0.0021951615
0.0020953979
0.0019877305
0.0018733785
0.0017535185
0.0016293913
0.0015022953
0.0013735379
0.0012443815
0.0011159987
0.00098944384
0.00086563951
0.00074537824
0.00062933794
0.00051811275
0.0004122669
0.0003124331
0.00021951537
0.00013516955
6.0920056e-05
8.9379619e-06
0.002459782
0.0024276275
0.0023670855
0.0022888726
0.0021983101
0.0020981948
0.0019901606
0.0018754473
0.0017552478
0.0016308136
0.0015034492
0.001374464
0.0012451191
0.0011165837
0.00098990746
0.00086600769
0.00074567168
0.00062957251
0.00051830011
0.00041241525
0.00031254795
0.00021960036
0.0001352273
6.0950809e-05
8.9453962e-06
0.0024635962
0.0024313771
0.0023706832
0.0022922346
0.0022013705
0.0021009131
0.0019925211
0.0018774558
0.0017569255
0.0016321929
0.001504568
0.0013753621
0.0012458349
0.0011171522
0.00099035884
0.00086636704
0.00074595892
0.00062980284
0.00051848465
0.00041256176
0.00031266164
0.00021968463
0.00013528461
6.0981343e-05
8.9527767e-06
0.0024672918
0.0024350131
0.0023741759
0.0022955013
0.002204345
0.0021035547
0.001994814
0.0018794053
0.0017585532
0.0016335303
0.0015056527
0.0013762331
0.0012465296
0.0011177047
0.00099079841
0.00086671788
0.00074624018
0.00063002908
0.00051866647
0.00041270651
0.00031277421
0.00021976819
0.00013534149
6.101166e-05
8.9601037e-06
0.0024708729
0.0024385392
0.0023775667
0.002298675
0.0022072358
0.0021061214
0.0019970409
0.0018812977
0.0017601321
0.0016348273
0.0015067045
0.0013770778
0.001247204
0.0011182417
0.00099122659
0.00086706052
0.00074651569
0.00063025139
0.00051884565
0.00041284954
0.00031288567
0.00021985106
0.00013539796
6.1041764e-05
8.9673775e-06
0.0024743433
0.0024419589
0.0023808586
0.0023017585
0.002210045
0.0021086153
0.0019992035
0.0018831344
0.0017616638
0.0016360849
0.0015077242
0.0013778972
0.0012478587
0.0011187639
0.0009916438
0.00086739525
0.00074678566
0.0006304699
0.0005190223
0.0004129909
0.00031299607
0.00021993326
0.00013545402
6.1071655e-05
8.9745982e-06
0.002477707
0.0024452757
0.0023840544
0.002304754
0.0022127748
0.0021110382
0.0020013037
0.001884917
0.0017631496
0.0016373044
0.0015087131
0.001378692
0.0012484944
0.0011192718
0.00099205044
0.00086772239
0.00074705029
0.00063068476
0.0005191965
0.00041313067
0.00031310543
0.00022001481
0.00013550967
6.1101337e-05
8.9817663e-06
0.0024809674
0.0024484929
0.0023871572
0.0023076641
0.0022154272
0.002113392
0.0020033431
0.0018866471
0.0017645908
0.0016384871
0.0015096721
0.0013794633
0.0012491119
0.0011197659
0.00099244691
0.00086804223
0.0007473098
0.00063089611
0.00051936835
0.00041326889
0.0003132138
0.00022009571
0.00013556493
6.1130811e-05
8.9888819e-06
0.0024841283
0.0024516138
0.0023901697
0.0023104913
0.0022180044
0.0021156786
0.0020053234
0.0018883262
0.0017659889
0.001639634
0.0015106022
0.0013802116
0.0012497117
0.0011202467
0.00099283361
0.00086835504
0.00074756439
0.00063110409
0.00051953795
0.00041340562
0.00031332119
0.00022017599
0.0001356198
6.116008e-05
8.9959456e-06
0.0024871931
0.0024546416
0.0023930946
0.0023132378
0.0022205085
0.0021178999
0.0020072462
0.0018899557
0.0017673452
0.0016407463
0.0015115043
0.001380938
0.0012502946
0.0011207147
0.00099321093
0.00086866113
0.00074781426
0.00063130884
0.00051970537
0.00041354091
0.00031342764
0.00022025566
0.00013567428
6.1189148e-05
9.0029578e-06
0.002490165
0.0024575794
0.0023959348
0.002315906
0.0022229415
0.0021200576
0.0020091132
0.0018915371
0.0017686609
0.0016418252
0.0015123796
0.0013816431
0.0012508611
0.0011211704
0.00099357925
0.00086896076
0.00074805962
0.00063151049
0.00051987071
0.00041367482
0.00031353318
0.00022033474
0.00013572839
6.1218016e-05
9.0099187e-06
0.0024930475
0.0024604302
0.0023986927
0.0023184981
0.0022253054
0.0021221536
0.0020109261
0.001893072
0.0017699374
0.0016428719
0.0015132288
0.0013823278
0.001251412
0.0011216144
0.00099393893
0.00086925422
0.00074830065
0.00063170919
0.00052003406
0.00041380741
0.00031363785
0.00022041324
0.00013578213
6.1246687e-05
9.016829e-06
0.0024958436
0.0024631969
0.0024013711
0.0023210166
0.0022276022
0.0021241897
0.0020126864
0.0018945617
0.001771176
0.0016438873
0.001514053
0.0013829928
0.0012519477
0.0011220471
0.00099429035
0.00086954177
0.00074853756
0.00063190505
0.0005201955
0.00041393872
0.00031374167
0.00022049118
0.0001358355
6.1275166e-05
9.0236891e-06
0.0024985565
0.0024658824
0.0024039724
0.0023234634
0.0022298339
0.0021261675
0.0020143958
0.0018960077
0.0017723778
0.0016448726
0.001514853
0.0013836389
0.001252469
0.0011224689
0.00099463386
0.00086982367
0.00074877053
0.00063209822
0.00052035512
0.00041406882
0.00031384468
0.00022056858
0.00013588853
6.1303454e-05
9.0304995e-06
0.002501189
0.0024684894
0.002406499
0.0023258409
0.0022320023
0.0021280889
0.0020160557
0.0018974114
0.0017735442
0.0016458289
0.0015156297
0.0013842668
0.0012529763
0.0011228804
0.00099496982
0.0008701002
0.00074899974
0.00063228882
0.00052051301
0.00041419775
0.0003139469
0.00022064545
0.00013594121
6.1331555e-05
9.0372608e-06
0.002503744
0.0024710207
0.0024089535
0.0023281511
0.0022341094
0.0021299555
0.0020176677
0.0018987741
0.0017746763
0.0016467571
0.0015163841
0.0013848773
0.0012534704
0.0011232819
0.00099529856
0.00087037159
0.00074922538
0.00063247697
0.00052066924
0.00041432556
0.00031404837
0.00022072182
0.00013599355
6.135947e-05
9.0439735e-06
0.0025062244
0.0024734789
0.0024113381
0.0023303961
0.002236157
0.0021317691
0.0020192334
0.0019000972
0.0017757754
0.0016476583
0.001517117
0.001385471
0.0012539517
0.001123674
0.00099562042
0.0008706381
0.00074944762
0.0006326628
0.00052082389
0.00041445231
0.00031414911
0.00022079768
0.00013604556
6.1387205e-05
9.0506382e-06
0.0025086328
0.0024758664
0.0024136551
0.002332578
0.002238147
0.0021335312
0.0020207542
0.0019013819
0.0017768425
0.0016485336
0.0015178292
0.0013860486
0.0012544208
0.0011240571
0.00099593574
0.00087089996
0.00074966663
0.00063284641
0.00052097705
0.00041457804
0.00031424916
0.00022087307
0.00013609725
6.1414761e-05
9.0572555e-06
0.0025109718
0.0024781858
0.0024159068
0.0023346988
0.0022400812
0.0021352434
0.0020222315
0.0019026297
0.0017778788
0.0016493838
0.0015185215
0.0013866108
0.0012548783
0.0011244315
0.00099624482
0.00087115742
0.00074988259
0.00063302794
0.00052112878
0.00041470281
0.00031434854
0.00022094799
0.00013614862
6.1442141e-05
9.063826e-06
0.002513244
0.0024804394
0.0024180953
0.0023367603
0.0022419613
0.0021369074
0.0020236668
0.0019038418
0.0017788854
0.0016502099
0.0015191947
0.0013871582
0.0012553246
0.0011247977
0.00099654797
0.0008714107
0.00075009565
0.00063320749
0.00052127917
0.00041482665
0.00031444728
0.00022102246
0.00013619969
6.146935e-05
9.0703504e-06
0.0025154517
0.0024826296
0.0024202227
0.0023387646
0.002243789
0.0021385248
0.0020250615
0.0019050193
0.0017798635
0.001651013
0.0015198497
0.0013876916
0.0012557603
0.0011251561
0.00099684551
0.00087166002
0.00075030597
0.00063338517
0.00052142829
0.00041494961
0.0003145454
0.0002210965
0.00013625045
6.1496389e-05
9.0768293e-06
0.0025175974
0.0024847586
0.0024222912
0.0023407135
0.002245566
0.002140097
0.002026417
0.0019061636
0.001780814
0.0016517937
0.0015204871
0.0013882115
0.0012561858
0.001125507
0.00099713772
0.0008719056
0.00075051372
0.00063356109
0.0005215762
0.00041507175
0.00031464294
0.00022117011
0.00013630092
6.1523263e-05
9.0832633e-06
0.0025196833
0.0024868286
0.0024243027
0.0023426089
0.0022472941
0.0021416255
0.0020277346
0.0019072759
0.0017817381
0.0016525532
0.0015211078
0.0013887185
0.0012566018
0.0011258509
0.00099742489
0.00087214765
0.00075071904
0.00063373535
0.00052172298
0.00041519309
0.00031473991
0.00022124332
0.0001363511
6.1549974e-05
9.0896532e-06
0.0025217117
0.0024888418
0.0024262592
0.0023444524
0.0022489748
0.0021431119
0.0020290157
0.0019083572
0.0017826367
0.0016532922
0.0015217124
0.0013892132
0.0012570085
0.0011261882
0.00099770729
0.00087238638
0.00075092207
0.00063390805
0.00052186869
0.00041531369
0.00031483635
0.00022131614
0.000136401
6.1576525e-05
9.0959995e-06
0.0025236846
0.0024908
0.0024281626
0.0023462459
0.0022506097
0.0021445575
0.0020302614
0.0019094088
0.0017835108
0.0016540116
0.0015223017
0.0013896963
0.0012574065
0.0011265191
0.00099798521
0.00087262199
0.00075112296
0.0006340793
0.0005220134
0.00041543358
0.00031493227
0.00022138857
0.00013645063
6.1602919e-05
9.1023031e-06
0.0025256042
0.0024927055
0.0024300147
0.0023479911
0.0022522003
0.0021459639
0.0020314732
0.0019104318
0.0017843615
0.0016547122
0.0015228764
0.0013901682
0.0012577963
0.001126844
0.00099825888
0.00087285465
0.00075132184
0.00063424917
0.00052215717
0.0004155528
0.00031502771
0.00022146064
0.0001365
6.162916e-05
9.1085645e-06
0.0025274724
0.00249456
0.0024318174
0.0023496897
0.0022537483
0.0021473323
0.0020326522
0.0019114272
0.0017851896
0.0016553948
0.001523437
0.0013906294
0.0012581782
0.0011271632
0.00099852858
0.00087308457
0.00075151885
0.00063441777
0.00052230005
0.0004156714
0.00031512267
0.00022153236
0.0001365491
6.165525e-05
9.1147846e-06
0.0025292912
0.0024963654
0.0024335724
0.0023513432
0.002255255
0.002148664
0.0020337996
0.0019123961
0.0017859961
0.0016560602
0.0015239843
0.0013910806
0.0012585528
0.0011274771
0.00099879453
0.00087331191
0.00075171411
0.00063458518
0.00052244211
0.0004157894
0.00031521719
0.00022160373
0.00013659795
6.1681193e-05
9.1209639e-06
0.0025310624
0.0024981237
0.0024352814
0.0023529532
0.0022567219
0.0021499605
0.0020349167
0.0019133396
0.0017867818
0.0016567091
0.0015245189
0.0013915223
0.0012589203
0.0011277861
0.00099905699
0.00087353686
0.00075190775
0.00063475149
0.0005225834
0.00041590684
0.00031531129
0.00022167477
0.00013664656
6.1706992e-05
9.1271032e-06
0.0025327879
0.0024998365
0.0024369462
0.0023545214
0.0022581506
0.002151223
0.0020360045
0.0019142587
0.0017875477
0.0016573424
0.0015250415
0.0013919549
0.0012592811
0.0011280902
0.00099931616
0.00087375957
0.00075209988
0.00063491678
0.00052272398
0.00041602376
0.00031540498
0.0002217455
0.00013669492
6.1732649e-05
9.1332032e-06
0.0025344695
0.0025015055
0.0024385682
0.0023560491
0.0022595422
0.0021524528
0.0020370642
0.0019151544
0.0017882946
0.0016579607
0.0015255525
0.0013923788
0.0012596358
0.00112839
0.00099957228
0.00087398021
0.00075229061
0.00063508112
0.00052286389
0.00041614019
0.00031549829
0.00022181592
0.00013674305
6.1758168e-05
9.1392647e-06
0.0025361087
0.0025031325
0.0024401491
0.0023575379
0.0022608982
0.0021536511
0.0020380969
0.0019160275
0.0017890234
0.0016585647
0.0015260526
0.0013927947
0.0012599845
0.0011286857
0.00099982556
0.00087419893
0.00075248007
0.00063524458
0.00052300319
0.00041625616
0.00031559123
0.00022188604
0.00013679095
6.1783551e-05
9.1452882e-06
0.0025377073
0.0025047189
0.0024416905
0.0023589892
0.0022622199
0.002154819
0.0020391036
0.0019168792
0.0017897347
0.0016591551
0.0015265423
0.0013932029
0.0012603278
0.0011289774
0.0010000762
0.00087441588
0.00075266834
0.00063540725
0.00052314193
0.0004163717
0.00031568383
0.00022195588
0.00013683863
6.1808801e-05
9.1512746e-06
0.0025392669
0.0025062664
0.0024431937
0.0023604044
0.0022635086
0.0021559578
0.0020400855
0.0019177102
0.0017904295
0.0016597325
0.0015270222
0.0013936038
0.0012606658
0.0011292656
0.0010003244
0.0008746312
0.00075285553
0.00063556919
0.00052328014
0.00041648683
0.0003157761
0.00022202545
0.0001368861
6.1833922e-05
9.1572246e-06
0.002540789
0.0025077764
0.0024446603
0.0023617849
0.0022647655
0.0021570685
0.0020410434
0.0019185214
0.0017911084
0.0016602976
0.0015274928
0.0013939979
0.001260999
0.0011295504
0.0010005703
0.00087484503
0.00075304174
0.00063573047
0.00052341787
0.00041660159
0.00031586805
0.00022209474
0.00013693335
6.1858915e-05
9.1631387e-06
0.002542275
0.0025092505
0.0024460916
0.0023631319
0.0022659919
0.0021581524
0.0020419784
0.0019193138
0.0017917723
0.001660851
0.0015279546
0.0013943856
0.0012613276
0.0011298321
0.0010008142
0.0008750575
0.00075322706
0.00063589114
0.00052355517
0.00041671601
0.0003159597
0.00022216379
0.0001369804
6.1883784e-05
9.1690179e-06
0.0025437265
0.00251069
0.002447489
0.0023644467
0.0022671889
0.0021592103
0.0020428915
0.001920088
0.0017924218
0.0016613933
0.0015284081
0.0013947673
0.0012616521
0.0011301109
0.0010010561
0.00087526873
0.00075341157
0.00063605127
0.00052369206
0.0004168301
0.00031605108
0.00022223259
0.00013702724
6.1908531e-05
9.1748626e-06
0.0025451447
0.0025120963
0.0024488538
0.0023657306
0.0022683577
0.0021602435
0.0020437835
0.0019208451
0.0017930575
0.0016619251
0.0015288537
0.0013951433
0.0012619725
0.001130387
0.0010012963
0.00087547885
0.00075359536
0.00063621091
0.0005238286
0.00041694389
0.00031614219
0.00022230115
0.0001370739
6.193316e-05
9.1806737e-06
0.0025465311
0.0025134708
0.0024501873
0.0023669848
0.0022694993
0.0021612529
0.0020446554
0.0019215857
0.0017936803
0.0016624469
0.0015292919
0.0013955141
0.0012622893
0.0011306607
0.0010015349
0.00087568795
0.00075377852
0.00063637012
0.00052396481
0.0004170574
0.00031623304
0.00022236948
0.00013712036
6.1957672e-05
9.1864518e-06
0.002547887
0.0025148146
0.0024514908
0.0023682105
0.002270615
0.0021622395
0.002045508
0.0019223105
0.0017942906
0.0016629592
0.0015297232
0.0013958798
0.0012626028
0.0011309322
0.0010017721
0.00087589617
0.0007539611
0.00063652894
0.00052410073
0.00041717066
0.00031632365
0.00022243758
0.00013716664
6.198207e-05
9.1921975e-06
0.0025492136
0.0025161292
0.0024527654
0.0023694088
0.0022717057
0.0021632042
0.0020463422
0.0019230204
0.0017948892
0.0016634626
0.001530148
0.001396241
0.001262913
0.0011312016
0.001002008
0.00087610358
0.00075414319
0.00063668744
0.00052423639
0.00041728368
0.00031641404
0.00022250548
0.00013721274
6.2006357e-05
9.1979116e-06
0.0025505121
0.0025174155
0.0024540123
0.0023705808
0.0022727724
0.0021641481
0.0020471588
0.0019237161
0.0017954767
0.0016639576
0.0015305666
0.0013965979
0.0012632204
0.0011314691
0.0010022427
0.00087631031
0.00075432486
0.00063684565
0.00052437182
0.00041739648
0.00031650421
0.00022257317
0.00013725866
6.2030535e-05
9.2035947e-06
0.0025517837
0.002518675
0.0024552326
0.0023717275
0.0022738162
0.0021650719
0.0020479586
0.0019243981
0.0017960535
0.0016644447
0.0015309795
0.0013969508
0.0012635252
0.001131735
0.0010024765
0.00087651643
0.00075450617
0.00063700361
0.00052450704
0.00041750909
0.00031659418
0.00022264066
0.00013730442
6.2054607e-05
9.2092475e-06
0.0025530295
0.0025199085
0.0024564275
0.0023728502
0.0022748381
0.0021659765
0.0020487424
0.0019250673
0.0017966204
0.0016649243
0.001531387
0.0013972999
0.0012638275
0.0011319993
0.0010027093
0.00087672203
0.00075468717
0.00063716137
0.00052464209
0.00041762152
0.00031668396
0.00022270797
0.00013735
6.2078574e-05
9.2148706e-06
0.0025542507
0.0025211174
0.002457598
0.0023739496
0.0022758388
0.0021668628
0.0020495109
0.0019257242
0.0017971778
0.0016653969
0.0015317895
0.0013976457
0.0012641276
0.0011322623
0.0010029413
0.00087692721
0.00075486793
0.00063731897
0.00052477699
0.00041773378
0.00031677355
0.00022277508
0.00013739543
6.2102439e-05
9.2204646e-06
0.0025554483
0.0025223025
0.0024587451
0.0023750269
0.0022768195
0.0021677317
0.0020502649
0.0019263694
0.0017977262
0.0016658628
0.0015321874
0.0013979884
0.0012644257
0.0011325241
0.0010031727
0.00087713203
0.0007550485
0.00063747644
0.00052491177
0.00041784589
0.00031686297
0.00022284202
0.00013744069
6.2126205e-05
9.2260302e-06
0.0025566234
0.0025234649
0.0024598698
0.0023760829
0.0022777809
0.0021685839
0.002051005
0.0019270037
0.0017982662
0.0016663226
0.0015325809
0.0013983281
0.001264722
0.0011327849
0.0010034035
0.00087733658
0.00075522894
0.00063763382
0.00052504644
0.00041795787
0.00031695223
0.00022290878
0.0001374858
6.2149873e-05
9.2315679e-06
0.0025577768
0.0025246057
0.0024609732
0.0023771186
0.0022787239
0.0021694201
0.0020517319
0.0019276274
0.0017987983
0.0016667766
0.0015329704
0.0013986653
0.0012650167
0.0011330447
0.0010036338
0.00087754092
0.00075540928
0.00063779113
0.00052518102
0.00041806972
0.00031704132
0.00022297538
0.00013753076
6.2173447e-05
9.2370784e-06
0.0025589097
0.0025257257
0.002462056
0.0023781349
0.0022796493
0.0021702412
0.0020524462
0.0019282412
0.0017993228
0.0016672251
0.0015333562
0.001399
0.00126531
0.0011333038
0.0010038638
0.00087774512
0.00075558958
0.00063794841
0.00052531555
0.00041818146
0.00031713028
0.00022304182
0.00013757558
6.2196927e-05
9.2425624e-06
0.0025600228
0.0025268259
0.0024631193
0.0023791326
0.0022805579
0.0021710478
0.0020531487
0.0019288457
0.0017998403
0.0016676686
0.0015337385
0.0013993325
0.001265602
0.0011335622
0.0010040935
0.00087794924
0.00075576988
0.00063810568
0.00052545002
0.00041829311
0.00031721909
0.00022310809
0.00013762025
6.2220316e-05
9.2480202e-06
0.0025611172
0.0025279072
0.0024641638
0.0023801126
0.0022814505
0.0021718406
0.0020538398
0.0019294413
0.0018003512
0.0016681074
0.0015341177
0.0013996631
0.0012658928
0.00113382
0.001004323
0.00087815334
0.00075595021
0.00063826298
0.00052558447
0.00041840466
0.00031730777
0.00022317422
0.00013766478
6.2243615e-05
9.2534526e-06
0.0025621936
0.0025289704
0.0024651905
0.0023810756
0.0022823278
0.0021726202
0.0020545203
0.0019300285
0.0018008558
0.0016685419
0.001534494
0.0013999919
0.0012661827
0.0011340774
0.0010045524
0.00087835747
0.00075613062
0.00063842032
0.0005257189
0.00041851614
0.00031739633
0.0002232402
0.00013770917
6.2266828e-05
9.2588601e-06
0.0025632529
0.0025300163
0.0024662001
0.0023820224
0.0022831905
0.0021733874
0.0020551905
0.0019306079
0.0018013547
0.0016689723
0.0015348677
0.0014003192
0.0012664718
0.0011343346
0.0010047817
0.00087856168
0.00075631113
0.00063857773
0.00052585333
0.00041862755
0.00031748476
0.00022330604
0.00013775343
6.2289955e-05
9.2642433e-06
0.002564296
0.0025310459
0.0024671935
0.0023829538
0.0022840393
0.0021741428
0.0020558511
0.0019311798
0.0018018481
0.0016693989
0.001535239
0.001400645
0.0012667603
0.0011345914
0.0010050111
0.00087876603
0.00075649178
0.00063873522
0.00052598778
0.00041873891
0.00031757309
0.00022337174
0.00013779756
6.2312998e-05
9.2696026e-06
0.0025653234
0.0025320597
0.0024681713
0.0023838705
0.002284875
0.0021748869
0.0020565027
0.0019317447
0.0018023364
0.0016698221
0.0015356081
0.0014009697
0.0012670481
0.0011348482
0.0010052406
0.00087897055
0.00075667259
0.00063889282
0.00052612225
0.00041885021
0.0003176613
0.00022343731
0.00013784156
6.2335959e-05
9.2749387e-06
0.0025663361
0.0025330586
0.0024691343
0.0023847732
0.002285698
0.0021756203
0.0020571456
0.0019323031
0.00180282
0.0016702421
0.0015359752
0.0014012933
0.0012673356
0.0011351049
0.0010054702
0.00087917529
0.0007568536
0.00063905055
0.00052625675
0.00041896146
0.00031774941
0.00022350274
0.00013788544
6.2358841e-05
9.280252e-06
0.0025673348
0.0025340433
0.0024700832
0.0023856626
0.0022865091
0.0021763435
0.0020577803
0.0019328553
0.0018032992
0.0016706591
0.0015363406
0.001401616
0.0012676227
0.0011353616
0.0010057
0.00087938028
0.00075703483
0.00063920841
0.0005263913
0.00041907268
0.00031783743
0.00022356805
0.0001379292
6.2381645e-05
9.285543e-06
0.00256832
0.0025350144
0.0024710187
0.0023865392
0.0022873088
0.0021770572
0.0020584074
0.0019334017
0.0018037743
0.0016710736
0.0015367044
0.0014019379
0.0012679096
0.0011356185
0.0010059301
0.00087958556
0.0007572163
0.00063936643
0.00052652591
0.00041918387
0.00031792535
0.00022363324
0.00013797283
6.2404371e-05
9.2908122e-06
0.0025692925
0.0025359727
0.0024719415
0.0023874038
0.0022880978
0.0021777617
0.0020590273
0.0019339426
0.0018042456
0.0016714855
0.0015370669
0.0014022593
0.0012681964
0.0011358755
0.0010061605
0.00087979117
0.00075739803
0.00063952461
0.00052666058
0.00041929502
0.00031801318
0.0002236983
0.00013801636
6.2427023e-05
9.2960602e-06
0.0025702529
0.0025369188
0.0024728521
0.0023882569
0.0022888764
0.0021784577
0.0020596404
0.0019344786
0.0018047134
0.0016718953
0.0015374282
0.0014025801
0.0012684832
0.0011361328
0.0010063912
0.00087999712
0.00075758004
0.00063968297
0.00052679532
0.00041940616
0.00031810092
0.00022376325
0.00013805976
6.2449601e-05
9.3012874e-06
0.0025712019
0.0025378532
0.0024737511
0.002389099
0.0022896454
0.0021791455
0.002060247
0.0019350098
0.0018051781
0.0016723031
0.0015377884
0.0014029006
0.0012687701
0.0011363903
0.0010066224
0.00088020345
0.00075776235
0.00063984152
0.00052693014
0.00041951728
0.00031818858
0.00022382808
0.00013810306
6.2472106e-05
9.3064942e-06
0.00257214
0.0025387766
0.0024746392
0.0023899308
0.0022904052
0.0021798256
0.0020608476
0.0019355366
0.0018056397
0.0016727091
0.0015381478
0.0014032209
0.0012690571
0.0011366483
0.0010068539
0.00088041018
0.00075794497
0.00064000026
0.00052706504
0.00041962839
0.00031827616
0.0002238928
0.00013814624
6.2494541e-05
9.3116811e-06
0.0025730677
0.0025396896
0.0024755169
0.0023907528
0.0022911562
0.0021804984
0.0020614426
0.0019360593
0.0018060986
0.0016731136
0.0015385064
0.001403541
0.0012693444
0.0011369067
0.001007086
0.00088061733
0.00075812791
0.00064015922
0.00052720003
0.00041973949
0.00031836366
0.00022395742
0.00013818932
6.2516907e-05
9.3168486e-06
0.0025739857
0.0025405926
0.0024763847
0.0023915655
0.0022918989
0.0021811644
0.0020620322
0.0019365782
0.0018065551
0.0016735166
0.0015388644
0.0014038611
0.0012696319
0.0011371655
0.0010073185
0.00088082493
0.00075831119
0.00064031838
0.00052733511
0.00041985058
0.00031845109
0.00022402192
0.00013823229
6.2539206e-05
9.321997e-06
0.0025748944
0.0025414862
0.0024772432
0.0023923693
0.0022926339
0.0021818239
0.0020626169
0.0019370935
0.0018070092
0.0016739184
0.001539222
0.0014041813
0.0012699199
0.0011374249
0.0010075516
0.00088103299
0.00075849482
0.00064047776
0.00052747029
0.00041996167
0.00031853845
0.00022408632
0.00013827516
6.2561437e-05
9.3271268e-06
0.0025757944
0.0025423709
0.0024780927
0.0023931647
0.0022933614
0.0021824774
0.0020631969
0.0019376056
0.0018074614
0.0016743191
0.0015395793
0.0014045016
0.0012702083
0.0011376848
0.0010077852
0.00088124152
0.0007586788
0.00064063736
0.00052760556
0.00042007275
0.00031862574
0.00022415062
0.00013831793
6.2583603e-05
9.3322384e-06
0.002576686
0.0025432472
0.0024789339
0.0023939522
0.0022940819
0.0021831251
0.0020637726
0.0019381147
0.0018079116
0.001674719
0.0015399363
0.0014048222
0.0012704971
0.0011379453
0.0010080194
0.00088145055
0.00075886315
0.0006407972
0.00052774094
0.00042018384
0.00031871296
0.00022421482
0.0001383606
6.2605706e-05
9.3373321e-06
0.0025775699
0.0025441154
0.0024797671
0.0023947321
0.0022947959
0.0021837674
0.0020643442
0.001938621
0.0018083603
0.001675118
0.0015402932
0.001405143
0.0012707865
0.0011382064
0.0010082542
0.00088166008
0.00075904787
0.00064095726
0.00052787642
0.00042029492
0.00031880011
0.00022427891
0.00013840317
6.2627744e-05
9.3424085e-06
0.0025784463
0.0025449762
0.0024805927
0.002395505
0.0022955036
0.0021844047
0.0020649121
0.0019391248
0.0018088074
0.0016755164
0.0015406501
0.0014054643
0.0012710766
0.0011384682
0.0010084896
0.00088187012
0.00075923297
0.00064111755
0.00052801201
0.00042040601
0.00031888719
0.00022434292
0.00013844565
6.2649722e-05
9.3474678e-06
0.0025793157
0.0025458298
0.0024814112
0.0023962711
0.0022962054
0.0021850372
0.0020654764
0.0019396262
0.0018092533
0.0016759143
0.001541007
0.001405786
0.0012713672
0.0011387307
0.0010087257
0.00088208068
0.00075941844
0.00064127808
0.0005281477
0.0004205171
0.00031897422
0.00022440682
0.00013848803
6.2671639e-05
9.3525104e-06
0.0025801786
0.0025466766
0.0024822229
0.0023970309
0.0022969017
0.0021856652
0.0020660375
0.0019401255
0.0018096979
0.0016763119
0.0015413642
0.0014061082
0.0012716585
0.0011389939
0.0010089624
0.00088229177
0.00075960429
0.00064143885
0.00052828349
0.0004206282
0.00031906117
0.00022447063
0.00013853032
6.2693497e-05
9.3575367e-06
0.0025810352
0.0025475171
0.0024830283
0.0023977847
0.0022975927
0.0021862891
0.0020665955
0.0019406229
0.0018101416
0.0016767092
0.0015417216
0.001406431
0.0012719506
0.0011392578
0.0010091997
0.00088250339
0.00075979054
0.00064159985
0.00052841939
0.0004207393
0.00031914807
0.00022453435
0.00013857252
6.2715296e-05
9.3625469e-06
0.002581886
0.0025483516
0.0024838276
0.0023985328
0.0022982789
0.0021869091
0.0020671507
0.0019411184
0.0018105844
0.0016771063
0.0015420793
0.0014067544
0.0012722434
0.0011395225
0.0010094378
0.00088271556
0.00075997716
0.00064176109
0.00052855539
0.0004208504
0.0003192349
0.00022459798
0.00013861462
6.2737038e-05
9.3675415e-06
0.0025827312
0.0025491804
0.0024846213
0.0023992755
0.0022989604
0.0021875254
0.0020677034
0.0019416125
0.0018110265
0.0016775033
0.0015424374
0.0014070784
0.0012725369
0.0011397879
0.0010096765
0.00088292826
0.00076016418
0.00064192256
0.0005286915
0.00042096151
0.00031932168
0.00022466151
0.00013865664
6.2758723e-05
9.3725208e-06
0.0025835712
0.0025500038
0.0024854095
0.0024000132
0.0022996375
0.0021881383
0.0020682536
0.001942105
0.001811468
0.0016779004
0.001542796
0.0014074032
0.0012728313
0.0011400541
0.0010099159
0.00088314151
0.00076035158
0.00064208426
0.00052882772
0.00042107262
0.00031940839
0.00022472496
0.00013869857
6.2780353e-05
9.377485e-06
0.0025844063
0.0025508222
0.0024861927
0.0024007462
0.0023003106
0.002188748
0.0020688016
0.0019425964
0.001811909
0.0016782976
0.0015431551
0.0014077287
0.0012731265
0.0011403212
0.001010156
0.00088335531
0.00076053936
0.0006422462
0.00052896403
0.00042118374
0.00031949504
0.00022478831
0.00013874042
6.2801927e-05
9.3824345e-06
0.0025852368
0.0025516359
0.0024869711
0.0024014746
0.0023009798
0.0021893547
0.0020693476
0.0019430866
0.0018123497
0.001678695
0.0015435148
0.001408055
0.0012734226
0.001140589
0.0010103968
0.00088356965
0.00076072753
0.00064240837
0.00052910044
0.00042129485
0.00031958164
0.00022485158
0.00013878218
6.2823448e-05
9.3873696e-06
0.002586063
0.002552445
0.002487745
0.0024021988
0.0023016454
0.0021899587
0.0020698918
0.0019435757
0.0018127901
0.0016790927
0.0015438751
0.0014083822
0.0012737195
0.0011408576
0.0010106383
0.00088378453
0.00076091607
0.00064257076
0.00052923695
0.00042140597
0.00031966817
0.00022491477
0.00013882385
6.2844917e-05
9.3922905e-06
0.002586885
0.0025532499
0.0024885146
0.002402919
0.0023023076
0.0021905601
0.0020704343
0.0019440641
0.0018132303
0.0016794907
0.0015442361
0.0014087102
0.0012740173
0.0011411271
0.0010108804
0.00088399995
0.00076110499
0.00064273337
0.00052937356
0.00042151708
0.00031975464
0.00022497786
0.00013886545
6.2866334e-05
9.3971976e-06
0.0025877032
0.0025540509
0.0024892801
0.0024036355
0.0023029666
0.002191159
0.0020709752
0.0019445517
0.0018136704
0.0016798892
0.0015445978
0.001409039
0.0012743161
0.0011413974
0.0010111233
0.00088421591
0.00076129428
0.0006428962
0.00052951025
0.00042162819
0.00031984104
0.00022504087
0.00013890696
6.2887699e-05
9.4020911e-06
0.0025885178
0.0025548481
0.0024900419
0.0024043483
0.0023036226
0.0021917558
0.0020715147
0.0019450386
0.0018141105
0.0016802881
0.0015449603
0.0014093688
0.0012746157
0.0011416686
0.0010113669
0.0008844324
0.00076148394
0.00064305925
0.00052964703
0.0004217393
0.00031992739
0.00022510379
0.00013894839
6.2909013e-05
9.4069713e-06
0.002589329
0.0025556417
0.0024908
0.0024050579
0.0023042757
0.0021923505
0.0020720529
0.001945525
0.0018145507
0.0016806875
0.0015453236
0.0014096995
0.0012749163
0.0011419406
0.0010116112
0.00088464943
0.00076167396
0.00064322251
0.0005297839
0.0004218504
0.00032001368
0.00022516663
0.00013898974
6.2930278e-05
9.4118384e-06
0.0025901369
0.0025564319
0.0024915548
0.0024057642
0.0023049263
0.0021929432
0.00207259
0.001946011
0.0018149911
0.0016810875
0.0015456877
0.0014100311
0.0012752177
0.0011422134
0.0010118562
0.00088486698
0.00076186434
0.00064338597
0.00052992086
0.0004219615
0.0003200999
0.00022522939
0.00013903101
6.2951494e-05
9.4166926e-06
0.0025909417
0.002557219
0.0024923063
0.0024064676
0.0023055744
0.0021935342
0.0020731261
0.0019464967
0.0018154317
0.0016814881
0.0015460527
0.0014103637
0.0012755202
0.001142487
0.0010121018
0.00088508505
0.00076205507
0.00064354963
0.00053005789
0.00042207259
0.00032018606
0.00022529206
0.0001390722
6.297266e-05
9.4215343e-06
0.0025917437
0.0025580031
0.0024930548
0.0024071682
0.0023062202
0.0021941236
0.0020736612
0.0019469821
0.0018158725
0.0016818894
0.0015464185
0.0014106972
0.0012758235
0.0011427615
0.0010123482
0.00088530362
0.00076224614
0.00064371349
0.00053019499
0.00042218366
0.00032027216
0.00022535465
0.00013911332
6.299378e-05
9.4263635e-06
0.002592543
0.0025587844
0.0024938004
0.0024078661
0.0023068638
0.0021947114
0.0020741956
0.0019474673
0.0018163137
0.0016822915
0.0015467853
0.0014110318
0.0012761278
0.0011430368
0.0010125952
0.0008855227
0.00076243754
0.00064387754
0.00053033217
0.00042229472
0.00032035819
0.00022541715
0.00013915436
6.3014852e-05
9.4311807e-06
0.0025933397
0.002559563
0.0024945433
0.0024085615
0.0023075054
0.0021952978
0.0020747292
0.0019479525
0.0018167554
0.0016826942
0.001547153
0.0014113673
0.0012764331
0.001143313
0.0010128429
0.00088574228
0.00076262928
0.00064404177
0.00053046941
0.00042240576
0.00032044416
0.00022547957
0.00013919532
6.3035878e-05
9.4359854e-06
0.002594134
0.002560339
0.0024952837
0.0024092545
0.002308145
0.002195883
0.0020752622
0.0019484376
0.0018171974
0.0016830977
0.0015475217
0.0014117038
0.0012767393
0.0011435899
0.0010130912
0.00088596234
0.00076282134
0.00064420617
0.00053060671
0.00042251679
0.00032053006
0.00022554191
0.00013923621
6.3056858e-05
9.4407802e-06
0.0025949258
0.0025611125
0.0024960214
0.0024099452
0.0023087829
0.0021964669
0.0020757947
0.0019489228
0.00181764
0.0016835021
0.0015478914
0.0014120414
0.0012770465
0.0011438677
0.0010133402
0.00088618291
0.00076301373
0.00064437077
0.00053074409
0.00042262781
0.0003206159
0.00022560417
0.00013927703
6.3077792e-05
9.4455588e-06
0.0025957159
0.0025618841
0.0024967573
0.0024106342
0.0023094193
0.00219705
0.0020763268
0.0019494081
0.0018180832
0.0016839073
0.001548262
0.0014123799
0.0012773546
0.0011441463
0.0010135899
0.0008864039
0.00076320638
0.00064453548
0.00053088148
0.00042273876
0.00032070165
0.00022566633
0.00013931776
6.3098687e-05
9.4503423e-06
0.0025965016
0.0025626514
0.0024974889
0.0024113193
0.0023100526
0.0021976308
0.0020768575
0.0019498928
0.0018185263
0.0016843128
0.0015486333
0.0014127192
0.0012776634
0.0011444257
0.0010138401
0.00088662545
0.00076339947
0.00064470052
0.00053101909
0.00042284985
0.00032078746
0.00022572849
0.00013935845
6.3119523e-05
9.4550663e-06
0.0025972956
0.0025634264
0.0024982276
0.0024120109
0.0023106919
0.0021982173
0.0020773937
0.0019503827
0.0018189743
0.001684723
0.0015490086
0.0014130621
0.0012779752
0.0011447073
0.0010140922
0.00088684822
0.00076359334
0.00064486598
0.00053115686
0.00042296093
0.00032087318
0.00022579059
0.00013939919
6.3140438e-05
9.4599712e-06
0.0025980376
0.0025641507
0.0024989179
0.0024126573
0.0023112899
0.0021987665
0.0020778967
0.0019508435
0.0018193971
0.0016851114
0.0015493657
0.0014133897
0.0012782746
0.001144979
0.0010143365
0.00088706514
0.00076378297
0.00064502853
0.00053129275
0.00042307085
0.00032095815
0.00022585201
0.000139439
6.3160795e-05
9.4642425e-06
0.0025988457
0.0025649401
0.0024996714
0.0024133647
0.0023119464
0.0021993715
0.0020784526
0.001951354
0.0018198661
0.0016855424
0.0015497613
0.0014137518
0.0012786045
0.0011452774
0.0010146036
0.00088730139
0.00076398865
0.00064520413
0.00053143902
0.00042318889
0.00032104946
0.00022591865
0.00013948383
6.3182339e-05
9.4707183e-06
)
;

boundaryField
{
    inlet
    {
        type            calculated;
        value           nonuniform List<scalar> 
25
(
0.0029348392
0.0029348392
0.0029348392
0.0029348392
0.0029348392
0.0029348392
0.0029348392
0.0029348392
0.0029348392
0.0029348392
0.0029348392
0.0029348392
0.0029348392
0.0029348392
0.0029348392
0.0029348392
0.0029348392
0.0029348392
0.0029348392
0.0029348392
0.0029348392
0.0017215268
0.0024448082
3.9246691e-05
4.9155996e-06
)
;
    }
    outlet
    {
        type            calculated;
        value           nonuniform List<scalar> 
25
(
0.0025988457
0.0025649401
0.0024996714
0.0024133647
0.0023119464
0.0021993715
0.0020784526
0.001951354
0.0018198661
0.0016855424
0.0015497613
0.0014137518
0.0012786045
0.0011452774
0.0010146036
0.00088730139
0.00076398865
0.00064520413
0.00053143902
0.00042318889
0.00032104946
0.00022591865
0.00013948383
6.4550793e-05
9.4707183e-06
)
;
    }
    wall
    {
        type            nutkWallFunction;
        blending        stepwise;
        Cmu             0.09;
        kappa           0.41;
        E               9.8;
        value           uniform 0;
    }
    front
    {
        type            wedge;
    }
    back
    {
        type            wedge;
    }
    axis
    {
        type            empty;
    }
}


// ************************************************************************* //
