/*--------------------------------*- C++ -*----------------------------------*\
| =========                 |                                                 |
| \\      /  F ield         | OpenFOAM: The Open Source CFD Toolbox           |
|  \\    /   O peration     | Version:  v2012                                 |
|   \\  /    A nd           | Website:  www.openfoam.com                      |
|    \\/     M anipulation  |                                                 |
\*---------------------------------------------------------------------------*/
FoamFile
{
    version     2.0;
    format      ascii;
    class       volScalarField;
    location    "2000";
    object      omega;
}
// * * * * * * * * * * * * * * * * * * * * * * * * * * * * * * * * * * * * * //

dimensions      [0 0 -1 0 0 0 0];


internalField   nonuniform List<scalar> 
6250
(
283.56077
283.56033
283.56527
283.57359
283.58481
283.60079
283.62729
283.68091
283.80479
284.10012
284.78261
286.27394
289.34041
295.30144
306.36904
326.28487
361.69478
425.4601
545.50314
791.49318
1367.8608
2988.2125
8487.6204
29580.844
108869.73
279.76094
279.76461
279.77595
279.79554
279.82438
279.8728
279.97002
280.19067
280.70455
281.85764
284.2872
289.07137
297.92671
313.51565
340.03276
384.46111
459.42579
590.08779
832.33296
1326.3714
2474.0268
5581.6302
14622.697
38748.996
104381.87
276.07192
276.07925
276.09633
276.12762
276.18053
276.28555
276.5218
277.07017
278.29629
280.85946
285.83785
294.87248
310.37699
335.93927
377.17248
443.55211
552.51275
739.25013
1082.6735
1783.1157
3428.0261
7685.5164
17922.001
41462.365
101495.88
272.48251
272.49307
272.51723
272.56449
272.65675
272.86097
273.33493
274.40372
276.6579
281.05744
289.03421
302.62256
324.707
359.55354
413.92811
499.45124
637.80684
873.3166
1306.9198
2200.4533
4333.6171
9486.393
19064.648
40200.201
100687.53
268.9969
269.01144
269.0458
269.11819
269.27466
269.63589
270.46138
272.23752
275.76945
282.26075
293.39389
311.47361
339.74849
383.09787
449.44248
552.71927
719.65925
1007.0306
1551.7668
2738.552
5460.8518
10591.371
19390.23
38213.243
100429.44
265.61211
265.63163
265.6807
265.79129
266.04395
266.62821
267.91831
270.55857
275.5349
284.2295
298.49823
320.85452
354.88568
406.10981
483.71716
604.30478
800.65791
1144.8254
1815.9248
3292.6557
6354.3723
11106.47
19268.509
36662.475
100203.8
262.32398
262.3503
262.42061
262.58645
262.97278
263.84851
265.70462
269.32565
275.83739
286.74822
304.04505
330.43731
369.88349
428.65079
517.49795
656.53212
887.20172
1305.5328
2164.4047
3947.3253
6885.9584
11318.588
18947.18
35574.446
99973.27
259.12963
259.1655
259.26561
259.50708
260.06731
261.29943
263.80407
268.48156
276.56077
289.64271
309.83177
340.05174
384.69714
450.93745
551.46118
710.76954
981.10602
1486.584
2523.4849
4457.3327
7217.294
11430.562
18529.229
34781.778
99764.792
256.02652
256.07543
256.21569
256.5554
257.32978
258.97559
262.19034
267.96528
277.6051
292.78794
315.74337
349.65048
399.43682
473.39552
586.68827
769.65715
1089.5158
1711.5372
2913.9675
4774.9232
7387.9713
11437.828
18125.574
34172.042
99591.815
253.01232
253.07854
253.27079
253.73247
254.75913
256.86629
260.83317
267.72068
278.89269
296.10316
321.72853
359.25735
414.26224
496.39551
623.8002
833.70028
1209.6516
1941.4045
3236.1308
5000.7073
7515.7137
11347.799
17763.826
33688.509
99449.965
250.08515
250.17364
250.4308
251.03823
252.3516
254.95754
259.70205
267.69994
280.36726
299.54331
327.78395
368.95675
429.42556
520.53497
664.24424
906.98038
1356.0151
2187.9474
3459.0753
5155.403
7606.5026
11205.808
17446.236
33298.786
99331.273
247.24344
247.35968
247.69527
248.47135
250.10119
253.23364
258.76849
267.8645
281.99061
303.0884
333.93215
378.844
445.12635
546.10594
708.07119
986.99796
1507.624
2407.5886
3618.4065
5260.8496
7647.8089
11053.136
17172.613
32980.645
99229.665
244.48583
244.63568
245.06332
246.02928
248.00035
251.67859
258.0074
268.18493
283.73982
306.73845
340.21943
389.04931
461.65764
573.78823
757.17906
1080.7503
1665.8242
2573.4292
3742.5584
5353.3338
7639.1968
10901.488
16938.472
32718.344
99141.308
241.81109
242.00059
242.53357
243.70852
246.04069
250.27706
257.39771
268.6401
285.60387
310.50676
346.70207
399.69631
479.23432
603.84095
811.25863
1182.9253
1819.1593
2699.0846
3840.3213
5429.2013
7597.856
10756.45
16737.397
32499.682
99063.491
239.2181
239.45328
240.10421
241.50484
244.21345
249.01505
256.92237
269.21584
287.5806
314.4149
353.43982
410.90024
498.04247
636.50908
870.51351
1286.3669
1949.7097
2796.9968
3917.4672
5480.1877
7542.6884
10622.757
16564.012
32314.863
98994.287
236.70573
236.99243
237.77299
239.41351
242.51002
247.8802
256.56823
269.90401
289.67518
318.49272
360.50495
422.81239
518.41413
672.66428
937.88537
1391.9804
2050.9951
2877.8173
3986.6976
5504.3937
7480.436
10501.683
16414.244
32156.954
98932.393
234.27281
234.61662
235.53732
237.42956
240.92223
246.86201
256.32563
270.7012
291.89758
322.77203
367.95947
435.52102
540.37206
711.65328
1008.312
1491.5411
2133.2107
2947.0641
4048.3818
5506.8914
7414.8646
10392.423
16284.372
32021.064
98876.691
231.91814
232.3242
233.39435
235.54793
239.44256
245.95179
256.18799
271.6078
294.26135
327.28723
375.86935
449.14394
564.15689
754.26093
1079.6728
1577.6844
2201.0926
3006.0125
4098.729
5496.2813
7349.5971
10293.992
16170.955
31903.046
98826.281
229.6404
230.11341
231.34107
233.7637
238.06426
245.14263
256.1514
272.62746
296.78372
332.07817
384.31452
463.84556
590.15093
801.51932
1151.6284
1647.565
2258.8618
3059.0999
4135.1297
5477.6947
7286.9453
10205.55
16071.244
31799.918
98780.543
227.43819
227.98232
229.37438
232.07215
236.78146
244.42925
256.2142
273.76614
299.48299
337.18001
393.34433
479.6363
617.98517
850.68804
1220.0065
1706.2556
2310.0782
3108.0299
4157.6421
5453.0293
7227.2458
10127.689
15986.132
31708.108
98737.97
225.31
225.9289
227.49114
230.46883
235.58911
243.80777
256.37645
275.03125
302.37775
342.62619
403.00926
496.58932
647.86593
900.31738
1281.3349
1756.9231
2356.2496
3152.2031
4168.7954
5424.5143
7171.4933
10059.479
15912.942
31627.027
98697.862
223.2542
223.95102
225.68825
228.94967
234.48297
243.27556
256.6397
276.43187
305.48937
348.46023
413.4053
514.97244
680.75223
950.7228
1333.7732
1800.7395
2397.5118
3189.8541
4172.2216
5394.4402
7119.9575
9999.149
15849.164
31555.147
98660.361
221.2691
222.04652
223.96269
227.51097
233.45958
242.83114
257.00683
277.97815
308.83885
354.71629
424.56438
534.67049
715.4045
999.62967
1378.2575
1839.8632
2436.1527
3219.7587
4170.012
5364.211
7072.6303
9945.2944
15792.704
31490.66
98625.773
219.35294
220.21322
222.31161
226.14948
232.51627
242.47405
257.48166
279.68047
312.44433
361.41517
436.47667
555.51251
750.46331
1045.0953
1417.353
1875.7432
2472.2485
3241.9794
4163.4989
5334.4565
7029.219
9896.8954
15742.18
31432.409
98594.136
217.50392
218.44895
220.73234
224.86236
231.65106
242.2047
258.06893
281.55015
316.3271
368.598
449.25533
578.00131
785.93104
1085.7364
1452.2679
1909.0423
2505.6597
3257.5302
4153.7678
5305.407
6989.4863
9853.5361
15696.599
31379.56
98565.109
215.72022
216.75159
219.22236
223.64718
230.86259
242.02423
258.77414
283.59961
320.511
376.31004
462.98566
602.21623
821.51651
1121.5119
1483.5859
1939.8569
2535.6861
3267.8665
4141.7645
5277.2213
6953.3145
9814.9963
15655.548
31332.13
98537.754
214.00001
215.11908
217.77939
222.50192
230.15002
241.93437
259.60318
285.84053
325.01316
384.55862
477.56184
627.32971
855.93238
1153.0996
1512.1592
1968.9206
2561.6126
3274.1262
4128.4203
5250.4098
6920.4424
9780.5435
15618.742
31289.127
98511.956
212.34149
213.54943
216.40134
221.42489
229.51302
241.93733
260.5621
288.28361
329.84707
393.34933
492.96396
652.7009
888.05243
1181.4448
1538.7728
1996.5463
2583.1448
3277.0402
4114.3405
5225.1729
6890.5005
9749.5361
15585.568
31249.819
98487.898
210.74287
212.04076
215.08635
220.41477
228.9517
242.03577
261.65744
290.94115
335.03632
402.74646
509.47003
678.33814
917.21696
1207.2737
1563.8456
2022.6277
2600.4624
3277.2332
4099.8882
5201.4934
6863.1265
9721.429
15555.441
31213.682
98465.692
209.20243
210.59128
213.83276
219.47059
228.46658
242.23279
262.8963
293.82647
340.60474
412.78858
527.07127
704.02788
943.51385
1230.9855
1587.5577
2046.9786
2614.0892
3275.3113
4085.3212
5179.255
6837.9754
9695.7863
15527.913
31180.381
98445.31
207.71852
209.19936
212.63914
218.59166
228.05854
242.53182
264.28568
296.95039
346.56029
423.43207
545.37476
729.18917
967.42528
1252.8654
1609.9408
2069.2806
2624.724
3271.8596
4070.8615
5158.3325
6814.7399
9672.253
15502.641
31149.649
98426.648
206.28957
207.86346
211.50427
217.77758
227.72874
242.93644
265.8322
300.32167
352.90711
434.65803
563.97269
753.09945
989.20439
1273.3609
1631.457
2089.2428
2632.8848
3267.326
4056.6845
5138.6248
6793.1846
9650.5594
15479.393
31121.34
98409.599
204.91408
206.58218
210.42712
217.02823
227.47865
243.45051
267.54311
303.95318
359.67677
446.60462
582.77865
775.24231
1009.2375
1292.8162
1652.1665
2106.7211
2638.8567
3261.8412
4042.7576
5120.3338
6773.6381
9630.3924
15457.772
31095.182
98393.865
203.59066
205.35427
209.40687
216.3437
227.30998
244.0782
269.42637
307.85996
366.90053
459.3281
601.71605
795.55234
1027.8628
1311.4072
1671.9539
2121.7428
2642.9084
3255.6292
4029.3342
5103.4531
6755.7821
9611.7556
15437.718
31071.011
98379.184
202.31802
204.17858
208.44286
215.72431
227.22464
244.8238
271.48931
312.0508
374.56917
472.66109
620.50923
814.27676
1045.2969
1329.2277
1690.7204
2134.4836
2645.3448
3248.9128
4016.481
5087.8273
6739.414
9594.6327
15419.228
31048.673
98365.467
201.09496
203.05412
207.53461
215.17057
227.2247
245.69143
273.73772
316.52796
382.6567
486.36395
638.81541
831.68829
1061.6954
1346.3106
1708.3221
2145.2177
2646.4812
3241.8862
4004.197
5073.2981
6724.3551
9578.9155
15402.213
31027.992
98352.727
199.9204
201.98001
206.68178
214.68314
227.31235
246.68528
276.17814
321.30317
391.21162
500.31717
656.27716
847.94681
1077.186
1362.6845
1724.6025
2154.2515
2646.6162
3234.7134
3992.4666
5059.7281
6710.4353
9564.44
15386.507
31008.773
98341
198.79336
200.95551
205.88422
214.26287
227.48998
247.81003
278.81973
326.39999
400.3182
514.45825
672.57207
863.04612
1092.0067
1378.6745
1739.4408
2161.7604
2645.9535
3227.5201
3981.2833
5047.0126
6697.5093
9551.0498
15371.96
30990.901
98330.297
197.71296
199.97999
205.14189
213.91077
227.76018
249.0707
281.67141
331.83158
409.96093
528.677
687.71416
877.23394
1106.2856
1394.1416
1752.7944
2167.9031
2644.6277
3220.3818
3970.6439
5035.0813
6685.4683
9538.6266
15358.476
30974.337
98320.565
196.67844
199.05296
204.45492
213.628
228.12564
250.47183
284.73791
337.58751
420.01528
542.78564
701.87011
890.66398
1120.0874
1409.02
1764.7026
2172.8475
2642.7519
3213.3352
3960.5166
5023.864
6674.2355
9527.0945
15345.993
30959.035
98311.741
195.68915
198.17403
203.82355
213.41582
228.58897
252.01721
288.02137
343.65722
430.3434
556.57955
715.20477
903.44141
1133.4503
1423.253
1775.2581
2176.7384
2640.3652
3206.3196
3950.9625
5013.5079
6663.7142
9516.3083
15334.388
30944.909
98303.724
194.74453
197.34294
203.24816
213.27559
229.15288
253.71119
291.53005
350.07653
440.88535
569.85521
727.82699
915.63745
1146.3861
1436.7691
1784.5798
2179.7099
2637.5532
3199.4094
3942.0081
5003.9581
6653.8753
9506.1977
15323.575
30931.875
98296.378
193.84413
196.55952
202.7292
213.2088
229.82035
255.5597
295.28004
356.90613
451.63196
582.46184
739.79829
927.29986
1158.8813
1449.4884
1792.804
2181.9071
2634.438
3192.6832
3933.6056
4995.0994
6644.7141
9496.7628
15313.52
30919.83
98289.614
192.98759
195.82371
202.26727
213.21705
230.59463
257.56897
299.28268
364.14727
462.49942
594.3215
751.08312
938.54146
1171.1165
1461.3427
1800.0134
2183.4497
2631.1284
3186.1777
3925.6956
4986.8498
6636.2023
9487.998
15304.193
30908.682
98283.42
192.17465
195.13553
201.86305
213.30206
231.47885
259.74322
303.53529
371.72801
473.35371
605.49371
761.79036
949.44962
1183.0582
1472.2922
1806.2803
2184.4269
2627.701
3179.9123
3918.2356
4979.1475
6628.2957
9479.8761
15295.564
30898.38
98277.806
191.40513
194.49513
201.51731
213.46556
232.47576
262.08452
308.02984
379.55422
484.05526
616.08276
772.02311
960.06728
1194.6468
1482.3346
1811.6879
2184.9112
2624.2019
3173.893
3911.1937
4971.9429
6620.9442
9472.352
15287.589
30888.871
98272.77
190.67896
193.90273
201.2309
213.7093
233.58811
264.59675
312.77922
387.56829
494.46961
626.1731
781.84649
970.41607
1205.8423
1491.4987
1816.3259
2184.9696
2620.6596
3168.1141
3904.541
4965.1944
6614.1005
9465.3774
15280.218
30880.106
98268.307
189.99613
193.35863
201.00478
214.03518
234.8194
267.28872
317.82086
395.75726
504.48351
635.81851
791.30212
980.5039
1216.6057
1499.8356
1820.2845
2184.667
2617.0953
3162.5641
3898.2489
4958.8651
6607.7219
9458.9077
15273.408
30872.049
98264.401
189.35675
192.86322
200.83996
214.4453
236.17383
270.17062
323.17985
404.10267
514.04129
645.05311
800.41953
990.32767
1226.8952
1507.4097
1823.6506
2184.0667
2613.5289
3157.2275
3892.2868
4952.9229
6601.7745
9452.9089
15267.129
30864.671
98261.028
188.76098
192.41697
200.73758
214.94185
237.65536
273.24754
328.84048
412.54698
523.1503
653.90321
809.22346
999.87594
1236.6707
1514.293
1826.502
2183.2097
2609.9525
3152.1124
3886.682
4947.3322
6596.2092
9447.3336
15261.339
30857.935
98258.161
188.20905
192.02045
200.69884
215.52694
239.26668
276.51703
334.74931
420.98999
531.82988
662.35001
817.76954
1009.2372
1245.901
1520.5295
1828.8877
2182.1158
2606.3652
3147.2614
3881.4885
4942.0614
6590.9608
9442.1126
15255.98
30851.803
98255.757
187.70129
191.67425
200.72494
216.20257
241.00984
279.97808
340.84748
429.32365
540.1186
670.43638
826.11287
1018.422
1254.566
1526.147
1830.8439
2180.8364
2602.8386
3142.677
3876.6382
4937.1071
6586.0176
9437.2217
15251.029
30846.262
98253.75
187.23809
191.37908
200.81718
216.97082
242.88859
283.64493
347.10274
437.45083
548.06322
678.22587
834.28115
1027.3884
1262.6602
1531.1803
1832.4079
2179.4173
2599.4046
3138.3399
3872.0937
4932.4671
6581.3891
9432.6675
15246.483
30841.285
98252.09
186.81991
191.13568
200.97694
217.83427
244.90933
287.54243
353.50504
445.29833
555.69972
685.75695
842.28474
1036.1073
1270.1918
1535.6725
1833.6198
2177.8912
2596.074
3134.2309
3867.8287
4928.1314
6577.0794
9428.4557
15242.334
30836.828
98250.761
186.44726
190.94487
201.2057
218.79584
247.07869
291.68393
360.0367
452.83379
563.05367
693.05463
850.12602
1044.5527
1277.18
1539.6712
1834.5217
2176.2817
2592.8472
3130.3325
3863.8219
4924.0849
6573.0807
9424.5795
15238.563
30832.845
98249.768
186.12074
190.80756
201.50507
219.85828
249.40006
296.05778
366.65682
460.06343
570.14485
700.13768
857.80214
1052.6988
1283.6526
1543.2251
1835.1546
2174.6078
2589.721
3126.6288
3860.0548
4920.3101
6569.3776
9421.0223
15235.147
30829.304
98249.118
185.841
190.72469
201.87659
221.02366
251.87267
300.63215
373.30809
467.01332
576.99038
707.02236
865.30703
1060.5206
1289.6426
1546.3813
1835.5575
2172.8864
2586.6914
3123.105
3856.5096
4916.7887
6565.9518
9417.7642
15232.064
30826.182
98248.811
185.60875
190.69726
202.32176
222.29363
254.49622
305.37147
379.92677
473.71178
583.60569
713.72345
872.63264
1067.9964
1295.1852
1549.1842
1835.7655
2171.1328
2583.7552
3119.7476
3853.1696
4913.5021
6562.7834
9414.7847
15229.293
30823.46
98248.841
185.42475
190.7263
202.8421
223.67065
257.27872
310.25181
386.44194
480.17281
589.98649
720.26413
879.80806
1075.1102
1300.3086
1551.672
1835.8102
2169.3608
2580.9091
3116.544
3850.0187
4910.4319
6559.8522
9412.0623
15226.811
30821.117
98249.204
185.28981
190.81289
203.43941
225.15878
260.23645
315.26162
392.7852
486.40095
596.13383
726.67614
886.86866
1081.8536
1305.0285
1553.8714
1835.713
2167.5738
2578.1566
3113.5013
3847.0432
4907.5593
6557.1393
9409.5793
15224.604
30819.144
98249.897
185.20481
190.95823
204.11577
226.76289
263.38264
320.38916
398.91586
492.41161
602.08745
732.97817
893.78542
1088.2255
1309.3627
1555.7939
1835.4675
2165.7533
2575.5333
3110.6824
3844.2299
4904.8493
6554.6082
9407.3069
15222.658
30817.546
98250.893
185.17069
191.1636
204.87332
228.48665
266.71651
325.60988
404.82397
498.22149
607.87311
739.17589
900.53821
1094.2313
1313.3305
1557.4519
1835.0925
2163.945
2573.0482
3108.047
3841.5785
4902.2919
6552.2399
9405.225
15220.958
30816.318
98252.152
185.18845
191.43027
205.7139
230.33097
270.2218
330.88671
410.52063
503.84595
613.50877
745.26979
907.10986
1099.8805
1316.954
1558.8647
1834.6107
2162.1683
2570.6918
3105.5746
3839.0897
4899.8925
6550.035
9403.3298
15219.498
30815.439
98253.638
185.25909
191.75953
206.63889
232.29457
273.87335
336.17701
416.02507
509.29847
619.00801
751.25764
913.48402
1105.1859
1320.2573
1560.0561
1834.0417
2160.4299
2568.4525
3103.2506
3836.7607
4897.6565
6548.0011
9401.6262
15218.275
30814.89
98255.33
185.38368
192.15257
207.64944
234.37743
277.64733
341.43714
421.35572
514.59048
624.38168
757.13531
919.64496
1110.1626
1323.2659
1561.0511
1833.4013
2158.7309
2566.3199
3101.0633
3834.5853
4895.5837
6546.1408
9400.1154
15217.29
30814.742
98257.214
185.56327
192.61063
208.74715
236.58473
281.52913
346.6244
426.52656
519.7315
629.63876
762.89744
925.57831
1114.8275
1326.0051
1561.8735
1832.7029
2157.071
2564.2848
3099.0024
3832.5553
4893.6692
6544.4505
9398.7922
15216.531
30814.944
98259.29
185.79897
193.13505
209.93457
238.92624
285.51247
351.70147
431.54693
524.72956
634.78693
768.53826
931.27221
1119.1975
1328.4991
1562.545
1831.958
2155.4498
2562.3398
3097.0588
3830.6623
4891.9058
6542.9239
9397.6488
15215.983
30815.434
98261.568
186.09192
193.72735
211.21473
241.4104
289.59071
356.6428
436.4231
529.592
639.83273
774.05176
936.71833
1123.2898
1330.7705
1563.0853
1831.1765
2153.8671
2560.4787
3095.2245
3828.8979
4890.2858
6541.5533
9396.6761
15215.631
30816.182
98264.055
186.44336
194.3891
212.59016
244.03801
293.74838
361.43493
441.15548
534.31513
644.78574
779.45288
941.91265
1127.1171
1332.8385
1563.5111
1830.3671
2152.323
2558.6962
3093.4916
3827.2531
4888.7997
6540.3305
9395.8753
15215.53
30817.142
98266.752
186.85451
195.12176
214.06187
246.80014
297.95984
366.07442
445.74311
538.89937
649.65941
784.75838
946.85528
1130.6868
1334.7175
1563.8374
1829.5381
2150.817
2556.9868
3091.854
3825.7209
4887.4402
6539.2484
9395.2376
15215.644
30818.332
98269.657
187.32656
195.92644
215.629
249.68044
302.19474
370.56763
450.19335
543.36693
654.46211
789.95126
951.54988
1134.0084
1336.4166
1564.066
1828.6802
2149.36
2555.376
3090.3062
3824.2893
4886.1955
6538.2967
9394.7522
15215.936
30819.756
98272.765
187.8606
196.80385
217.28952
252.65971
306.42271
374.9248
454.51588
547.73341
659.19533
795.01861
956.00331
1137.0933
1337.9406
1564.1935
1827.7928
2147.9705
2553.8843
3088.8456
3822.9442
4885.0501
6537.4681
9394.4421
15216.356
30821.386
98276.068
188.4576
197.75447
219.04204
255.72082
310.61544
379.15612
458.7201
552.00993
663.85758
799.94926
960.22371
1139.9529
1339.2965
1564.2305
1826.9002
2146.6516
2552.4908
3087.4732
3821.6834
4883.9957
6536.7467
9394.2614
15216.919
30823.221
98279.546
189.11842
198.77884
220.88729
258.85175
314.74746
383.26998
462.81421
556.20461
668.44583
804.73303
964.21954
1142.5995
1340.4956
1564.1903
1826.0134
2145.3981
2551.1846
3086.19
3820.5109
4883.0362
6536.1411
9394.1818
15217.618
30825.255
98283.177
189.8439
199.87772
222.82781
262.04481
318.79753
387.27276
466.80512
560.32358
672.95617
809.36082
967.99938
1145.0463
1341.5514
1564.0846
1825.1367
2144.2037
2549.9581
3084.9948
3819.4304
4882.1756
6535.6495
9394.2043
15218.447
30827.478
98286.948
190.63488
201.05205
224.86583
265.29317
322.75058
391.16924
470.69879
564.37158
677.38421
813.8249
971.57179
1147.3066
1342.4779
1563.9234
1824.2717
2143.0632
2548.8053
3083.8851
3818.4432
4881.4175
6535.2609
9394.3369
15219.407
30829.88
98290.854
191.49218
202.30255
227.0008
268.5875
326.59866
394.9633
474.50065
568.35239
681.72537
818.11934
974.94526
1149.3938
1343.2883
1563.7147
1823.4191
2141.9722
2547.7215
3082.8582
3817.5509
4880.7709
6534.9635
9394.5762
15220.495
30832.455
98294.893
192.41646
203.62932
229.22815
271.91479
330.34006
398.65851
478.21591
572.26905
685.97505
822.24025
978.1281
1151.3204
1343.9947
1563.4658
1822.5795
2140.9275
2546.7025
3081.9105
3816.7492
4880.2233
6534.7647
9394.9219
15221.705
30835.192
98299.068
193.40811
205.03148
231.53951
275.25931
333.97725
402.25839
481.84974
576.12396
690.12872
826.18593
981.12835
1153.0982
1344.6081
1563.1826
1821.7536
2139.9263
2545.7454
3081.0414
3816.0454
4879.756
6534.6581
9395.3697
15223.034
30838.085
98303.38
194.46712
206.50712
233.92382
278.60442
337.51471
405.76663
485.40731
579.91886
694.18194
829.95671
983.9538
1154.7378
1345.1377
1562.8707
1820.9422
2138.9669
2544.847
3080.2454
3815.4259
4879.3732
6534.6413
9395.9154
15224.475
30841.13
98307.828
195.59299
208.05331
236.36861
281.93418
340.95739
409.18704
488.89365
583.65476
698.13035
833.55464
986.61208
1156.2493
1345.5926
1562.5349
1820.1458
2138.0476
2544.0072
3079.5283
3814.8738
4879.0687
6534.7099
9396.5546
15226.025
30844.321
98312.413
196.7847
209.66639
238.86126
285.23432
344.30988
412.52355
492.31357
587.33195
701.96972
836.98328
989.11061
1157.6402
1345.9746
1562.1687
1819.3709
2137.1851
2543.2232
3078.8755
3814.3889
4878.8379
6534.8588
9397.2817
15227.676
30847.653
98317.133
198.04075
211.34232
241.38991
288.49251
347.57608
415.78012
495.67159
590.94994
705.69611
840.24728
991.4562
1158.915
1346.2813
1561.7692
1818.6309
2136.3987
2542.5002
3078.2676
3813.9587
4878.6705
6535.0791
9398.0896
15229.425
30851.124
98321.985
199.35926
213.07697
243.94405
291.69827
350.75882
418.95982
498.96934
594.50781
709.30985
843.35182
993.65413
1160.0778
1346.5204
1561.3549
1817.9295
2135.673
2541.832
3077.7067
3813.5777
4878.5581
6535.362
9398.9704
15231.265
30854.73
98326.959
200.73804
214.86633
246.51453
294.8426
353.85961
422.06449
502.20619
598.00506
712.81569
846.30216
995.70807
1161.134
1346.7014
1560.9357
1817.2659
2135.0063
2541.2099
3077.1923
3813.2442
4878.4968
6535.7023
9399.9193
15233.194
30858.469
98332.043
202.1747
216.70647
249.09343
297.91848
356.88048
425.09809
505.38891
601.44096
716.20761
849.10334
997.62286
1162.0896
1346.8327
1560.5168
1816.6369
2134.3888
2540.6366
3076.7266
3812.9598
4878.4871
6536.0997
9400.9353
15235.208
30862.337
98337.224
203.66662
218.59332
251.67362
300.92097
359.82392
428.06521
508.52217
604.81293
719.48144
851.76037
999.40473
1162.9514
1346.9208
1560.1018
1816.0443
2133.8098
2540.1097
3076.3101
3812.7263
4878.5309
6536.5557
9402.0192
15237.309
30866.326
98342.498
205.21101
220.52253
254.24844
303.84721
362.69278
430.97038
511.60906
608.11765
722.63442
854.27814
1001.0607
1163.7261
1346.9707
1559.6916
1815.4831
2133.2687
2539.6277
3075.9427
3812.5448
4878.63
6537.0719
9403.1718
15239.493
30870.431
98347.859
206.80479
222.48927
256.81146
306.69614
365.49006
433.81782
514.65142
611.35152
725.66512
856.66144
1002.598
1164.4208
1346.9876
1559.2907
1814.9446
2132.7627
2539.1889
3075.6237
3812.4156
4878.785
6537.649
9404.3928
15241.759
30874.647
98353.309
208.44462
224.48827
259.35643
309.46813
368.21886
436.61136
517.65009
614.51086
728.57332
858.915
1004.0239
1165.0418
1346.9747
1558.8965
1814.4285
2132.2902
2538.7918
3075.3521
3812.3379
4878.9956
6538.2864
9405.6808
15244.103
30878.967
98358.847
210.12688
226.51388
261.87739
312.16461
370.88229
439.35441
520.60516
617.5921
731.35983
861.04357
1005.3452
1165.5958
1346.9382
1558.5036
1813.9336
2131.8495
2538.4345
3075.1262
3812.3107
4879.2608
6538.9827
9407.0336
15246.523
30883.389
98364.475
211.84767
228.56023
264.36885
314.78767
373.48343
442.05
523.51607
620.59189
734.02626
863.05185
1006.5687
1166.0886
1346.8793
1558.1118
1813.4582
2131.4392
2538.1158
3074.945
3812.3328
4879.5791
6539.736
9408.4487
15249.015
30887.907
98370.192
213.60286
230.62146
266.82589
317.33978
376.02529
444.70076
526.38173
623.5072
736.57486
864.94465
1007.6995
1166.5217
1346.786
1557.7266
1813.0176
2131.059
2537.8322
3074.8049
3812.4008
4879.9474
6540.5432
9409.9224
15251.574
30892.517
98376.001
215.38816
232.6918
269.24432
319.82361
378.51083
447.30895
529.20067
626.33547
739.00839
866.72638
1008.7411
1166.8945
1346.6557
1557.3557
1812.6199
2130.7085
2537.5789
3074.6998
3812.5092
4880.3607
6541.3997
9411.4508
15254.198
30897.22
98381.9
217.19919
234.76582
271.62073
322.24187
380.94287
449.87646
531.97111
629.07476
741.32966
868.40057
1009.6959
1167.2097
1346.5027
1557.0016
1812.2555
2130.388
2537.3544
3074.6258
3812.6527
4880.8135
6542.3004
9413.0297
15256.885
30902.014
98387.885
219.03155
236.83844
273.95248
324.59727
383.32416
452.40477
534.69109
631.72376
743.54153
869.9713
1010.5717
1167.4682
1346.3334
1556.6628
1811.9193
2130.0972
2537.159
3074.5819
3812.8284
4881.302
6543.2414
9414.6558
15259.632
30906.898
98393.946
220.88092
238.90507
276.23768
326.89243
385.65729
454.89499
537.35851
634.28173
745.64663
871.4419
1011.3706
1167.6783
1346.1516
1556.3374
1811.608
2129.8354
2536.9935
3074.5683
3813.0361
4881.825
6544.221
9416.3274
15262.437
30911.868
98400.077
222.74309
240.96161
278.47515
329.12995
387.94474
457.34782
539.97121
636.74849
747.64778
872.81726
1012.0944
1167.8456
1345.9598
1556.024
1811.3192
2129.6014
2536.8581
3074.586
3813.2762
4882.3826
6545.239
9418.0438
15265.299
30916.92
98406.271
224.61403
243.0045
280.66436
331.31233
390.18881
459.76357
542.52697
639.1245
749.5481
874.10269
1012.7454
1167.9739
1345.7594
1555.7214
1811.051
2129.394
2536.7524
3074.6352
3813.5496
4882.9758
6546.2961
9419.8054
15268.217
30922.05
98412.525
226.48994
245.0307
282.80533
333.44202
392.39161
462.1422
545.02364
641.41057
751.35017
875.29996
1013.3295
1168.0667
1345.5513
1555.4285
1810.8018
2129.212
2536.676
3074.7163
3813.8568
4883.6052
6547.393
9421.6122
15271.19
30927.256
98418.838
228.36729
247.03768
284.89856
335.52131
394.55488
464.48277
547.45707
643.60846
753.0624
876.40916
1013.8509
1168.1268
1345.3362
1555.1445
1810.5704
2129.054
2536.6279
3074.8286
3814.1979
4884.271
6548.5294
9423.4631
15274.215
30932.531
98425.208
230.24283
249.02336
286.94487
337.55213
396.67942
466.78238
549.81877
645.72118
754.69671
877.4347
1014.3112
1168.1558
1345.1148
1554.8691
1810.3556
2128.9189
2536.6072
3074.9717
3814.5723
4884.9726
6549.7046
9425.3571
15277.29
30937.874
98431.637
232.1136
250.98611
288.94535
339.53632
398.76607
469.03934
552.10971
647.75223
756.2524
878.38205
1014.7136
1168.1546
1344.886
1554.6009
1810.1571
2128.8064
2536.6136
3075.1451
3814.9795
4885.7095
6550.9177
9427.2924
15280.413
30943.281
98438.125
233.97694
252.92465
290.90138
341.47572
400.8158
471.25259
554.33081
649.70711
757.7274
879.2539
1015.0532
1168.1087
1344.6563
1554.3619
1809.975
2128.7129
2536.6437
3075.3463
3815.4177
4886.4798
6552.1667
9429.2669
15283.582
30948.751
98444.675
235.8305
254.83812
292.81457
343.37228
402.82954
473.42118
556.48241
651.58638
759.12445
880.05216
1015.3318
1168.0277
1344.4292
1554.1439
1809.8094
2128.6362
2536.694
3075.5716
3815.8836
4887.2809
6553.4493
9431.2789
15286.795
30954.284
98451.284
237.67222
256.72593
294.68678
345.22801
404.80816
475.54412
558.5648
653.39053
760.44572
880.7793
1015.554
1167.9184
1344.2038
1553.9417
1809.6604
2128.576
2536.7627
3075.8183
3816.374
4888.1096
6554.7627
9433.326
15290.052
30959.88
98457.949
239.50032
258.58782
296.52001
347.04499
406.75239
477.62073
560.58059
655.11811
761.6927
881.43845
1015.7249
1167.7846
1343.9785
1553.7517
1809.5275
2128.5331
2536.8498
3076.0851
3816.8869
4888.9634
6556.1046
9435.4062
15293.35
30965.536
98464.664
241.3133
260.42377
298.31641
348.82529
408.66273
479.64992
562.52879
656.77155
762.86745
882.03314
1015.8489
1167.6285
1343.7517
1553.5717
1809.4098
2128.5075
2536.9554
3076.3719
3817.4215
4889.8412
6557.4735
9437.5181
15296.688
30971.251
98471.424
243.10993
262.23395
300.07816
350.57098
410.53954
481.63147
564.40809
658.35265
763.97246
882.56721
1015.9299
1167.4515
1343.5221
1553.3996
1809.3063
2128.4993
2537.0802
3076.6792
3817.9782
4890.7431
6558.8693
9439.6615
15300.066
30977.02
98478.224
244.88918
264.01871
301.80747
352.28406
412.38302
483.56486
566.21824
659.86312
765.01001
883.04383
1015.9714
1167.2555
1343.2892
1553.2341
1809.2158
2128.5078
2537.2241
3077.0073
3818.5573
4891.6693
6560.2924
9441.8363
15303.483
30982.842
98485.059
246.65027
265.7785
303.50645
353.96637
414.19304
485.44723
567.95759
661.29377
765.98471
883.48141
1015.9749
1167.0392
1343.0542
1553.0746
1809.1376
2128.5328
2537.387
3077.3562
3819.1587
4892.6197
6561.7417
9444.0404
15306.933
30988.709
98491.931
248.39257
267.51387
305.17715
355.61964
415.96999
487.27431
569.62344
662.64119
766.90251
883.88632
1015.9298
1166.8067
1342.8359
1552.9204
1809.068
2128.5712
2537.567
3077.7251
3819.7823
4893.5942
6563.2173
9446.2738
15310.418
30994.622
98498.84
250.11563
269.22536
306.82137
357.24533
417.71182
489.04437
571.21642
663.91381
767.76436
884.25438
1015.8513
1166.5612
1342.6248
1552.7718
1809.0053
2128.6201
2537.7613
3078.1112
3820.4256
4894.5904
6564.7166
9448.5332
15313.933
31000.576
98505.784
251.81913
270.91354
308.44077
358.8455
419.41575
490.7554
572.73552
665.10653
768.53939
884.5658
1015.7872
1166.3439
1342.4153
1552.6222
1808.9444
2128.6749
2537.9656
3078.5108
3821.085
4895.6048
6566.2356
9450.8139
15317.473
31006.567
98512.773
253.50285
272.57897
310.03708
360.42006
421.08036
492.40549
574.18003
666.21999
769.24163
884.84168
1015.7356
1166.1435
1342.2043
1552.4662
1808.8793
2128.7301
2538.1751
3078.9197
3821.7571
4896.6346
6567.7727
9453.1163
15321.043
31012.606
98519.8
255.16667
274.2222
311.61181
361.96879
422.70405
493.99308
575.55042
667.2584
769.88304
885.09226
1015.6927
1165.9553
1341.9923
1552.3022
1808.806
2128.7805
2538.3844
3079.333
3822.4376
4897.6764
6569.3256
9455.4399
15324.643
31018.697
98526.854
256.81059
275.84416
313.1651
363.49189
424.28524
495.51729
576.84845
668.22726
770.47264
885.32228
1015.6551
1165.7765
1341.7811
1552.1315
1808.7236
2128.8234
2538.5894
3079.7461
3823.1221
4898.7265
6570.8916
9457.783
15328.273
31024.834
98533.923
258.43483
277.44493
314.69737
364.98933
425.82258
496.97797
578.0767
669.13206
771.017
885.53408
1015.6202
1165.6054
1341.5721
1551.9566
1808.6334
2128.858
2538.7883
3080.1563
3823.8076
4899.782
6572.4682
9460.1434
15331.929
31031.01
98540.995
260.03926
279.02455
316.20885
366.46089
427.31494
498.37566
579.23818
669.97783
771.52088
885.72889
1015.586
1165.4406
1341.3665
1551.7797
1808.5375
2128.8857
2538.9811
3080.5627
3824.4925
4900.8412
6574.0537
9462.5193
15335.61
31037.22
98548.058
261.62376
280.58301
317.69952
367.90612
428.76153
499.71144
580.33606
670.76892
771.98791
885.90749
1015.5508
1165.281
1341.1649
1551.6032
1808.4385
2128.9085
2539.169
3080.9659
3825.1773
4901.9041
6575.6479
9464.9098
15339.312
31043.456
98555.097
263.18814
282.12018
319.16915
369.32442
430.16186
500.98681
581.37346
671.50916
772.4209
886.07044
1015.5137
1165.1256
1340.9679
1551.4287
1808.3388
2128.929
2539.3546
3081.3681
3825.8636
4902.9721
6577.2516
9467.3149
15343.034
31049.712
98562.103
264.73219
283.63585
320.6173
370.71504
431.51574
502.20356
582.35339
672.20185
772.82212
886.2182
1015.4739
1164.9739
1340.7758
1551.2578
1808.2408
2128.95
2539.5406
3081.7717
3826.5536
4904.0471
6578.8663
9469.7348
15346.772
31055.981
98569.068
266.25566
285.12974
322.04337
372.07711
432.82326
503.36365
583.2787
672.8499
773.19348
886.3512
1015.4308
1164.8252
1340.589
1551.0917
1808.1466
2128.974
2539.7296
3082.1797
3827.2501
4905.1316
6580.4935
9472.1698
15350.526
31062.255
98575.987
267.75826
286.60154
323.44666
373.40968
434.08474
504.46913
584.15211
673.4559
773.53665
886.46986
1015.3841
1164.6794
1340.4076
1550.9317
1808.058
2129.0033
2539.9245
3082.5947
3827.9557
4906.2277
6582.1347
9474.6197
15354.292
31068.527
98582.857
269.23965
288.05081
324.82631
374.71184
435.3007
505.52208
584.97617
674.02218
773.85308
886.57462
1015.3335
1164.5361
1340.2321
1550.7785
1807.9766
2129.0402
2540.1275
3083.0193
3828.6727
4907.3371
6583.7907
9477.0839
15358.067
31074.793
98589.677
270.69945
289.47708
326.18138
375.98271
436.47184
506.52456
585.75329
674.55086
774.14413
886.66596
1015.2791
1164.3953
1340.0625
1550.6332
1807.9038
2129.0863
2540.3408
3083.4554
3829.4029
4908.4611
6585.4618
9479.5612
15361.848
31081.045
98596.447
272.13724
290.8798
327.51092
377.22151
437.59897
507.47861
586.48573
675.0439
774.41102
886.74436
1015.2208
1164.2569
1339.8993
1550.4963
1807.8408
2129.1432
2540.566
3083.9049
3830.1476
4909.6006
6587.1479
9482.0503
15365.632
31087.281
98603.169
273.55258
292.25845
328.81402
378.42754
438.68302
508.38617
587.17563
675.5031
774.65494
886.81034
1015.1588
1164.121
1339.7426
1550.3685
1807.7885
2129.2122
2540.8046
3084.3688
3830.9078
4910.7557
6588.8482
9484.5495
15369.418
31093.497
98609.845
274.94499
293.61247
330.08984
379.60025
439.72494
509.24915
587.82501
675.93018
774.87701
886.86443
1015.0932
1163.9877
1339.5927
1550.2503
1807.7478
2129.2943
2541.0574
3084.848
3831.6839
4911.9264
6590.5621
9487.0572
15373.201
31099.69
98616.474
276.31399
294.94133
331.33762
380.73924
440.72576
510.06934
588.43578
676.32673
775.07829
886.90719
1015.0242
1163.8571
1339.4499
1550.1422
1807.7193
2129.3901
2541.3252
3085.343
3832.4759
4913.1121
6592.2884
9489.5717
15376.981
31105.858
98623.06
277.65909
296.24452
332.5567
381.84428
441.68651
510.84846
589.00976
676.69427
775.25982
886.93921
1014.9521
1163.7294
1339.3142
1550.0443
1807.7033
2129.5001
2541.6083
3085.8539
3833.2838
4914.3123
6594.0259
9492.0913
15380.754
31112
98629.604
278.97983
297.52153
333.74655
382.91527
442.60824
511.58817
589.54866
677.03425
775.42263
886.96106
1014.8772
1163.6047
1339.186
1549.9571
1807.7002
2129.6245
2541.907
3086.3808
3834.107
4915.5261
6595.7735
9494.6146
15384.521
31118.115
98636.107
280.27573
298.77193
334.90673
383.95225
443.49196
512.29005
590.05412
677.34805
775.56767
886.97334
1014.7999
1163.4832
1339.0653
1549.8806
1807.7101
2129.7636
2542.2212
3086.9232
3834.9451
4916.7527
6597.53
9497.1403
15388.279
31124.201
98642.571
281.54635
299.99532
336.03695
384.95539
444.33869
512.95562
590.52772
677.63699
775.69592
886.97665
1014.7204
1163.3651
1338.9523
1549.8149
1807.7331
2129.9173
2542.5506
3087.4809
3835.7972
4917.9911
6599.2942
9499.667
15392.028
31130.26
98648.996
282.79128
301.19135
337.13697
385.92493
445.1495
513.58632
590.97093
677.90234
775.80829
886.97158
1014.6391
1163.2505
1338.847
1549.7601
1807.7691
2130.0853
2542.895
3088.0533
3836.6629
4919.2404
6601.065
9502.1938
15395.767
31136.29
98655.383
284.01015
302.35972
338.20668
386.86124
445.92542
514.18356
591.38518
678.14533
775.9057
886.95871
1014.5563
1163.1397
1338.7495
1549.716
1807.8181
2130.2675
2543.254
3088.6398
3837.5411
4920.4995
6602.8414
9504.7197
15399.495
31142.292
98661.733
285.20262
303.5002
339.24606
387.76473
446.66747
514.74869
591.77185
678.36712
775.98901
886.93864
1014.4724
1163.0328
1338.6597
1549.6827
1807.8797
2130.4635
2543.6271
3089.2398
3838.4313
4921.7678
6604.6226
9507.2439
15403.211
31148.264
98668.046
286.3684
304.61262
340.25517
388.63593
447.37666
515.28299
592.13224
678.56884
776.05908
886.91191
1014.3876
1162.9299
1338.5778
1549.6599
1807.9538
2130.6729
2544.0138
3089.8526
3839.3325
4923.0442
6606.4076
9509.7656
15406.915
31154.208
98674.323
287.50726
305.69686
341.23415
389.47538
448.054
515.78773
592.46762
678.75157
776.11673
886.8791
1014.3024
1162.8311
1338.5037
1549.6476
1808.04
2130.8954
2544.4135
3090.4776
3840.2441
4924.328
6608.1956
9512.2841
15410.607
31160.123
98680.565
288.619
306.75287
342.18322
390.28369
448.70049
516.26411
592.77919
678.91636
776.16276
886.84074
1014.217
1162.7366
1338.4373
1549.6456
1808.1381
2131.1305
2544.8258
3091.1142
3841.1653
4925.6185
6609.986
9514.7989
15414.286
31166.01
98686.771
289.70349
307.78065
343.10264
391.06149
449.31713
516.71332
593.06811
679.06421
776.19794
886.79734
1014.1317
1162.6464
1338.3786
1549.6536
1808.2478
2131.3778
2545.25
3091.7616
3842.0954
4926.915
6611.7782
9517.3095
15417.952
31171.868
98692.941
290.76064
308.78025
343.99275
391.80947
449.90488
517.13649
593.33552
679.1961
776.22302
886.74942
1014.0468
1162.5607
1338.3274
1549.6714
1808.3686
2131.6368
2545.6856
3092.4194
3843.0338
4928.2167
6613.5715
9519.8154
15421.604
31177.697
98699.077
291.79042
309.75178
344.8539
392.5283
450.46473
517.53474
593.58248
679.31294
776.2387
886.69746
1013.9626
1162.4795
1338.2838
1549.6988
1808.5003
2131.9071
2546.1321
3093.0868
3843.98
4929.5232
6615.3655
9522.3163
15425.243
31183.497
98705.177
292.79285
310.69541
345.68652
393.21871
450.99763
517.90912
593.81004
679.41563
776.24567
886.64192
1013.8792
1162.403
1338.2476
1549.7356
1808.6425
2132.1881
2546.589
3093.7634
3844.9332
4930.8339
6617.1596
9524.8116
15428.868
31189.269
98711.241
293.76799
311.61133
346.49104
393.8814
451.50452
518.26069
594.0192
679.50504
776.24461
886.58326
1013.7971
1162.3311
1338.2187
1549.7816
1808.7948
2132.4796
2547.0557
3094.4486
3845.893
4932.1482
6618.9534
9527.3012
15432.479
31195.011
98717.27
294.71595
312.49978
347.26795
394.51712
451.98633
518.59046
594.21092
679.58199
776.23614
886.52191
1013.7163
1162.2639
1338.1971
1549.8364
1808.957
2132.7811
2547.5319
3095.1419
3846.8589
4933.4658
6620.7465
9529.7847
15436.076
31200.724
98723.264
295.6369
313.36107
348.01776
395.1266
452.44398
518.8994
594.38615
679.64728
776.22087
886.45828
1013.6372
1162.2016
1338.1826
1549.9001
1809.1287
2133.0921
2548.017
3095.8429
3847.8304
4934.7861
6622.5386
9532.2618
15439.659
31206.409
98729.223
296.53104
314.19549
348.74098
395.71058
452.87837
519.18846
594.54576
679.70166
776.1994
886.39276
1013.5599
1162.144
1338.1752
1549.9722
1809.3096
2133.4124
2548.5107
3096.551
3848.807
4936.1089
6624.3292
9534.7321
15443.227
31212.064
98735.146
297.39861
315.00342
349.43816
396.26982
453.29037
519.45857
594.69064
679.74589
776.17229
886.32575
1013.4846
1162.0913
1338.1747
1550.0526
1809.4994
2133.7415
2549.0125
3097.266
3849.7885
4937.4336
6626.1181
9537.1956
15446.78
31217.689
98741.034
298.23988
315.78524
350.10988
396.80505
453.68085
519.71062
594.8216
679.78065
776.14007
886.25759
1013.4116
1162.0436
1338.1811
1550.141
1809.6979
2134.0792
2549.5221
3097.9874
3850.7744
4938.76
6627.905
9539.6519
15450.318
31223.286
98746.886
299.05516
316.54135
350.75671
397.31701
454.05065
519.94547
594.93946
679.80662
776.10327
886.18864
1013.341
1162.0008
1338.1943
1550.2375
1809.9048
2134.425
2550.0392
3098.7149
3851.7643
4940.0877
6629.6895
9542.1008
15453.841
31228.852
98752.702
299.84481
317.2722
351.37924
397.80645
454.40061
520.16396
595.04498
679.82446
776.06238
886.11923
1013.273
1161.963
1338.2142
1550.3416
1810.1197
2134.7788
2550.5633
3099.448
3852.758
4941.4165
6631.4715
9544.542
15457.349
31234.389
98758.483
300.60919
317.97824
351.97806
398.27408
454.73152
520.3669
595.13891
679.83479
776.01786
886.04968
1013.2078
1161.9302
1338.2406
1550.4533
1810.3426
2135.1402
2551.0942
3100.1866
3853.7551
4942.7461
6633.2507
9546.9755
15460.841
31239.896
98764.228
301.3487
318.65995
352.55379
398.72063
455.04418
520.55508
595.22196
679.8382
775.97019
885.9803
1013.1454
1161.9024
1338.2737
1550.5724
1810.5731
2135.5089
2551.6317
3100.9303
3854.7553
4944.0761
6635.0268
9549.401
15464.318
31245.373
98769.937
302.06376
319.31782
353.10702
399.14681
455.33935
520.72926
595.29482
679.83527
775.91979
885.91136
1013.0862
1161.8798
1338.3132
1550.6988
1810.8111
2135.8847
2552.1753
3101.6788
3855.7584
4945.4064
6636.7997
9551.8182
15467.779
31250.819
98775.611
302.75481
319.95236
353.63837
399.55334
455.61778
520.89016
595.35815
679.82654
775.86707
885.84316
1013.0302
1161.8622
1338.3591
1550.8322
1811.0563
2136.2674
2552.7249
3102.4318
3856.7641
4946.7366
6638.569
9554.2271
15471.223
31256.236
98781.249
303.42232
320.56409
354.14846
399.94089
455.88021
521.03849
595.41258
679.81255
775.81245
885.77595
1012.9775
1161.8499
1338.4114
1550.9727
1811.3085
2136.6568
2553.2803
3103.1892
3857.7721
4948.0667
6640.3346
9556.6274
15474.652
31261.622
98786.852
304.06675
321.15354
354.63789
400.31015
456.12734
521.17495
595.45873
679.79379
775.75628
885.71
1012.9284
1161.8427
1338.4699
1551.1199
1811.5677
2137.0525
2553.8411
3103.9506
3858.7823
4949.3962
6642.0964
9559.0189
15478.065
31266.978
98792.419
304.68861
321.72124
355.10728
400.66179
456.35985
521.30018
595.49718
679.77075
775.69894
885.64553
1012.8829
1161.8407
1338.5347
1551.274
1811.8336
2137.4545
2554.4072
3104.7159
3859.7944
4950.7252
6643.8541
9561.4016
15481.461
31272.303
98797.951
305.28838
322.26775
355.55724
400.99647
456.57843
521.41483
595.5285
679.74389
775.64078
885.58279
1012.8411
1161.844
1338.6057
1551.4346
1812.106
2137.8625
2554.9783
3105.4848
3860.8082
4952.0533
6645.6075
9563.7753
15484.841
31277.598
98803.447
305.86659
322.7936
355.98836
401.31484
456.78371
521.51951
595.55322
679.71365
775.58212
885.52199
1012.8032
1161.8525
1338.6828
1551.6017
1812.3848
2138.2764
2555.5544
3106.2571
3861.8235
4953.3804
6647.3565
9566.1398
15488.204
31282.862
98808.909
306.42374
323.29934
356.40125
401.61752
456.97634
521.61481
595.57186
679.68046
775.52328
885.46333
1012.7693
1161.8663
1338.766
1551.7752
1812.6699
2138.6959
2556.135
3107.0327
3862.8401
4954.7062
6649.101
9568.495
15491.551
31288.095
98814.335
306.96036
323.78554
356.79649
401.90513
457.15692
521.7013
595.58493
679.64471
775.46456
885.40702
1012.7394
1161.8854
1338.8552
1551.9551
1812.9611
2139.1209
2556.7202
3107.8113
3863.8578
4956.0307
6650.8407
9570.8408
15494.881
31293.298
98819.727
307.47698
324.25273
357.17468
402.17828
457.32605
521.77953
595.59289
679.60679
775.40625
885.35325
1012.7138
1161.9098
1338.9504
1552.1411
1813.2582
2139.5513
2557.3097
3108.5928
3864.8764
4957.3536
6652.5755
9573.177
15498.194
31298.471
98825.084
307.97414
324.70148
357.53639
402.43755
457.48429
521.85003
595.5962
679.56707
775.34861
885.30219
1012.6924
1161.9396
1339.0516
1552.3332
1813.5612
2139.9868
2557.9033
3109.3769
3865.8959
4958.6748
6654.3054
9575.5036
15501.49
31303.612
98830.407
308.45235
325.13233
357.88218
402.68353
457.63222
521.9133
595.5953
679.52589
775.29191
885.25402
1012.6753
1161.9747
1339.1586
1552.5313
1813.8699
2140.4274
2558.5009
3110.1636
3866.9159
4959.9941
6656.03
9577.8204
15504.769
31308.724
98835.696
308.91216
325.54582
358.21263
402.91677
457.77036
521.96984
595.59061
679.4836
775.23639
885.20888
1012.6627
1162.0152
1339.2716
1552.7354
1814.1843
2140.8729
2559.1023
3110.9526
3867.9364
4961.3114
6657.7494
9580.1274
15508.032
31313.805
98840.952
309.3541
325.9425
358.52828
403.13782
457.89924
522.02012
595.58253
679.44051
775.18229
885.16693
1012.6546
1162.0611
1339.3903
1552.9453
1814.5041
2141.3232
2559.7073
3111.7438
3868.9572
4962.6265
6659.4634
9582.4245
15511.277
31318.855
98846.174
309.77869
326.32289
358.82968
403.34722
458.01936
522.06458
595.57144
679.39692
775.12981
885.12831
1012.6511
1162.1123
1339.5148
1553.1609
1814.8292
2141.778
2560.3159
3112.5371
3869.9781
4963.9394
6661.1719
9584.7115
15514.506
31323.875
98851.363
310.18645
326.68754
359.11734
403.54548
458.13121
522.10367
595.5577
679.35313
775.07918
885.09316
1012.6522
1162.169
1339.645
1553.3822
1815.1596
2142.2374
2560.9279
3113.3322
3870.9991
4965.2498
6662.8747
9586.9885
15517.717
31328.865
98856.519
310.57792
327.03696
359.3918
403.73311
458.23525
522.13779
595.54167
679.30939
775.03059
885.06159
1012.658
1162.231
1339.7808
1553.6091
1815.4952
2142.7011
2561.5431
3114.1292
3872.0198
4966.5577
6664.5719
9589.2554
15520.912
31333.826
98861.643
310.9536
327.37167
359.65357
403.9106
458.33194
522.16735
595.52367
679.26599
774.98421
885.03371
1012.6686
1162.2984
1339.9223
1553.8415
1815.8357
2143.169
2562.1613
3114.9277
3873.0404
4967.8629
6666.2632
9591.5121
15524.089
31338.756
98866.734
311.31401
327.69218
359.90314
404.07842
458.42173
522.19274
595.50403
679.22315
774.94024
885.00965
1012.684
1162.3712
1340.0694
1554.0793
1816.1812
2143.641
2562.7826
3115.7277
3874.0605
4969.1653
6667.9487
9593.7585
15527.25
31343.657
98871.795
311.65964
327.99898
360.141
404.23704
458.50502
522.21431
595.48305
679.18111
774.89882
884.98948
1012.7041
1162.4493
1340.222
1554.3224
1816.5314
2144.1169
2563.4066
3116.529
3875.0801
4970.4649
6669.6281
9595.9947
15530.394
31348.528
98876.823
311.991
328.29257
360.36763
404.38691
458.58223
522.23242
595.46101
679.1401
774.86012
884.97331
1012.7292
1162.5328
1340.38
1554.5707
1816.8864
2144.5967
2564.0333
3117.3315
3876.099
4971.7614
6671.3015
9598.2206
15533.521
31353.371
98881.822
312.30858
328.57343
360.58349
404.52846
458.65374
522.2474
595.43819
679.10031
774.82427
884.96121
1012.7591
1162.6216
1340.5435
1554.8242
1817.2459
2145.0803
2564.6626
3118.1351
3877.1172
4973.0548
6672.9688
9600.4362
15536.631
31358.184
98886.789
312.61285
328.84204
360.78904
404.66212
458.71995
522.25959
595.41485
679.06195
774.79141
884.95326
1012.794
1162.7157
1340.7123
1555.0828
1817.6099
2145.5674
2565.2943
3118.9397
3878.1344
4974.3451
6674.6299
9602.6415
15539.724
31362.968
98891.727
312.90429
329.09885
360.98472
404.78828
458.7812
522.26928
595.39123
679.02521
774.76166
884.94953
1012.8338
1162.8151
1340.8864
1555.3463
1817.9783
2146.058
2565.9284
3119.7451
3879.1507
4975.632
6676.2847
9604.8364
15542.801
31367.724
98896.635
313.18337
329.34432
361.17096
404.90735
458.83785
522.27677
595.36758
678.99024
774.73514
884.95007
1012.8785
1162.9197
1341.0657
1555.6147
1818.351
2146.552
2566.5646
3120.5512
3880.1659
4976.9156
6677.9333
9607.021
15545.861
31372.452
98901.514
313.45053
329.5789
361.34817
405.01972
458.89024
522.28235
595.34411
678.95723
774.71195
884.95495
1012.9282
1163.0296
1341.2501
1555.8879
1818.7278
2147.0492
2567.2029
3121.3579
3881.1799
4978.1958
6679.5755
9609.1953
15548.905
31377.151
98906.364
313.70622
329.80301
361.51677
405.12574
458.93868
522.28628
595.32103
678.92631
774.69219
884.96419
1012.9828
1163.1447
1341.4397
1556.1659
1819.1087
2147.5495
2567.8431
3122.1651
3882.1926
4979.4724
6681.2113
9611.3593
15551.933
31381.823
98911.186
313.95089
330.01708
361.67715
405.22579
458.9835
522.28882
595.29855
678.89764
774.67595
884.97786
1013.0424
1163.2648
1341.6343
1556.4484
1819.4935
2148.0529
2568.4852
3122.9727
3883.2038
4980.7454
6682.8407
9613.513
15554.944
31386.468
98915.981
314.18495
330.22152
361.8297
405.32019
459.02497
522.29021
595.27685
678.87134
774.6633
884.99596
1013.1069
1163.3901
1341.8338
1556.7355
1819.8821
2148.5592
2569.129
3123.7805
3884.2136
4982.0147
6684.4637
9615.6565
15557.939
31391.085
98920.748
314.40882
330.41673
361.97479
405.4093
459.0634
522.29068
595.25611
678.84753
774.65432
885.01855
1013.1764
1163.5205
1342.0382
1557.027
1820.2745
2149.0683
2569.7744
3124.5886
3885.2218
4983.2803
6686.0801
9617.7897
15560.919
31395.676
98925.488
314.62292
330.60312
362.11278
405.49342
459.09905
522.29046
595.23649
678.82634
774.64908
885.04563
1013.2508
1163.6558
1342.2475
1557.3229
1820.6706
2149.58
2570.4213
3125.3967
3886.2283
4984.5421
6687.6901
9619.9128
15563.882
31400.24
98930.202
314.82763
330.78105
362.24402
405.57288
459.13219
522.28975
595.21815
678.80787
774.64763
885.07722
1013.33
1163.7961
1342.4614
1557.623
1821.0701
2150.0944
2571.0696
3126.2047
3887.2331
4985.8001
6689.2936
9622.0257
15566.83
31404.779
98934.89
315.02335
330.95089
362.36886
405.64796
459.16307
522.28876
595.20125
678.79221
774.65002
885.11333
1013.4141
1163.9413
1342.68
1557.9273
1821.4731
2150.6112
2571.7192
3127.0126
3888.2361
4987.0542
6690.8906
9624.1285
15569.762
31409.291
98939.552
315.21044
331.11302
362.48762
405.71896
459.19192
522.28767
595.18591
678.77945
774.6563
885.15396
1013.5031
1164.0914
1342.9032
1558.2356
1821.8794
2151.1303
2572.37
3127.8204
3889.2372
4988.3043
6692.481
9626.2213
15572.679
31413.778
98944.19
315.38928
331.26778
362.60062
405.78615
459.21898
522.28666
595.17227
678.76967
774.6665
885.19911
1013.5968
1164.2462
1343.1309
1558.5479
1822.2889
2151.6517
2573.0218
3128.6278
3890.2363
4989.5505
6694.0649
9628.3041
15575.58
31418.239
98948.803
315.56023
331.41551
362.70817
405.84981
459.24447
522.28591
595.16044
678.76296
774.68066
885.24878
1013.6953
1164.4058
1343.363
1558.864
1822.7015
2152.1753
2573.6747
3129.4348
3891.2333
4990.7926
6695.6423
9630.377
15578.467
31422.676
98953.392
315.72363
331.55654
362.81057
405.91018
459.2686
522.28557
595.15055
678.75936
774.6988
885.30296
1013.7986
1164.5699
1343.5994
1559.184
1823.1171
2152.7009
2574.3284
3130.2413
3892.2283
4992.0307
6697.2131
9632.4401
15581.338
31427.089
98957.957
315.87982
331.69119
362.90811
405.96752
459.29156
522.28579
595.14268
678.75895
774.72094
885.36163
1013.9065
1164.7387
1343.8401
1559.5076
1823.5357
2153.2285
2574.9829
3131.0472
3893.221
4993.2647
6698.7775
9634.4934
15584.195
31431.477
98962.499
316.02913
331.81977
363.00107
406.02206
459.31355
522.28672
595.13695
678.76178
774.74709
885.42477
1014.019
1164.912
1344.0849
1559.8348
1823.957
2153.7579
2575.6382
3131.8526
3894.2116
4994.4945
6700.3353
9636.5369
15587.037
31435.842
98967.019
316.17187
331.94259
363.08971
406.07404
459.33475
522.28849
595.13343
678.76789
774.77727
885.49235
1014.1361
1165.0897
1344.3338
1560.1654
1824.381
2154.289
2576.294
3132.6572
3895.1999
4995.7203
6701.8867
9638.5709
15589.865
31440.183
98971.517
316.30835
332.05993
363.1743
406.12365
459.35533
522.29123
595.13221
678.77733
774.81148
885.56436
1014.2577
1165.2718
1344.5867
1560.4995
1824.8077
2154.8219
2576.9504
3133.461
3896.1859
4996.9418
6703.4316
9640.5953
15592.678
31444.501
98975.992
316.43887
332.17207
363.25508
406.17113
459.37545
522.29506
595.13337
678.79012
774.8497
885.64075
1014.3838
1165.4582
1344.8434
1560.8369
1825.2369
2155.3562
2577.6072
3134.2639
3897.1694
4998.1592
6704.9701
9642.6103
15595.478
31448.797
98980.447
316.56373
332.27929
363.33229
406.21666
459.39528
522.30008
595.13696
678.8063
774.89195
885.7215
1014.5143
1165.6489
1345.104
1561.1774
1825.6684
2155.892
2578.2643
3135.0659
3898.1506
4999.3724
6706.5022
9644.6159
15598.264
31453.07
98984.88
316.68319
332.38186
363.40617
406.26045
459.41496
522.30641
595.14306
678.82589
774.93821
885.80656
1014.6492
1165.8436
1345.3683
1561.5211
1826.1023
2156.4292
2578.9218
3135.8669
3899.1293
5000.5813
6708.0279
9646.6122
15601.035
31457.322
98989.293
316.79754
332.48002
363.47694
406.30266
459.43462
522.31413
595.15172
678.8489
774.98847
885.89589
1014.7883
1166.0424
1345.6362
1561.8677
1826.5384
2156.9677
2579.5794
3136.6669
3900.1055
5001.7861
6709.5472
9648.5993
15603.794
31461.551
98993.686
316.90703
332.57402
363.54482
406.34349
459.45441
522.32334
595.16299
678.87536
775.0427
885.98945
1014.9317
1166.2452
1345.9077
1562.2173
1826.9767
2157.5074
2580.2371
3137.4657
3901.0791
5002.9866
6711.0603
9650.5774
15606.539
31465.76
98998.06
317.01192
332.66411
363.61001
406.38309
459.47445
522.33412
595.17691
678.90527
775.10089
886.0872
1015.0792
1166.4519
1346.1825
1562.5697
1827.4169
2158.0481
2580.8949
3138.2633
3902.0501
5004.1829
6712.5671
9652.5465
15609.271
31469.948
99002.414
317.11246
332.7505
363.6727
406.42162
459.49486
522.34655
595.19353
678.93864
775.16301
886.18908
1015.2308
1166.6624
1346.4608
1562.9248
1827.8591
2158.5899
2581.5526
3139.0598
3903.0186
5005.3749
6714.0676
9654.5066
15611.99
31474.115
99006.75
317.20887
332.83342
363.7331
406.45925
459.51574
522.36071
595.21287
678.97546
775.22903
886.29504
1015.3865
1166.8766
1346.7423
1563.2825
1828.3032
2159.1326
2582.2102
3139.8549
3903.9844
5006.5627
6715.562
9656.4579
15614.696
31478.262
99011.067
317.30139
332.91308
363.79138
406.49611
459.53721
522.37664
595.23496
679.01573
775.29892
886.40502
1015.546
1167.0945
1347.027
1563.6428
1828.749
2159.6762
2582.8677
3140.6487
3904.9475
5007.7463
6717.0502
9658.4006
15617.39
31482.389
99015.367
317.39024
332.98969
363.84772
406.53234
459.55936
522.39443
595.25984
679.05944
775.37265
886.51898
1015.7094
1167.316
1347.3147
1564.0055
1829.1964
2160.2205
2583.5248
3141.441
3905.9079
5008.9257
6718.5323
9660.3346
15620.071
31486.496
99019.649
317.47564
333.06344
363.90228
406.56808
459.58229
522.41412
595.28751
679.10659
775.45018
886.63685
1015.8767
1167.5409
1347.6055
1564.3705
1829.6455
2160.7656
2584.1817
3142.232
3906.8656
5010.1008
6720.0084
9662.2602
15622.74
31490.584
99023.913
317.55778
333.13452
363.95523
406.60345
459.60608
522.43575
595.318
679.15716
775.53147
886.75857
1016.0476
1167.7692
1347.8991
1564.7378
1830.0961
2161.3112
2584.8382
3143.0214
3907.8206
5011.2718
6721.4785
9664.1773
15625.397
31494.654
99028.161
317.63686
333.20312
364.00672
406.63856
459.63081
522.45939
595.35131
679.21112
775.61647
886.88408
1016.2222
1168.0009
1348.1956
1565.1073
1830.548
2161.8574
2585.4943
3143.8094
3908.7728
5012.4385
6722.9426
9666.0862
15628.042
31498.705
99032.393
317.71308
333.2694
364.0569
406.67354
459.65657
522.48506
595.38746
679.26847
775.70515
887.01332
1016.4004
1168.2358
1348.4948
1565.4789
1831.0013
2162.4041
2586.1499
3144.5958
3909.7222
5013.6011
6724.4008
9667.9868
15630.675
31502.738
99036.608
317.78662
333.33355
364.10591
406.70849
459.68342
522.5128
595.42644
679.32917
775.79745
887.14622
1016.5821
1168.4738
1348.7966
1565.8525
1831.4559
2162.9512
2586.8049
3145.3805
3910.6689
5014.7595
6725.8531
9669.8793
15633.297
31506.753
99040.808
317.85764
333.39571
364.15388
406.7435
459.71142
522.54265
595.46827
679.3932
775.89333
887.28273
1016.7672
1168.7148
1349.101
1566.228
1831.9116
2163.4986
2587.4594
3146.1636
3911.6127
5015.9137
6727.2996
9671.7639
15635.908
31510.751
99044.993
317.92633
333.45605
364.20094
406.77868
459.74065
522.57463
595.51292
679.46054
775.99274
887.42276
1016.9556
1168.9589
1349.4078
1566.6053
1832.3684
2164.0463
2588.1132
3146.9451
3912.5537
5017.0638
6728.7404
9673.6406
15638.507
31514.731
99049.162
317.99285
333.51471
364.24722
406.81412
459.77115
522.60876
595.56041
679.53114
776.09562
887.56626
1017.1473
1169.2058
1349.7171
1566.9844
1832.8263
2164.5941
2588.7662
3147.7248
3913.4919
5018.2098
6730.1755
9675.5095
15641.096
31518.694
99053.317
318.05734
333.57183
364.29283
406.8499
459.80298
522.64507
595.61072
679.60498
776.20193
887.71316
1017.3421
1169.4556
1350.0286
1567.3652
1833.285
2165.1421
2589.4185
3148.5028
3914.4272
5019.3516
6731.605
9677.3707
15643.674
31522.641
99057.458
318.11997
333.62755
364.33787
406.8861
459.83618
522.68358
595.66384
679.68202
776.31161
887.86339
1017.5401
1169.708
1350.3423
1567.7475
1833.7447
2165.6902
2590.07
3149.279
3915.3597
5020.4894
6733.0289
9679.2243
15646.241
31526.572
99061.584
318.18087
333.68201
364.38247
406.92279
459.87081
522.72428
595.71975
679.76222
776.4246
888.01688
1017.7411
1169.9631
1350.6581
1568.1313
1834.2051
2166.2382
2590.7207
3150.0535
3916.2893
5021.6232
6734.4472
9681.0705
15648.797
31530.486
99065.697
318.24018
333.73532
364.42671
406.96006
459.90689
522.76721
595.77844
679.84555
776.54085
888.17355
1017.945
1170.2208
1350.976
1568.5166
1834.6663
2166.7863
2591.3704
3150.826
3917.2161
5022.7529
6735.8601
9682.9093
15651.344
31534.385
99069.797
318.29803
333.78761
364.4707
406.99796
459.94446
522.81235
595.83989
679.93197
776.66029
888.33335
1018.1518
1170.481
1351.2959
1568.9032
1835.1281
2167.3342
2592.0192
3151.5968
3918.1401
5023.8786
6737.2676
9684.7408
15653.88
31538.268
99073.883
318.35456
333.83898
364.51452
407.03655
459.98357
522.85973
595.90408
680.02143
776.78288
888.49619
1018.3614
1170.7435
1351.6176
1569.2911
1835.5905
2167.8819
2592.667
3152.3657
3919.0611
5025.0003
6738.6697
9686.5651
15656.406
31542.136
99077.957
318.40988
333.88955
364.55826
407.0759
460.02423
522.90933
595.97099
680.11388
776.90855
888.66202
1018.5738
1171.0083
1351.9412
1569.6802
1836.0535
2168.4295
2593.3138
3153.1326
3919.9793
5026.118
6740.0665
9688.3824
15658.923
31545.99
99082.018
318.4641
333.93942
364.602
407.11605
460.06647
522.96116
596.04059
680.20929
777.03724
888.83075
1018.7887
1171.2754
1352.2665
1570.0704
1836.5169
2168.9767
2593.9596
3153.8977
3920.8947
5027.2318
6741.4581
9690.1927
15661.43
31549.828
99086.067
318.51734
333.98869
364.64582
407.15707
460.11031
523.01521
596.11285
680.30761
777.16889
889.00232
1019.0063
1171.5447
1352.5934
1570.4617
1836.9807
2169.5237
2594.6042
3154.6608
3921.8072
5028.3417
6742.8445
9691.9961
15663.927
31553.653
99090.104
318.5697
334.03746
364.68979
407.19899
460.15578
523.07148
596.18775
680.4088
777.30344
889.17666
1019.2263
1171.816
1352.9219
1570.854
1837.4448
2170.0702
2595.2477
3155.422
3922.7168
5029.4477
6744.2257
9693.7927
15666.415
31557.463
99094.129
318.62129
334.08581
364.73397
407.24186
460.20289
523.12995
596.26525
680.51279
777.44084
889.3537
1019.4487
1172.0893
1353.2519
1571.2472
1837.9092
2170.6164
2595.89
3156.1812
3923.6236
5030.5499
6745.6019
9695.5826
15668.894
31561.259
99098.143
318.6722
334.13382
364.77845
407.28571
460.25166
523.19063
596.34533
680.61956
777.581
889.53336
1019.6734
1172.3646
1353.5833
1571.6412
1838.3739
2171.1621
2596.5312
3156.9384
3924.5276
5031.6482
6746.9731
9697.3659
15671.364
31565.043
99102.145
318.72251
334.18158
364.82326
407.33059
460.30209
523.25349
596.42795
680.72904
777.72389
889.71557
1019.9004
1172.6417
1353.9161
1572.0361
1838.8386
2171.7072
2597.1711
3157.6936
3925.4287
5032.7427
6748.3393
9699.1427
15673.825
31568.812
99106.137
318.77233
334.22917
364.86848
407.37653
460.3542
523.31853
596.51308
680.84118
777.86942
889.90028
1020.1296
1172.9206
1354.2501
1572.4316
1839.3035
2172.2518
2597.8097
3158.4468
3926.3269
5033.8335
6749.7006
9700.9131
15676.277
31572.568
99110.117
318.82173
334.27666
364.91415
407.42356
460.40799
523.38573
596.60068
680.95594
778.01755
890.08739
1020.361
1173.2012
1354.5854
1572.8278
1839.7685
2172.7959
2598.4471
3159.198
3927.2224
5034.9205
6751.0571
9702.6772
15678.721
31576.312
99114.088
318.8708
334.32412
364.96033
407.47171
460.46346
523.45506
596.69072
681.07327
778.16821
890.27686
1020.5943
1173.4834
1354.9218
1573.2246
1840.2334
2173.3392
2599.0832
3159.9472
3928.115
5036.0038
6752.4087
9704.4351
15681.156
31580.043
99118.048
318.9196
334.3716
365.00707
407.521
460.52063
523.52652
596.78316
681.19311
778.32134
890.46861
1020.8296
1173.7672
1355.2594
1573.622
1840.6983
2173.8819
2599.7179
3160.6943
3929.0048
5037.0834
6753.7557
9706.1867
15683.583
31583.761
99121.998
318.96821
334.41919
365.0544
407.57145
460.57948
523.60008
596.87796
681.31542
778.47687
890.66256
1021.0669
1174.0525
1355.5979
1574.0198
1841.1631
2174.4239
2600.3512
3161.4393
3929.8918
5038.1594
6755.0979
9707.9324
15686.001
31587.467
99125.938
319.01669
334.46692
365.10236
407.62309
460.64003
523.67572
596.97509
681.44013
778.63474
890.85866
1021.3059
1174.3392
1355.9373
1574.418
1841.6277
2174.9651
2600.9832
3162.1823
3930.776
5039.2318
6756.4356
9709.672
15688.412
31591.162
99129.868
319.06512
334.51486
365.15101
407.67593
460.70226
523.75341
597.0745
681.5672
778.7949
891.05684
1021.5467
1174.6273
1356.2777
1574.8166
1842.0922
2175.5056
2601.6137
3162.9232
3931.6575
5040.3005
6757.7686
9711.4058
15690.815
31594.844
99133.789
319.11355
334.56307
365.20036
407.72999
460.76617
523.83314
597.17615
681.69657
778.95728
891.25702
1021.7892
1174.9166
1356.6188
1575.2155
1842.5564
2176.0452
2602.2428
3163.6621
3932.5361
5041.3657
6759.0971
9713.1337
15693.209
31598.515
99137.701
319.16204
334.61158
365.25047
407.78528
460.83175
523.91488
597.28001
681.8282
779.12181
891.45915
1022.0333
1175.2072
1356.9608
1575.6146
1843.0202
2176.5839
2602.8705
3164.3988
3933.412
5042.4274
6760.4212
9714.8559
15695.596
31602.175
99141.604
319.21064
334.66045
365.30134
407.84181
460.899
523.9986
597.38604
681.96203
779.28845
891.66315
1022.279
1175.4989
1357.3034
1576.014
1843.4838
2177.1218
2603.4966
3165.1335
3934.2852
5043.4856
6761.7409
9716.5725
15697.976
31605.823
99145.498
319.25941
334.70971
365.35302
407.8996
460.96791
524.08428
597.49419
682.098
779.45712
891.86896
1022.5262
1175.7918
1357.6466
1576.4135
1843.947
2177.6587
2604.1213
3165.8661
3935.1556
5044.5403
6763.0562
9718.2835
15700.348
31609.46
99149.383
319.3084
334.75942
365.40553
407.95864
461.03846
524.17189
597.60441
682.23606
779.62777
892.07652
1022.7748
1176.0856
1357.9905
1576.8131
1844.4098
2178.1947
2604.7445
3166.5966
3936.0233
5045.5916
6764.3672
9719.989
15702.713
31613.086
99153.259
319.35765
334.8096
365.45889
408.01895
461.11064
524.26139
597.71668
682.37617
779.80034
892.28577
1023.0247
1176.3804
1358.3349
1577.2127
1844.8721
2178.7297
2605.3662
3167.325
3936.8883
5046.6394
6765.6739
9721.689
15705.07
31616.702
99157.127
319.4072
334.86029
365.51312
408.08054
461.18445
524.35277
597.83094
682.51827
779.97476
892.49664
1023.276
1176.6762
1358.6797
1577.6123
1845.3339
2179.2636
2605.9863
3168.0513
3937.7506
5047.6839
6766.9764
9723.3838
15707.421
31620.307
99160.987
319.4571
334.91153
365.56824
408.14339
461.25986
524.44599
597.94715
682.6623
780.15099
892.70907
1023.5285
1176.9728
1359.025
1578.0119
1845.7952
2179.7966
2606.6049
3168.7755
3938.6102
5048.7251
6768.2747
9725.0732
15709.764
31623.902
99164.838
319.50738
334.96335
365.62428
408.20752
461.33686
524.54102
598.06527
682.80821
780.32895
892.92299
1023.7822
1177.2701
1359.3706
1578.4114
1846.2559
2180.3285
2607.2219
3169.4976
3939.4671
5049.7629
6769.569
9726.7575
15712.1
31627.487
99168.682
319.55807
335.01576
365.68123
408.27291
461.41543
524.63783
598.18526
682.95595
780.50859
893.13835
1024.0369
1177.5682
1359.7165
1578.8108
1846.716
2180.8593
2607.8373
3170.2176
3940.3214
5050.7974
6770.8591
9728.4366
15714.43
31631.062
99172.518
319.60923
335.06882
365.73913
408.33959
461.49556
524.73638
598.30707
683.10548
780.68987
893.3551
1024.2928
1177.867
1360.0627
1579.21
1847.1755
2181.389
2608.4511
3170.9355
3941.1731
5051.8287
6772.1453
9730.1106
15716.753
31634.627
99176.347
319.66085
335.12251
365.79796
408.40751
461.57721
524.83663
598.43063
683.25669
780.87266
893.57309
1024.5495
1178.1664
1360.409
1579.6088
1847.6341
2181.9174
2609.0631
3171.6511
3942.0218
5052.8564
6773.427
9731.7791
15719.068
31638.18
99180.165
319.71307
335.17696
365.85784
408.47678
461.66047
524.93867
598.55605
683.40972
781.05714
893.79256
1024.8075
1178.4665
1360.7559
1580.0078
1848.0926
2182.4453
2609.6744
3172.3656
3942.8692
5053.8825
6774.7068
9733.4453
15721.381
31641.733
99183.987
319.76545
335.23172
365.91825
408.54683
461.74468
525.04172
598.68242
683.56352
781.24206
894.01205
1025.065
1178.7656
1361.1009
1580.4042
1848.5476
2182.9687
2610.2798
3173.0729
3943.7075
5054.8971
6775.9718
9735.0915
15723.665
31645.234
99187.769
319.82008
335.28893
365.98151
408.62017
461.83264
525.14894
598.81334
683.7222
781.4322
894.2371
1025.3284
1179.0712
1361.4531
1580.8087
1849.0119
2183.503
2610.8986
3173.7966
3944.5665
5055.9386
6777.2732
9736.79
15726.032
31648.891
99191.673
319.86741
335.33865
366.03677
408.68472
461.91069
525.24478
598.93103
683.86538
781.60411
894.44069
1025.5665
1179.3469
1361.77
1581.1715
1849.4265
2183.9777
2611.445
3174.4313
3945.3141
5056.8365
6778.3819
9738.2137
15727.97
31651.826
99195.153
319.92729
335.40168
366.1069
408.76628
462.00837
525.36333
599.075
684.03901
781.81136
894.68544
1025.8528
1179.6795
1362.1545
1581.6154
1849.9399
2184.5747
2612.1455
3175.265
3946.3267
5058.1019
6780.0281
9740.483
15731.377
31657.578
99200.106
)
;

boundaryField
{
    inlet
    {
        type            fixedValue;
        value           uniform 287.49445;
    }
    outlet
    {
        type            zeroGradient;
    }
    wall
    {
        blending        binomial2;
        n               2;
        beta1           0.075;
        type            omegaWallFunction;
        value           nonuniform List<scalar> 
250
(
108869.73
104381.87
101495.88
100687.53
100429.44
100203.8
99973.27
99764.792
99591.815
99449.965
99331.273
99229.665
99141.308
99063.491
98994.287
98932.393
98876.691
98826.281
98780.543
98737.97
98697.862
98660.361
98625.773
98594.136
98565.109
98537.754
98511.956
98487.898
98465.692
98445.31
98426.648
98409.599
98393.865
98379.184
98365.467
98352.727
98341
98330.297
98320.565
98311.741
98303.724
98296.378
98289.614
98283.42
98277.806
98272.77
98268.307
98264.401
98261.028
98258.161
98255.757
98253.75
98252.09
98250.761
98249.768
98249.118
98248.811
98248.841
98249.204
98249.897
98250.893
98252.152
98253.638
98255.33
98257.214
98259.29
98261.568
98264.055
98266.752
98269.657
98272.765
98276.068
98279.546
98283.177
98286.948
98290.854
98294.893
98299.068
98303.38
98307.828
98312.413
98317.133
98321.985
98326.959
98332.043
98337.224
98342.498
98347.859
98353.309
98358.847
98364.475
98370.192
98376.001
98381.9
98387.885
98393.946
98400.077
98406.271
98412.525
98418.838
98425.208
98431.637
98438.125
98444.675
98451.284
98457.949
98464.664
98471.424
98478.224
98485.059
98491.931
98498.84
98505.784
98512.773
98519.8
98526.854
98533.923
98540.995
98548.058
98555.097
98562.103
98569.068
98575.987
98582.857
98589.677
98596.447
98603.169
98609.845
98616.474
98623.06
98629.604
98636.107
98642.571
98648.996
98655.383
98661.733
98668.046
98674.323
98680.565
98686.771
98692.941
98699.077
98705.177
98711.241
98717.27
98723.264
98729.223
98735.146
98741.034
98746.886
98752.702
98758.483
98764.228
98769.937
98775.611
98781.249
98786.852
98792.419
98797.951
98803.447
98808.909
98814.335
98819.727
98825.084
98830.407
98835.696
98840.952
98846.174
98851.363
98856.519
98861.643
98866.734
98871.795
98876.823
98881.822
98886.789
98891.727
98896.635
98901.514
98906.364
98911.186
98915.981
98920.748
98925.488
98930.202
98934.89
98939.552
98944.19
98948.803
98953.392
98957.957
98962.499
98967.019
98971.517
98975.992
98980.447
98984.88
98989.293
98993.686
98998.06
99002.414
99006.75
99011.067
99015.367
99019.649
99023.913
99028.161
99032.393
99036.608
99040.808
99044.993
99049.162
99053.317
99057.458
99061.584
99065.697
99069.797
99073.883
99077.957
99082.018
99086.067
99090.104
99094.129
99098.143
99102.145
99106.137
99110.117
99114.088
99118.048
99121.998
99125.938
99129.868
99133.789
99137.701
99141.604
99145.498
99149.383
99153.259
99157.127
99160.987
99164.838
99168.682
99172.518
99176.347
99180.165
99183.987
99187.769
99191.673
99195.153
99200.106
)
;
    }
    front
    {
        type            wedge;
    }
    back
    {
        type            wedge;
    }
    axis
    {
        type            empty;
    }
}


// ************************************************************************* //
