/*--------------------------------*- C++ -*----------------------------------*\
| =========                 |                                                 |
| \\      /  F ield         | OpenFOAM: The Open Source CFD Toolbox           |
|  \\    /   O peration     | Version:  v2012                                 |
|   \\  /    A nd           | Website:  www.openfoam.com                      |
|    \\/     M anipulation  |                                                 |
\*---------------------------------------------------------------------------*/
FoamFile
{
    version     2.0;
    format      ascii;
    class       volScalarField;
    location    "2000";
    object      p;
}
// * * * * * * * * * * * * * * * * * * * * * * * * * * * * * * * * * * * * * //

dimensions      [1 -1 -2 0 0 0 0];


internalField   nonuniform List<scalar> 
6250
(
101502.83
101502.88
101502.98
101503.1
101503.26
101503.44
101503.63
101503.83
101504.04
101504.26
101504.48
101504.69
101504.9
101505.11
101505.32
101505.51
101505.71
101505.89
101506.07
101506.25
101506.4
101506.55
101506.69
101506.83
101506.94
101501.23
101501.23
101501.22
101501.2
101501.18
101501.15
101501.11
101501.06
101501
101500.94
101500.87
101500.8
101500.73
101500.66
101500.59
101500.52
101500.46
101500.39
101500.33
101500.27
101500.21
101500.15
101500.08
101500.02
101499.97
101499.2
101499.2
101499.18
101499.15
101499.13
101499.09
101499.06
101499.03
101498.99
101498.96
101498.92
101498.89
101498.86
101498.83
101498.8
101498.77
101498.74
101498.71
101498.68
101498.66
101498.63
101498.61
101498.58
101498.55
101498.53
101497.9
101497.9
101497.9
101497.9
101497.89
101497.89
101497.88
101497.88
101497.87
101497.86
101497.85
101497.84
101497.83
101497.83
101497.82
101497.81
101497.81
101497.8
101497.79
101497.79
101497.78
101497.77
101497.76
101497.75
101497.74
101496.74
101496.74
101496.73
101496.72
101496.72
101496.71
101496.7
101496.69
101496.68
101496.67
101496.66
101496.66
101496.65
101496.65
101496.64
101496.64
101496.64
101496.63
101496.63
101496.62
101496.62
101496.61
101496.61
101496.6
101496.59
101495.53
101495.53
101495.53
101495.52
101495.51
101495.51
101495.5
101495.5
101495.49
101495.49
101495.48
101495.48
101495.47
101495.47
101495.47
101495.47
101495.47
101495.46
101495.46
101495.46
101495.45
101495.45
101495.44
101495.43
101495.43
101494.4
101494.4
101494.4
101494.39
101494.39
101494.39
101494.38
101494.38
101494.38
101494.37
101494.37
101494.37
101494.36
101494.36
101494.36
101494.36
101494.36
101494.35
101494.35
101494.35
101494.34
101494.34
101494.33
101494.33
101494.32
101493.33
101493.33
101493.33
101493.32
101493.32
101493.32
101493.31
101493.31
101493.3
101493.3
101493.3
101493.3
101493.29
101493.29
101493.29
101493.29
101493.29
101493.28
101493.28
101493.28
101493.27
101493.27
101493.26
101493.26
101493.25
101492.29
101492.29
101492.29
101492.28
101492.28
101492.28
101492.27
101492.27
101492.27
101492.26
101492.26
101492.26
101492.26
101492.26
101492.26
101492.25
101492.25
101492.25
101492.25
101492.24
101492.24
101492.23
101492.23
101492.22
101492.22
101491.28
101491.28
101491.28
101491.28
101491.27
101491.27
101491.27
101491.27
101491.26
101491.26
101491.26
101491.26
101491.26
101491.26
101491.25
101491.25
101491.25
101491.25
101491.25
101491.24
101491.24
101491.23
101491.23
101491.22
101491.22
101490.3
101490.3
101490.3
101490.3
101490.3
101490.29
101490.29
101490.29
101490.29
101490.29
101490.28
101490.28
101490.28
101490.28
101490.28
101490.28
101490.28
101490.28
101490.27
101490.27
101490.26
101490.26
101490.26
101490.25
101490.25
101489.35
101489.35
101489.35
101489.34
101489.34
101489.34
101489.34
101489.34
101489.34
101489.33
101489.33
101489.33
101489.33
101489.33
101489.33
101489.33
101489.33
101489.32
101489.32
101489.32
101489.31
101489.31
101489.31
101489.3
101489.3
101488.41
101488.41
101488.41
101488.41
101488.41
101488.41
101488.41
101488.4
101488.4
101488.4
101488.4
101488.4
101488.4
101488.4
101488.4
101488.4
101488.4
101488.39
101488.39
101488.39
101488.38
101488.38
101488.38
101488.38
101488.37
101487.5
101487.5
101487.5
101487.49
101487.49
101487.49
101487.49
101487.49
101487.49
101487.49
101487.49
101487.49
101487.49
101487.49
101487.48
101487.48
101487.48
101487.48
101487.48
101487.47
101487.47
101487.47
101487.46
101487.46
101487.46
101486.59
101486.6
101486.59
101486.59
101486.59
101486.59
101486.59
101486.59
101486.59
101486.59
101486.59
101486.59
101486.59
101486.59
101486.59
101486.58
101486.58
101486.58
101486.58
101486.57
101486.57
101486.57
101486.57
101486.56
101486.56
101485.71
101485.71
101485.71
101485.71
101485.71
101485.71
101485.7
101485.7
101485.7
101485.7
101485.7
101485.7
101485.7
101485.7
101485.7
101485.7
101485.7
101485.7
101485.69
101485.69
101485.69
101485.68
101485.68
101485.68
101485.68
101484.83
101484.84
101484.83
101484.83
101484.83
101484.83
101484.83
101484.83
101484.83
101484.83
101484.83
101484.83
101484.83
101484.83
101484.83
101484.83
101484.82
101484.82
101484.82
101484.82
101484.81
101484.81
101484.81
101484.81
101484.81
101483.97
101483.97
101483.97
101483.97
101483.97
101483.97
101483.97
101483.97
101483.97
101483.97
101483.97
101483.97
101483.97
101483.97
101483.97
101483.96
101483.96
101483.96
101483.96
101483.95
101483.95
101483.95
101483.95
101483.95
101483.95
101483.12
101483.12
101483.12
101483.12
101483.12
101483.12
101483.12
101483.12
101483.12
101483.12
101483.12
101483.12
101483.11
101483.11
101483.11
101483.11
101483.11
101483.11
101483.11
101483.1
101483.1
101483.1
101483.1
101483.1
101483.1
101482.27
101482.28
101482.27
101482.27
101482.27
101482.27
101482.27
101482.27
101482.27
101482.27
101482.27
101482.27
101482.27
101482.27
101482.27
101482.27
101482.27
101482.27
101482.26
101482.26
101482.26
101482.26
101482.26
101482.25
101482.25
101481.44
101481.44
101481.44
101481.44
101481.44
101481.44
101481.44
101481.44
101481.44
101481.44
101481.44
101481.44
101481.44
101481.44
101481.44
101481.43
101481.43
101481.43
101481.43
101481.43
101481.42
101481.42
101481.42
101481.42
101481.42
101480.61
101480.61
101480.61
101480.61
101480.61
101480.61
101480.61
101480.61
101480.61
101480.61
101480.61
101480.61
101480.61
101480.61
101480.61
101480.61
101480.61
101480.6
101480.6
101480.6
101480.6
101480.6
101480.59
101480.59
101480.59
101479.79
101479.79
101479.79
101479.79
101479.79
101479.79
101479.79
101479.79
101479.79
101479.79
101479.79
101479.79
101479.79
101479.79
101479.79
101479.79
101479.79
101479.78
101479.78
101479.78
101479.78
101479.78
101479.78
101479.78
101479.77
101478.98
101478.98
101478.98
101478.98
101478.98
101478.98
101478.98
101478.98
101478.98
101478.98
101478.98
101478.98
101478.98
101478.98
101478.98
101478.98
101478.97
101478.97
101478.97
101478.97
101478.97
101478.97
101478.96
101478.96
101478.96
101478.17
101478.18
101478.17
101478.17
101478.17
101478.17
101478.17
101478.17
101478.17
101478.17
101478.17
101478.17
101478.17
101478.17
101478.17
101478.17
101478.17
101478.17
101478.16
101478.16
101478.16
101478.16
101478.16
101478.16
101478.16
101477.37
101477.38
101477.38
101477.38
101477.38
101477.38
101477.38
101477.38
101477.38
101477.38
101477.38
101477.38
101477.38
101477.37
101477.37
101477.37
101477.37
101477.37
101477.37
101477.36
101477.36
101477.36
101477.36
101477.36
101477.36
101476.58
101476.58
101476.58
101476.58
101476.58
101476.58
101476.58
101476.58
101476.58
101476.58
101476.58
101476.58
101476.58
101476.58
101476.58
101476.58
101476.58
101476.58
101476.57
101476.57
101476.57
101476.57
101476.57
101476.57
101476.57
101475.79
101475.8
101475.8
101475.8
101475.8
101475.8
101475.8
101475.8
101475.8
101475.8
101475.8
101475.8
101475.8
101475.79
101475.79
101475.79
101475.79
101475.79
101475.79
101475.78
101475.78
101475.78
101475.78
101475.78
101475.78
101475.01
101475.01
101475.01
101475.01
101475.01
101475.01
101475.01
101475.01
101475.01
101475.01
101475.01
101475.01
101475.01
101475.01
101475.01
101475.01
101475.01
101475.01
101475
101475
101475
101475
101475
101475
101475
101474.24
101474.24
101474.24
101474.24
101474.24
101474.24
101474.24
101474.24
101474.24
101474.24
101474.24
101474.24
101474.24
101474.24
101474.23
101474.23
101474.23
101474.23
101474.23
101474.23
101474.23
101474.23
101474.22
101474.22
101474.22
101473.46
101473.47
101473.47
101473.47
101473.47
101473.47
101473.47
101473.47
101473.47
101473.47
101473.47
101473.47
101473.47
101473.46
101473.46
101473.46
101473.46
101473.46
101473.46
101473.46
101473.46
101473.45
101473.45
101473.45
101473.45
101472.7
101472.7
101472.7
101472.7
101472.7
101472.7
101472.7
101472.7
101472.7
101472.7
101472.7
101472.7
101472.7
101472.7
101472.7
101472.7
101472.69
101472.69
101472.69
101472.69
101472.69
101472.69
101472.69
101472.69
101472.69
101471.94
101471.94
101471.94
101471.94
101471.94
101471.94
101471.94
101471.94
101471.94
101471.94
101471.94
101471.94
101471.94
101471.94
101471.93
101471.93
101471.93
101471.93
101471.93
101471.93
101471.93
101471.93
101471.93
101471.93
101471.93
101471.18
101471.18
101471.18
101471.18
101471.18
101471.18
101471.18
101471.18
101471.18
101471.18
101471.18
101471.18
101471.18
101471.18
101471.18
101471.18
101471.17
101471.17
101471.17
101471.17
101471.17
101471.17
101471.17
101471.17
101471.17
101470.42
101470.43
101470.43
101470.43
101470.43
101470.43
101470.43
101470.43
101470.43
101470.43
101470.43
101470.43
101470.43
101470.42
101470.42
101470.42
101470.42
101470.42
101470.42
101470.42
101470.42
101470.42
101470.42
101470.41
101470.41
101469.67
101469.68
101469.68
101469.68
101469.68
101469.68
101469.68
101469.68
101469.68
101469.68
101469.68
101469.68
101469.68
101469.67
101469.67
101469.67
101469.67
101469.67
101469.67
101469.67
101469.67
101469.67
101469.67
101469.67
101469.67
101468.93
101468.93
101468.93
101468.93
101468.93
101468.93
101468.93
101468.93
101468.93
101468.93
101468.93
101468.93
101468.93
101468.93
101468.93
101468.93
101468.92
101468.92
101468.92
101468.92
101468.92
101468.92
101468.92
101468.92
101468.92
101468.19
101468.19
101468.19
101468.19
101468.19
101468.19
101468.19
101468.19
101468.19
101468.19
101468.19
101468.19
101468.19
101468.19
101468.18
101468.18
101468.18
101468.18
101468.18
101468.18
101468.18
101468.18
101468.18
101468.18
101468.18
101467.45
101467.45
101467.45
101467.45
101467.45
101467.45
101467.45
101467.45
101467.45
101467.45
101467.45
101467.45
101467.45
101467.45
101467.44
101467.44
101467.44
101467.44
101467.44
101467.44
101467.44
101467.44
101467.44
101467.44
101467.44
101466.71
101466.71
101466.71
101466.71
101466.71
101466.71
101466.71
101466.71
101466.71
101466.71
101466.71
101466.71
101466.71
101466.71
101466.71
101466.71
101466.71
101466.71
101466.7
101466.7
101466.7
101466.7
101466.7
101466.7
101466.7
101465.98
101465.98
101465.98
101465.98
101465.98
101465.98
101465.98
101465.98
101465.98
101465.98
101465.98
101465.98
101465.98
101465.98
101465.98
101465.98
101465.97
101465.97
101465.97
101465.97
101465.97
101465.97
101465.97
101465.97
101465.97
101465.25
101465.25
101465.25
101465.25
101465.25
101465.25
101465.25
101465.25
101465.25
101465.25
101465.25
101465.25
101465.25
101465.25
101465.25
101465.25
101465.24
101465.24
101465.24
101465.24
101465.24
101465.24
101465.24
101465.24
101465.24
101464.52
101464.52
101464.52
101464.52
101464.52
101464.52
101464.52
101464.52
101464.52
101464.52
101464.52
101464.52
101464.52
101464.52
101464.52
101464.52
101464.52
101464.52
101464.52
101464.52
101464.51
101464.51
101464.51
101464.51
101464.51
101463.8
101463.8
101463.8
101463.8
101463.8
101463.8
101463.8
101463.8
101463.8
101463.8
101463.8
101463.8
101463.8
101463.8
101463.8
101463.79
101463.79
101463.79
101463.79
101463.79
101463.79
101463.79
101463.79
101463.79
101463.79
101463.08
101463.08
101463.08
101463.08
101463.08
101463.08
101463.08
101463.08
101463.08
101463.08
101463.08
101463.08
101463.08
101463.08
101463.07
101463.07
101463.07
101463.07
101463.07
101463.07
101463.07
101463.07
101463.07
101463.07
101463.07
101462.36
101462.36
101462.36
101462.36
101462.36
101462.36
101462.36
101462.36
101462.36
101462.36
101462.36
101462.36
101462.36
101462.36
101462.35
101462.35
101462.35
101462.35
101462.35
101462.35
101462.35
101462.35
101462.35
101462.35
101462.35
101461.64
101461.64
101461.64
101461.64
101461.64
101461.64
101461.64
101461.64
101461.64
101461.64
101461.64
101461.64
101461.64
101461.64
101461.64
101461.64
101461.64
101461.64
101461.63
101461.63
101461.63
101461.63
101461.63
101461.63
101461.63
101460.93
101460.93
101460.93
101460.93
101460.93
101460.93
101460.93
101460.93
101460.93
101460.93
101460.93
101460.93
101460.93
101460.93
101460.92
101460.92
101460.92
101460.92
101460.92
101460.92
101460.92
101460.92
101460.92
101460.92
101460.92
101460.21
101460.22
101460.22
101460.22
101460.22
101460.22
101460.22
101460.22
101460.22
101460.22
101460.22
101460.22
101460.21
101460.21
101460.21
101460.21
101460.21
101460.21
101460.21
101460.21
101460.21
101460.21
101460.21
101460.21
101460.21
101459.5
101459.51
101459.51
101459.51
101459.51
101459.51
101459.51
101459.51
101459.51
101459.51
101459.51
101459.51
101459.5
101459.5
101459.5
101459.5
101459.5
101459.5
101459.5
101459.5
101459.5
101459.5
101459.5
101459.5
101459.5
101458.8
101458.8
101458.8
101458.8
101458.8
101458.8
101458.8
101458.8
101458.8
101458.8
101458.8
101458.8
101458.8
101458.8
101458.8
101458.79
101458.79
101458.79
101458.79
101458.79
101458.79
101458.79
101458.79
101458.79
101458.79
101458.09
101458.09
101458.09
101458.09
101458.09
101458.09
101458.09
101458.09
101458.09
101458.09
101458.09
101458.09
101458.09
101458.09
101458.09
101458.09
101458.09
101458.09
101458.09
101458.09
101458.09
101458.09
101458.09
101458.09
101458.09
101457.39
101457.39
101457.39
101457.39
101457.39
101457.39
101457.39
101457.39
101457.39
101457.39
101457.39
101457.39
101457.39
101457.39
101457.39
101457.39
101457.39
101457.38
101457.38
101457.38
101457.38
101457.38
101457.38
101457.38
101457.38
101456.69
101456.69
101456.69
101456.69
101456.69
101456.69
101456.69
101456.69
101456.69
101456.69
101456.69
101456.69
101456.69
101456.69
101456.69
101456.68
101456.68
101456.68
101456.68
101456.68
101456.68
101456.68
101456.68
101456.68
101456.68
101455.99
101455.99
101455.99
101455.99
101455.99
101455.99
101455.99
101455.99
101455.99
101455.99
101455.99
101455.99
101455.99
101455.99
101455.99
101455.98
101455.98
101455.98
101455.98
101455.98
101455.98
101455.98
101455.98
101455.98
101455.98
101455.29
101455.29
101455.29
101455.29
101455.29
101455.29
101455.29
101455.29
101455.29
101455.29
101455.29
101455.29
101455.29
101455.29
101455.29
101455.29
101455.29
101455.29
101455.29
101455.28
101455.28
101455.28
101455.28
101455.28
101455.28
101454.59
101454.59
101454.59
101454.6
101454.6
101454.6
101454.6
101454.6
101454.6
101454.6
101454.59
101454.59
101454.59
101454.59
101454.59
101454.59
101454.59
101454.59
101454.59
101454.59
101454.59
101454.59
101454.59
101454.59
101454.59
101453.9
101453.9
101453.9
101453.9
101453.9
101453.9
101453.9
101453.9
101453.9
101453.9
101453.9
101453.9
101453.9
101453.9
101453.9
101453.9
101453.9
101453.89
101453.89
101453.89
101453.89
101453.89
101453.89
101453.89
101453.89
101453.21
101453.21
101453.21
101453.21
101453.21
101453.21
101453.21
101453.21
101453.21
101453.21
101453.21
101453.21
101453.21
101453.2
101453.2
101453.2
101453.2
101453.2
101453.2
101453.2
101453.2
101453.2
101453.2
101453.2
101453.2
101452.51
101452.52
101452.52
101452.52
101452.52
101452.52
101452.52
101452.52
101452.52
101452.52
101452.52
101452.52
101452.51
101452.51
101452.51
101452.51
101452.51
101452.51
101452.51
101452.51
101452.51
101452.51
101452.51
101452.51
101452.51
101451.83
101451.83
101451.83
101451.83
101451.83
101451.83
101451.83
101451.83
101451.83
101451.83
101451.83
101451.83
101451.82
101451.82
101451.82
101451.82
101451.82
101451.82
101451.82
101451.82
101451.82
101451.82
101451.82
101451.82
101451.82
101451.14
101451.14
101451.14
101451.14
101451.14
101451.14
101451.14
101451.14
101451.14
101451.14
101451.14
101451.14
101451.14
101451.14
101451.13
101451.13
101451.13
101451.13
101451.13
101451.13
101451.13
101451.13
101451.13
101451.13
101451.13
101450.45
101450.45
101450.45
101450.45
101450.45
101450.45
101450.45
101450.45
101450.45
101450.45
101450.45
101450.45
101450.45
101450.45
101450.45
101450.45
101450.45
101450.45
101450.45
101450.45
101450.45
101450.45
101450.45
101450.45
101450.45
101449.76
101449.77
101449.77
101449.77
101449.77
101449.77
101449.77
101449.77
101449.77
101449.77
101449.76
101449.76
101449.76
101449.76
101449.76
101449.76
101449.76
101449.76
101449.76
101449.76
101449.76
101449.76
101449.76
101449.76
101449.76
101449.08
101449.08
101449.08
101449.08
101449.08
101449.08
101449.08
101449.08
101449.08
101449.08
101449.08
101449.08
101449.08
101449.08
101449.08
101449.08
101449.08
101449.08
101449.08
101449.08
101449.08
101449.08
101449.08
101449.08
101449.08
101448.4
101448.4
101448.4
101448.4
101448.4
101448.4
101448.4
101448.4
101448.4
101448.4
101448.4
101448.4
101448.4
101448.39
101448.39
101448.39
101448.39
101448.39
101448.39
101448.39
101448.39
101448.39
101448.39
101448.39
101448.39
101447.72
101447.72
101447.72
101447.72
101447.72
101447.72
101447.72
101447.72
101447.72
101447.72
101447.72
101447.71
101447.71
101447.71
101447.71
101447.71
101447.71
101447.71
101447.71
101447.71
101447.71
101447.71
101447.71
101447.71
101447.71
101447.03
101447.04
101447.04
101447.04
101447.04
101447.04
101447.04
101447.04
101447.04
101447.03
101447.03
101447.03
101447.03
101447.03
101447.03
101447.03
101447.03
101447.03
101447.03
101447.03
101447.03
101447.03
101447.03
101447.03
101447.03
101446.36
101446.36
101446.36
101446.36
101446.36
101446.36
101446.36
101446.36
101446.36
101446.36
101446.35
101446.35
101446.35
101446.35
101446.35
101446.35
101446.35
101446.35
101446.35
101446.35
101446.35
101446.35
101446.35
101446.35
101446.35
101445.68
101445.68
101445.68
101445.68
101445.68
101445.68
101445.68
101445.68
101445.68
101445.68
101445.68
101445.68
101445.67
101445.67
101445.67
101445.67
101445.67
101445.67
101445.67
101445.67
101445.67
101445.67
101445.67
101445.67
101445.67
101445
101445
101445
101445
101445
101445
101445
101445
101445
101445
101445
101445
101445
101445
101445
101445
101445
101445
101444.99
101444.99
101444.99
101444.99
101444.99
101444.99
101444.99
101444.32
101444.32
101444.32
101444.32
101444.32
101444.32
101444.32
101444.32
101444.32
101444.32
101444.32
101444.32
101444.32
101444.32
101444.32
101444.32
101444.32
101444.32
101444.32
101444.32
101444.32
101444.32
101444.32
101444.32
101444.32
101443.65
101443.65
101443.65
101443.65
101443.65
101443.65
101443.65
101443.65
101443.65
101443.65
101443.65
101443.65
101443.65
101443.65
101443.64
101443.64
101443.64
101443.64
101443.64
101443.64
101443.64
101443.64
101443.64
101443.64
101443.64
101442.97
101442.97
101442.97
101442.97
101442.98
101442.98
101442.97
101442.97
101442.97
101442.97
101442.97
101442.97
101442.97
101442.97
101442.97
101442.97
101442.97
101442.97
101442.97
101442.97
101442.97
101442.97
101442.97
101442.97
101442.97
101442.3
101442.3
101442.3
101442.3
101442.3
101442.3
101442.3
101442.3
101442.3
101442.3
101442.3
101442.3
101442.3
101442.3
101442.3
101442.3
101442.3
101442.3
101442.3
101442.3
101442.3
101442.3
101442.3
101442.3
101442.3
101441.63
101441.63
101441.63
101441.63
101441.63
101441.63
101441.63
101441.63
101441.63
101441.63
101441.63
101441.63
101441.63
101441.62
101441.62
101441.62
101441.62
101441.62
101441.62
101441.62
101441.62
101441.62
101441.62
101441.62
101441.62
101440.96
101440.96
101440.96
101440.96
101440.96
101440.96
101440.96
101440.96
101440.96
101440.96
101440.95
101440.95
101440.95
101440.95
101440.95
101440.95
101440.95
101440.95
101440.95
101440.95
101440.95
101440.95
101440.95
101440.95
101440.95
101440.29
101440.29
101440.29
101440.29
101440.29
101440.29
101440.29
101440.29
101440.29
101440.28
101440.28
101440.28
101440.28
101440.28
101440.28
101440.28
101440.28
101440.28
101440.28
101440.28
101440.28
101440.28
101440.28
101440.28
101440.28
101439.62
101439.62
101439.62
101439.62
101439.62
101439.62
101439.62
101439.62
101439.62
101439.61
101439.61
101439.61
101439.61
101439.61
101439.61
101439.61
101439.61
101439.61
101439.61
101439.61
101439.61
101439.61
101439.61
101439.61
101439.61
101438.95
101438.95
101438.95
101438.95
101438.95
101438.95
101438.95
101438.95
101438.95
101438.95
101438.94
101438.94
101438.94
101438.94
101438.94
101438.94
101438.94
101438.94
101438.94
101438.94
101438.94
101438.94
101438.94
101438.94
101438.94
101438.28
101438.28
101438.28
101438.28
101438.28
101438.28
101438.28
101438.28
101438.28
101438.28
101438.28
101438.28
101438.27
101438.27
101438.27
101438.27
101438.27
101438.27
101438.27
101438.27
101438.27
101438.27
101438.27
101438.27
101438.27
101437.61
101437.61
101437.61
101437.61
101437.61
101437.61
101437.61
101437.61
101437.61
101437.61
101437.61
101437.61
101437.61
101437.61
101437.61
101437.61
101437.61
101437.61
101437.61
101437.61
101437.61
101437.61
101437.61
101437.61
101437.61
101436.94
101436.94
101436.94
101436.94
101436.94
101436.94
101436.94
101436.94
101436.94
101436.94
101436.94
101436.94
101436.94
101436.94
101436.94
101436.94
101436.94
101436.94
101436.94
101436.94
101436.94
101436.94
101436.94
101436.94
101436.94
101436.28
101436.28
101436.28
101436.28
101436.28
101436.28
101436.28
101436.28
101436.28
101436.28
101436.27
101436.27
101436.27
101436.27
101436.27
101436.27
101436.27
101436.27
101436.27
101436.27
101436.27
101436.27
101436.27
101436.27
101436.27
101435.61
101435.61
101435.61
101435.61
101435.61
101435.61
101435.61
101435.61
101435.61
101435.61
101435.61
101435.61
101435.61
101435.61
101435.61
101435.61
101435.61
101435.61
101435.61
101435.61
101435.61
101435.61
101435.61
101435.61
101435.61
101434.95
101434.95
101434.95
101434.95
101434.95
101434.95
101434.95
101434.95
101434.94
101434.94
101434.94
101434.94
101434.94
101434.94
101434.94
101434.94
101434.94
101434.94
101434.94
101434.94
101434.94
101434.94
101434.94
101434.94
101434.94
101434.28
101434.28
101434.28
101434.28
101434.28
101434.28
101434.28
101434.28
101434.28
101434.28
101434.28
101434.28
101434.28
101434.28
101434.28
101434.28
101434.28
101434.28
101434.28
101434.28
101434.28
101434.28
101434.28
101434.28
101434.28
101433.62
101433.62
101433.62
101433.62
101433.62
101433.62
101433.62
101433.62
101433.62
101433.62
101433.61
101433.61
101433.61
101433.61
101433.61
101433.61
101433.61
101433.61
101433.61
101433.61
101433.61
101433.61
101433.61
101433.61
101433.61
101432.95
101432.95
101432.95
101432.95
101432.95
101432.95
101432.95
101432.95
101432.95
101432.95
101432.95
101432.95
101432.95
101432.95
101432.95
101432.95
101432.95
101432.95
101432.95
101432.95
101432.95
101432.95
101432.95
101432.95
101432.95
101432.29
101432.29
101432.29
101432.29
101432.29
101432.29
101432.29
101432.29
101432.29
101432.29
101432.29
101432.29
101432.29
101432.29
101432.29
101432.29
101432.29
101432.29
101432.29
101432.29
101432.29
101432.29
101432.29
101432.29
101432.29
101431.63
101431.63
101431.63
101431.63
101431.63
101431.63
101431.63
101431.63
101431.63
101431.63
101431.63
101431.63
101431.62
101431.62
101431.62
101431.62
101431.62
101431.62
101431.62
101431.62
101431.62
101431.62
101431.62
101431.62
101431.62
101430.97
101430.97
101430.97
101430.97
101430.97
101430.97
101430.97
101430.97
101430.97
101430.96
101430.96
101430.96
101430.96
101430.96
101430.96
101430.96
101430.96
101430.96
101430.96
101430.96
101430.96
101430.96
101430.96
101430.96
101430.96
101430.31
101430.31
101430.31
101430.31
101430.31
101430.31
101430.3
101430.3
101430.3
101430.3
101430.3
101430.3
101430.3
101430.3
101430.3
101430.3
101430.3
101430.3
101430.3
101430.3
101430.3
101430.3
101430.3
101430.3
101430.3
101429.64
101429.65
101429.65
101429.64
101429.64
101429.64
101429.64
101429.64
101429.64
101429.64
101429.64
101429.64
101429.64
101429.64
101429.64
101429.64
101429.64
101429.64
101429.64
101429.64
101429.64
101429.64
101429.64
101429.64
101429.64
101428.98
101428.98
101428.98
101428.98
101428.98
101428.98
101428.98
101428.98
101428.98
101428.98
101428.98
101428.98
101428.98
101428.98
101428.98
101428.98
101428.98
101428.98
101428.98
101428.98
101428.98
101428.98
101428.98
101428.98
101428.98
101428.32
101428.32
101428.32
101428.32
101428.32
101428.32
101428.32
101428.32
101428.32
101428.32
101428.32
101428.32
101428.32
101428.32
101428.32
101428.32
101428.32
101428.32
101428.32
101428.32
101428.32
101428.32
101428.32
101428.32
101428.32
101427.66
101427.66
101427.66
101427.66
101427.66
101427.66
101427.66
101427.66
101427.66
101427.66
101427.66
101427.66
101427.66
101427.66
101427.66
101427.66
101427.66
101427.66
101427.66
101427.66
101427.66
101427.66
101427.66
101427.66
101427.66
101427
101427
101427
101427
101427
101427
101427
101427
101427
101427
101427
101427
101427
101427
101427
101427
101427
101427
101427
101427
101427
101427
101427
101427
101427
101426.35
101426.35
101426.35
101426.35
101426.34
101426.34
101426.34
101426.34
101426.34
101426.34
101426.34
101426.34
101426.34
101426.34
101426.34
101426.34
101426.34
101426.34
101426.34
101426.34
101426.34
101426.34
101426.34
101426.34
101426.34
101425.69
101425.69
101425.69
101425.69
101425.69
101425.69
101425.68
101425.68
101425.68
101425.68
101425.68
101425.68
101425.68
101425.68
101425.68
101425.68
101425.68
101425.68
101425.68
101425.68
101425.68
101425.68
101425.68
101425.68
101425.68
101425.03
101425.03
101425.03
101425.03
101425.03
101425.03
101425.03
101425.03
101425.03
101425.02
101425.02
101425.02
101425.02
101425.02
101425.02
101425.02
101425.02
101425.02
101425.02
101425.02
101425.02
101425.02
101425.02
101425.02
101425.02
101424.37
101424.37
101424.37
101424.37
101424.37
101424.37
101424.37
101424.37
101424.37
101424.37
101424.37
101424.37
101424.36
101424.36
101424.36
101424.36
101424.36
101424.36
101424.36
101424.36
101424.36
101424.36
101424.36
101424.36
101424.36
101423.71
101423.71
101423.71
101423.71
101423.71
101423.71
101423.71
101423.71
101423.71
101423.71
101423.71
101423.71
101423.71
101423.71
101423.71
101423.71
101423.71
101423.71
101423.71
101423.71
101423.71
101423.71
101423.71
101423.71
101423.71
101423.05
101423.05
101423.05
101423.05
101423.05
101423.05
101423.05
101423.05
101423.05
101423.05
101423.05
101423.05
101423.05
101423.05
101423.05
101423.05
101423.05
101423.05
101423.05
101423.05
101423.05
101423.05
101423.05
101423.05
101423.05
101422.4
101422.4
101422.4
101422.4
101422.4
101422.39
101422.39
101422.39
101422.39
101422.39
101422.39
101422.39
101422.39
101422.39
101422.39
101422.39
101422.39
101422.39
101422.39
101422.39
101422.39
101422.39
101422.39
101422.39
101422.39
101421.74
101421.74
101421.74
101421.74
101421.74
101421.74
101421.74
101421.74
101421.74
101421.74
101421.73
101421.73
101421.73
101421.73
101421.73
101421.73
101421.73
101421.73
101421.73
101421.73
101421.73
101421.73
101421.73
101421.73
101421.73
101421.08
101421.08
101421.08
101421.08
101421.08
101421.08
101421.08
101421.08
101421.08
101421.08
101421.08
101421.08
101421.08
101421.08
101421.08
101421.08
101421.08
101421.08
101421.08
101421.08
101421.08
101421.08
101421.08
101421.08
101421.08
101420.42
101420.42
101420.42
101420.42
101420.42
101420.42
101420.42
101420.42
101420.42
101420.42
101420.42
101420.42
101420.42
101420.42
101420.42
101420.42
101420.42
101420.42
101420.42
101420.42
101420.42
101420.42
101420.42
101420.42
101420.42
101419.77
101419.77
101419.77
101419.77
101419.77
101419.77
101419.77
101419.76
101419.76
101419.76
101419.76
101419.76
101419.76
101419.76
101419.76
101419.76
101419.76
101419.76
101419.76
101419.76
101419.76
101419.76
101419.76
101419.76
101419.76
101419.11
101419.11
101419.11
101419.11
101419.11
101419.11
101419.11
101419.11
101419.11
101419.11
101419.11
101419.11
101419.11
101419.11
101419.11
101419.11
101419.11
101419.11
101419.11
101419.11
101419.11
101419.11
101419.11
101419.11
101419.11
101418.45
101418.45
101418.45
101418.45
101418.45
101418.45
101418.45
101418.45
101418.45
101418.45
101418.45
101418.45
101418.45
101418.45
101418.45
101418.45
101418.45
101418.45
101418.45
101418.45
101418.45
101418.45
101418.45
101418.45
101418.45
101417.8
101417.8
101417.8
101417.8
101417.8
101417.79
101417.79
101417.79
101417.79
101417.79
101417.79
101417.79
101417.79
101417.79
101417.79
101417.79
101417.79
101417.79
101417.79
101417.79
101417.79
101417.79
101417.79
101417.79
101417.79
101417.14
101417.14
101417.14
101417.14
101417.14
101417.14
101417.14
101417.14
101417.14
101417.14
101417.14
101417.14
101417.14
101417.14
101417.14
101417.14
101417.14
101417.14
101417.14
101417.14
101417.14
101417.14
101417.14
101417.14
101417.14
101416.48
101416.48
101416.48
101416.48
101416.48
101416.48
101416.48
101416.48
101416.48
101416.48
101416.48
101416.48
101416.48
101416.48
101416.48
101416.48
101416.48
101416.48
101416.48
101416.48
101416.48
101416.48
101416.48
101416.48
101416.48
101415.83
101415.83
101415.83
101415.83
101415.82
101415.82
101415.82
101415.82
101415.82
101415.82
101415.82
101415.82
101415.82
101415.82
101415.82
101415.82
101415.82
101415.82
101415.82
101415.82
101415.82
101415.82
101415.82
101415.82
101415.82
101415.17
101415.17
101415.17
101415.17
101415.17
101415.17
101415.17
101415.17
101415.17
101415.17
101415.17
101415.17
101415.17
101415.17
101415.17
101415.17
101415.17
101415.17
101415.17
101415.17
101415.17
101415.17
101415.17
101415.17
101415.17
101414.51
101414.51
101414.51
101414.51
101414.51
101414.51
101414.51
101414.51
101414.51
101414.51
101414.51
101414.51
101414.51
101414.51
101414.51
101414.51
101414.51
101414.51
101414.51
101414.51
101414.51
101414.51
101414.51
101414.51
101414.51
101413.86
101413.85
101413.85
101413.85
101413.85
101413.85
101413.85
101413.85
101413.85
101413.85
101413.85
101413.85
101413.85
101413.85
101413.85
101413.85
101413.85
101413.85
101413.85
101413.85
101413.85
101413.85
101413.85
101413.85
101413.85
101413.2
101413.2
101413.2
101413.2
101413.2
101413.2
101413.2
101413.2
101413.2
101413.2
101413.19
101413.19
101413.19
101413.19
101413.19
101413.19
101413.19
101413.19
101413.19
101413.19
101413.19
101413.19
101413.19
101413.19
101413.19
101412.54
101412.54
101412.54
101412.54
101412.54
101412.54
101412.54
101412.54
101412.54
101412.54
101412.54
101412.54
101412.54
101412.54
101412.54
101412.54
101412.54
101412.54
101412.54
101412.54
101412.54
101412.54
101412.54
101412.54
101412.54
101411.88
101411.88
101411.88
101411.88
101411.88
101411.88
101411.88
101411.88
101411.88
101411.88
101411.88
101411.88
101411.88
101411.88
101411.88
101411.88
101411.88
101411.88
101411.88
101411.88
101411.88
101411.88
101411.88
101411.88
101411.88
101411.23
101411.23
101411.22
101411.22
101411.22
101411.22
101411.22
101411.22
101411.22
101411.22
101411.22
101411.22
101411.22
101411.22
101411.22
101411.22
101411.22
101411.22
101411.22
101411.22
101411.22
101411.22
101411.22
101411.22
101411.22
101410.57
101410.57
101410.57
101410.57
101410.57
101410.57
101410.57
101410.57
101410.57
101410.56
101410.56
101410.56
101410.56
101410.56
101410.56
101410.56
101410.56
101410.56
101410.56
101410.56
101410.56
101410.56
101410.56
101410.56
101410.56
101409.91
101409.91
101409.91
101409.91
101409.91
101409.91
101409.91
101409.91
101409.91
101409.91
101409.91
101409.91
101409.91
101409.91
101409.91
101409.91
101409.91
101409.91
101409.91
101409.91
101409.91
101409.91
101409.91
101409.91
101409.91
101409.25
101409.25
101409.25
101409.25
101409.25
101409.25
101409.25
101409.25
101409.25
101409.25
101409.25
101409.25
101409.25
101409.25
101409.25
101409.25
101409.25
101409.25
101409.25
101409.25
101409.25
101409.25
101409.25
101409.25
101409.25
101408.59
101408.59
101408.59
101408.59
101408.59
101408.59
101408.59
101408.59
101408.59
101408.59
101408.59
101408.59
101408.59
101408.59
101408.59
101408.59
101408.59
101408.59
101408.59
101408.59
101408.59
101408.59
101408.59
101408.59
101408.59
101407.93
101407.93
101407.93
101407.93
101407.93
101407.93
101407.93
101407.93
101407.93
101407.93
101407.93
101407.93
101407.93
101407.93
101407.93
101407.93
101407.93
101407.93
101407.93
101407.93
101407.93
101407.93
101407.93
101407.93
101407.93
101407.27
101407.27
101407.27
101407.27
101407.27
101407.27
101407.27
101407.27
101407.27
101407.27
101407.27
101407.27
101407.27
101407.27
101407.27
101407.27
101407.27
101407.27
101407.27
101407.27
101407.27
101407.27
101407.27
101407.27
101407.27
101406.62
101406.62
101406.61
101406.61
101406.61
101406.61
101406.61
101406.61
101406.61
101406.61
101406.61
101406.61
101406.61
101406.61
101406.61
101406.61
101406.61
101406.61
101406.61
101406.61
101406.61
101406.61
101406.61
101406.61
101406.61
101405.96
101405.96
101405.96
101405.96
101405.95
101405.95
101405.95
101405.95
101405.95
101405.95
101405.95
101405.95
101405.95
101405.95
101405.95
101405.95
101405.95
101405.95
101405.95
101405.95
101405.95
101405.95
101405.95
101405.95
101405.95
101405.3
101405.3
101405.3
101405.3
101405.3
101405.29
101405.29
101405.29
101405.29
101405.29
101405.29
101405.29
101405.29
101405.29
101405.29
101405.29
101405.29
101405.29
101405.29
101405.29
101405.29
101405.29
101405.29
101405.29
101405.29
101404.64
101404.64
101404.64
101404.64
101404.64
101404.63
101404.63
101404.63
101404.63
101404.63
101404.63
101404.63
101404.63
101404.63
101404.63
101404.63
101404.63
101404.63
101404.63
101404.63
101404.63
101404.63
101404.63
101404.63
101404.63
101403.98
101403.98
101403.98
101403.98
101403.97
101403.97
101403.97
101403.97
101403.97
101403.97
101403.97
101403.97
101403.97
101403.97
101403.97
101403.97
101403.97
101403.97
101403.97
101403.97
101403.97
101403.97
101403.97
101403.97
101403.97
101403.32
101403.32
101403.32
101403.31
101403.31
101403.31
101403.31
101403.31
101403.31
101403.31
101403.31
101403.31
101403.31
101403.31
101403.31
101403.31
101403.31
101403.31
101403.31
101403.31
101403.31
101403.31
101403.31
101403.31
101403.31
101402.65
101402.65
101402.65
101402.65
101402.65
101402.65
101402.65
101402.65
101402.65
101402.65
101402.65
101402.65
101402.65
101402.65
101402.65
101402.65
101402.65
101402.65
101402.65
101402.65
101402.65
101402.65
101402.65
101402.65
101402.65
101401.99
101401.99
101401.99
101401.99
101401.99
101401.99
101401.99
101401.99
101401.99
101401.99
101401.99
101401.99
101401.99
101401.99
101401.99
101401.99
101401.99
101401.99
101401.99
101401.99
101401.99
101401.99
101401.99
101401.99
101401.99
101401.33
101401.33
101401.33
101401.33
101401.33
101401.33
101401.33
101401.33
101401.33
101401.33
101401.33
101401.33
101401.33
101401.33
101401.33
101401.33
101401.33
101401.33
101401.33
101401.33
101401.33
101401.33
101401.33
101401.33
101401.33
101400.67
101400.67
101400.67
101400.67
101400.67
101400.67
101400.67
101400.67
101400.67
101400.67
101400.67
101400.67
101400.67
101400.67
101400.67
101400.67
101400.67
101400.67
101400.67
101400.67
101400.67
101400.67
101400.67
101400.67
101400.67
101400.01
101400.01
101400.01
101400.01
101400.01
101400.01
101400.01
101400.01
101400.01
101400.01
101400.01
101400.01
101400.01
101400.01
101400.01
101400.01
101400.01
101400.01
101400.01
101400.01
101400.01
101400.01
101400.01
101400.01
101400.01
101399.35
101399.35
101399.35
101399.35
101399.35
101399.35
101399.35
101399.35
101399.35
101399.35
101399.35
101399.35
101399.35
101399.35
101399.35
101399.35
101399.35
101399.35
101399.35
101399.35
101399.35
101399.35
101399.35
101399.35
101399.35
101398.69
101398.68
101398.68
101398.68
101398.68
101398.68
101398.68
101398.68
101398.68
101398.68
101398.68
101398.68
101398.68
101398.68
101398.68
101398.68
101398.68
101398.68
101398.68
101398.68
101398.68
101398.68
101398.68
101398.68
101398.68
101398.02
101398.02
101398.02
101398.02
101398.02
101398.02
101398.02
101398.02
101398.02
101398.02
101398.02
101398.02
101398.02
101398.02
101398.02
101398.02
101398.02
101398.02
101398.02
101398.02
101398.02
101398.02
101398.02
101398.02
101398.02
101397.36
101397.36
101397.36
101397.36
101397.36
101397.36
101397.36
101397.36
101397.36
101397.36
101397.36
101397.36
101397.36
101397.36
101397.36
101397.36
101397.36
101397.36
101397.36
101397.36
101397.36
101397.36
101397.36
101397.36
101397.36
101396.7
101396.7
101396.7
101396.7
101396.7
101396.7
101396.7
101396.7
101396.7
101396.7
101396.7
101396.7
101396.7
101396.7
101396.7
101396.7
101396.7
101396.7
101396.7
101396.7
101396.7
101396.7
101396.7
101396.7
101396.7
101396.03
101396.03
101396.03
101396.03
101396.03
101396.03
101396.03
101396.03
101396.03
101396.03
101396.03
101396.03
101396.03
101396.03
101396.03
101396.03
101396.03
101396.03
101396.03
101396.03
101396.03
101396.03
101396.03
101396.03
101396.03
101395.37
101395.37
101395.37
101395.37
101395.37
101395.37
101395.37
101395.37
101395.37
101395.37
101395.37
101395.37
101395.37
101395.37
101395.37
101395.37
101395.37
101395.37
101395.37
101395.37
101395.37
101395.37
101395.37
101395.37
101395.37
101394.71
101394.71
101394.71
101394.71
101394.71
101394.71
101394.71
101394.71
101394.71
101394.71
101394.71
101394.71
101394.71
101394.71
101394.71
101394.71
101394.71
101394.71
101394.71
101394.71
101394.71
101394.71
101394.71
101394.71
101394.71
101394.04
101394.04
101394.04
101394.04
101394.04
101394.04
101394.04
101394.04
101394.04
101394.04
101394.04
101394.04
101394.04
101394.04
101394.04
101394.04
101394.04
101394.04
101394.04
101394.04
101394.04
101394.04
101394.04
101394.04
101394.04
101393.38
101393.38
101393.38
101393.38
101393.38
101393.38
101393.38
101393.38
101393.38
101393.38
101393.38
101393.38
101393.38
101393.38
101393.38
101393.38
101393.38
101393.38
101393.38
101393.38
101393.38
101393.38
101393.38
101393.38
101393.38
101392.71
101392.71
101392.71
101392.71
101392.71
101392.71
101392.71
101392.71
101392.71
101392.71
101392.71
101392.71
101392.71
101392.71
101392.71
101392.71
101392.71
101392.71
101392.71
101392.71
101392.71
101392.71
101392.71
101392.71
101392.71
101392.05
101392.05
101392.05
101392.05
101392.05
101392.05
101392.05
101392.05
101392.05
101392.05
101392.05
101392.05
101392.05
101392.05
101392.05
101392.05
101392.05
101392.05
101392.05
101392.05
101392.05
101392.05
101392.05
101392.05
101392.05
101391.38
101391.38
101391.38
101391.38
101391.38
101391.38
101391.38
101391.38
101391.38
101391.38
101391.38
101391.38
101391.38
101391.38
101391.38
101391.38
101391.38
101391.38
101391.38
101391.38
101391.38
101391.38
101391.38
101391.38
101391.38
101390.72
101390.72
101390.72
101390.72
101390.72
101390.72
101390.72
101390.72
101390.72
101390.72
101390.72
101390.72
101390.72
101390.72
101390.72
101390.72
101390.72
101390.72
101390.72
101390.72
101390.72
101390.72
101390.72
101390.72
101390.72
101390.05
101390.05
101390.05
101390.05
101390.05
101390.05
101390.05
101390.05
101390.05
101390.05
101390.05
101390.05
101390.05
101390.05
101390.05
101390.05
101390.05
101390.05
101390.05
101390.05
101390.05
101390.05
101390.05
101390.05
101390.05
101389.39
101389.39
101389.39
101389.39
101389.39
101389.39
101389.39
101389.39
101389.39
101389.39
101389.39
101389.39
101389.39
101389.39
101389.39
101389.39
101389.39
101389.39
101389.39
101389.39
101389.39
101389.39
101389.39
101389.39
101389.39
101388.72
101388.72
101388.72
101388.72
101388.72
101388.72
101388.72
101388.72
101388.72
101388.72
101388.72
101388.72
101388.72
101388.72
101388.72
101388.72
101388.72
101388.72
101388.72
101388.72
101388.72
101388.72
101388.72
101388.72
101388.72
101388.06
101388.06
101388.05
101388.05
101388.05
101388.05
101388.05
101388.05
101388.05
101388.05
101388.05
101388.05
101388.05
101388.05
101388.05
101388.05
101388.05
101388.05
101388.05
101388.05
101388.05
101388.05
101388.05
101388.05
101388.06
101387.39
101387.39
101387.39
101387.39
101387.39
101387.39
101387.39
101387.39
101387.39
101387.39
101387.39
101387.39
101387.39
101387.39
101387.39
101387.39
101387.39
101387.39
101387.39
101387.39
101387.39
101387.39
101387.39
101387.39
101387.39
101386.72
101386.72
101386.72
101386.72
101386.72
101386.72
101386.72
101386.72
101386.72
101386.72
101386.72
101386.72
101386.72
101386.72
101386.72
101386.72
101386.72
101386.72
101386.72
101386.72
101386.72
101386.72
101386.72
101386.72
101386.72
101386.06
101386.05
101386.05
101386.05
101386.05
101386.05
101386.05
101386.05
101386.05
101386.05
101386.05
101386.05
101386.05
101386.05
101386.05
101386.05
101386.05
101386.05
101386.05
101386.05
101386.05
101386.05
101386.05
101386.05
101386.05
101385.39
101385.39
101385.39
101385.39
101385.39
101385.39
101385.39
101385.39
101385.39
101385.39
101385.39
101385.39
101385.39
101385.39
101385.39
101385.39
101385.39
101385.39
101385.39
101385.39
101385.39
101385.39
101385.39
101385.39
101385.39
101384.72
101384.72
101384.72
101384.72
101384.72
101384.72
101384.72
101384.72
101384.72
101384.72
101384.72
101384.72
101384.72
101384.72
101384.72
101384.72
101384.72
101384.72
101384.72
101384.72
101384.72
101384.72
101384.72
101384.72
101384.72
101384.05
101384.05
101384.05
101384.05
101384.05
101384.05
101384.05
101384.05
101384.05
101384.05
101384.05
101384.05
101384.05
101384.05
101384.05
101384.05
101384.05
101384.05
101384.05
101384.05
101384.05
101384.05
101384.05
101384.05
101384.05
101383.38
101383.38
101383.38
101383.38
101383.38
101383.38
101383.38
101383.38
101383.38
101383.38
101383.38
101383.38
101383.38
101383.38
101383.38
101383.38
101383.38
101383.38
101383.38
101383.38
101383.38
101383.38
101383.38
101383.38
101383.38
101382.72
101382.72
101382.72
101382.72
101382.72
101382.72
101382.72
101382.72
101382.72
101382.72
101382.72
101382.72
101382.72
101382.72
101382.72
101382.72
101382.72
101382.72
101382.72
101382.72
101382.72
101382.72
101382.72
101382.72
101382.72
101382.05
101382.05
101382.05
101382.05
101382.05
101382.05
101382.05
101382.05
101382.05
101382.05
101382.05
101382.05
101382.05
101382.05
101382.05
101382.05
101382.05
101382.05
101382.05
101382.05
101382.05
101382.05
101382.05
101382.05
101382.05
101381.38
101381.38
101381.38
101381.38
101381.38
101381.38
101381.38
101381.38
101381.38
101381.38
101381.38
101381.38
101381.38
101381.38
101381.38
101381.38
101381.38
101381.38
101381.38
101381.38
101381.38
101381.38
101381.38
101381.38
101381.38
101380.71
101380.71
101380.71
101380.71
101380.71
101380.71
101380.71
101380.71
101380.71
101380.71
101380.71
101380.71
101380.71
101380.71
101380.71
101380.71
101380.71
101380.71
101380.71
101380.71
101380.71
101380.71
101380.71
101380.71
101380.71
101380.04
101380.04
101380.04
101380.04
101380.04
101380.04
101380.04
101380.04
101380.04
101380.04
101380.04
101380.04
101380.04
101380.04
101380.04
101380.04
101380.04
101380.04
101380.04
101380.04
101380.04
101380.04
101380.04
101380.04
101380.04
101379.37
101379.37
101379.37
101379.37
101379.37
101379.37
101379.37
101379.37
101379.37
101379.37
101379.37
101379.37
101379.37
101379.37
101379.37
101379.37
101379.37
101379.37
101379.37
101379.37
101379.37
101379.37
101379.37
101379.37
101379.37
101378.7
101378.7
101378.7
101378.7
101378.7
101378.7
101378.7
101378.7
101378.7
101378.7
101378.7
101378.7
101378.7
101378.7
101378.7
101378.7
101378.7
101378.7
101378.7
101378.7
101378.7
101378.7
101378.7
101378.7
101378.7
101378.03
101378.03
101378.03
101378.03
101378.03
101378.03
101378.03
101378.03
101378.03
101378.03
101378.03
101378.03
101378.03
101378.03
101378.03
101378.03
101378.03
101378.03
101378.03
101378.03
101378.03
101378.03
101378.03
101378.03
101378.03
101377.36
101377.36
101377.36
101377.36
101377.36
101377.36
101377.36
101377.36
101377.36
101377.36
101377.36
101377.36
101377.36
101377.36
101377.36
101377.36
101377.36
101377.36
101377.36
101377.36
101377.36
101377.36
101377.36
101377.36
101377.36
101376.69
101376.69
101376.69
101376.69
101376.69
101376.69
101376.69
101376.69
101376.69
101376.69
101376.69
101376.69
101376.69
101376.69
101376.69
101376.69
101376.69
101376.69
101376.69
101376.69
101376.69
101376.69
101376.69
101376.69
101376.69
101376.02
101376.02
101376.02
101376.02
101376.02
101376.02
101376.02
101376.02
101376.02
101376.02
101376.02
101376.02
101376.02
101376.02
101376.02
101376.02
101376.02
101376.02
101376.02
101376.02
101376.02
101376.02
101376.02
101376.02
101376.02
101375.35
101375.35
101375.35
101375.35
101375.35
101375.35
101375.35
101375.35
101375.35
101375.35
101375.35
101375.35
101375.35
101375.35
101375.35
101375.35
101375.35
101375.35
101375.35
101375.35
101375.35
101375.35
101375.35
101375.35
101375.35
101374.68
101374.68
101374.68
101374.68
101374.68
101374.68
101374.68
101374.68
101374.68
101374.68
101374.68
101374.68
101374.68
101374.68
101374.68
101374.68
101374.68
101374.68
101374.68
101374.68
101374.68
101374.68
101374.68
101374.68
101374.68
101374.01
101374.01
101374.01
101374.01
101374.01
101374.01
101374.01
101374.01
101374.01
101374.01
101374.01
101374.01
101374.01
101374.01
101374.01
101374.01
101374.01
101374.01
101374.01
101374.01
101374.01
101374.01
101374.01
101374.01
101374.01
101373.34
101373.34
101373.34
101373.34
101373.34
101373.34
101373.34
101373.34
101373.34
101373.34
101373.34
101373.34
101373.34
101373.34
101373.34
101373.34
101373.34
101373.34
101373.34
101373.34
101373.34
101373.34
101373.34
101373.34
101373.34
101372.67
101372.67
101372.67
101372.67
101372.67
101372.67
101372.67
101372.67
101372.67
101372.67
101372.67
101372.67
101372.67
101372.67
101372.67
101372.67
101372.67
101372.67
101372.67
101372.67
101372.67
101372.67
101372.67
101372.67
101372.67
101372
101372
101372
101372
101372
101372
101372
101372
101372
101372
101372
101372
101372
101372
101372
101372
101372
101372
101372
101372
101372
101372
101372
101372
101372
101371.32
101371.32
101371.32
101371.32
101371.32
101371.32
101371.32
101371.32
101371.32
101371.32
101371.32
101371.32
101371.32
101371.32
101371.32
101371.32
101371.32
101371.32
101371.32
101371.32
101371.32
101371.32
101371.32
101371.32
101371.32
101370.65
101370.65
101370.65
101370.65
101370.65
101370.65
101370.65
101370.65
101370.65
101370.65
101370.65
101370.65
101370.65
101370.65
101370.65
101370.65
101370.65
101370.65
101370.65
101370.65
101370.65
101370.65
101370.65
101370.65
101370.65
101369.98
101369.98
101369.98
101369.98
101369.98
101369.98
101369.98
101369.98
101369.98
101369.98
101369.98
101369.98
101369.98
101369.98
101369.98
101369.98
101369.98
101369.98
101369.98
101369.98
101369.98
101369.98
101369.98
101369.98
101369.98
101369.31
101369.31
101369.31
101369.31
101369.31
101369.31
101369.31
101369.31
101369.31
101369.31
101369.31
101369.31
101369.31
101369.31
101369.31
101369.31
101369.31
101369.31
101369.31
101369.31
101369.31
101369.31
101369.31
101369.31
101369.31
101368.64
101368.64
101368.64
101368.64
101368.64
101368.64
101368.64
101368.64
101368.64
101368.64
101368.64
101368.64
101368.64
101368.64
101368.64
101368.64
101368.64
101368.64
101368.64
101368.64
101368.64
101368.64
101368.64
101368.64
101368.64
101367.96
101367.96
101367.96
101367.96
101367.96
101367.96
101367.96
101367.96
101367.96
101367.96
101367.96
101367.96
101367.96
101367.96
101367.96
101367.96
101367.96
101367.96
101367.96
101367.96
101367.96
101367.96
101367.96
101367.96
101367.96
101367.29
101367.29
101367.29
101367.29
101367.29
101367.29
101367.29
101367.29
101367.29
101367.29
101367.29
101367.29
101367.29
101367.29
101367.29
101367.29
101367.29
101367.29
101367.29
101367.29
101367.29
101367.29
101367.29
101367.29
101367.29
101366.62
101366.62
101366.62
101366.62
101366.62
101366.62
101366.62
101366.62
101366.62
101366.62
101366.62
101366.62
101366.62
101366.62
101366.62
101366.62
101366.62
101366.62
101366.62
101366.62
101366.62
101366.62
101366.62
101366.62
101366.62
101365.94
101365.94
101365.94
101365.94
101365.94
101365.94
101365.94
101365.94
101365.94
101365.94
101365.94
101365.94
101365.94
101365.94
101365.94
101365.94
101365.94
101365.94
101365.94
101365.94
101365.94
101365.94
101365.94
101365.94
101365.94
101365.27
101365.27
101365.27
101365.27
101365.27
101365.27
101365.27
101365.27
101365.27
101365.27
101365.27
101365.27
101365.27
101365.27
101365.27
101365.27
101365.27
101365.27
101365.27
101365.27
101365.27
101365.27
101365.27
101365.27
101365.27
101364.6
101364.6
101364.6
101364.6
101364.6
101364.6
101364.6
101364.6
101364.6
101364.6
101364.6
101364.6
101364.6
101364.6
101364.6
101364.6
101364.6
101364.6
101364.6
101364.6
101364.6
101364.6
101364.6
101364.6
101364.6
101363.92
101363.92
101363.92
101363.92
101363.92
101363.92
101363.92
101363.92
101363.92
101363.92
101363.92
101363.92
101363.92
101363.92
101363.92
101363.92
101363.92
101363.92
101363.92
101363.92
101363.92
101363.92
101363.92
101363.92
101363.92
101363.25
101363.25
101363.25
101363.25
101363.25
101363.25
101363.25
101363.25
101363.25
101363.25
101363.25
101363.25
101363.25
101363.25
101363.25
101363.25
101363.25
101363.25
101363.25
101363.25
101363.25
101363.25
101363.25
101363.25
101363.25
101362.58
101362.58
101362.58
101362.58
101362.58
101362.58
101362.58
101362.58
101362.58
101362.58
101362.58
101362.58
101362.58
101362.58
101362.58
101362.58
101362.58
101362.58
101362.58
101362.58
101362.58
101362.58
101362.58
101362.58
101362.58
101361.9
101361.9
101361.9
101361.9
101361.9
101361.9
101361.9
101361.9
101361.9
101361.9
101361.9
101361.9
101361.9
101361.9
101361.9
101361.9
101361.9
101361.9
101361.9
101361.9
101361.9
101361.9
101361.9
101361.9
101361.9
101361.23
101361.23
101361.23
101361.23
101361.23
101361.23
101361.23
101361.23
101361.23
101361.23
101361.23
101361.23
101361.23
101361.23
101361.23
101361.23
101361.23
101361.23
101361.23
101361.23
101361.23
101361.23
101361.23
101361.23
101361.23
101360.55
101360.55
101360.55
101360.55
101360.55
101360.55
101360.55
101360.55
101360.55
101360.55
101360.55
101360.55
101360.55
101360.55
101360.55
101360.55
101360.55
101360.55
101360.55
101360.55
101360.55
101360.55
101360.55
101360.55
101360.55
101359.88
101359.88
101359.88
101359.88
101359.88
101359.88
101359.88
101359.88
101359.88
101359.88
101359.88
101359.88
101359.88
101359.88
101359.88
101359.88
101359.88
101359.88
101359.88
101359.88
101359.88
101359.88
101359.88
101359.88
101359.88
101359.2
101359.2
101359.2
101359.2
101359.2
101359.2
101359.2
101359.2
101359.2
101359.2
101359.2
101359.2
101359.2
101359.2
101359.2
101359.2
101359.2
101359.2
101359.2
101359.2
101359.2
101359.21
101359.21
101359.21
101359.21
101358.53
101358.53
101358.53
101358.53
101358.53
101358.53
101358.53
101358.53
101358.53
101358.53
101358.53
101358.53
101358.53
101358.53
101358.53
101358.53
101358.53
101358.53
101358.53
101358.53
101358.53
101358.53
101358.53
101358.53
101358.53
101357.85
101357.85
101357.85
101357.85
101357.85
101357.85
101357.85
101357.85
101357.85
101357.85
101357.85
101357.85
101357.86
101357.86
101357.86
101357.86
101357.86
101357.86
101357.86
101357.86
101357.86
101357.86
101357.86
101357.86
101357.86
101357.18
101357.18
101357.18
101357.18
101357.18
101357.18
101357.18
101357.18
101357.18
101357.18
101357.18
101357.18
101357.18
101357.18
101357.18
101357.18
101357.18
101357.18
101357.18
101357.18
101357.18
101357.18
101357.18
101357.18
101357.18
101356.5
101356.5
101356.5
101356.5
101356.5
101356.5
101356.5
101356.5
101356.5
101356.5
101356.5
101356.5
101356.5
101356.5
101356.5
101356.5
101356.51
101356.51
101356.51
101356.51
101356.51
101356.51
101356.51
101356.51
101356.51
101355.83
101355.83
101355.83
101355.83
101355.83
101355.83
101355.83
101355.83
101355.83
101355.83
101355.83
101355.83
101355.83
101355.83
101355.83
101355.83
101355.83
101355.83
101355.83
101355.83
101355.83
101355.83
101355.83
101355.83
101355.83
101355.15
101355.15
101355.15
101355.15
101355.15
101355.15
101355.15
101355.15
101355.15
101355.15
101355.15
101355.15
101355.15
101355.15
101355.15
101355.15
101355.15
101355.15
101355.15
101355.15
101355.15
101355.15
101355.15
101355.15
101355.15
101354.48
101354.48
101354.48
101354.48
101354.48
101354.48
101354.48
101354.48
101354.48
101354.48
101354.48
101354.48
101354.48
101354.48
101354.48
101354.48
101354.48
101354.48
101354.48
101354.48
101354.48
101354.48
101354.48
101354.48
101354.48
101353.8
101353.8
101353.8
101353.8
101353.8
101353.8
101353.8
101353.8
101353.8
101353.8
101353.8
101353.8
101353.8
101353.8
101353.8
101353.8
101353.8
101353.8
101353.8
101353.8
101353.8
101353.8
101353.8
101353.8
101353.8
101353.13
101353.13
101353.13
101353.13
101353.13
101353.13
101353.13
101353.13
101353.13
101353.13
101353.13
101353.13
101353.13
101353.13
101353.13
101353.13
101353.13
101353.13
101353.13
101353.13
101353.13
101353.13
101353.13
101353.13
101353.13
101352.45
101352.45
101352.45
101352.45
101352.45
101352.45
101352.45
101352.45
101352.45
101352.45
101352.45
101352.45
101352.45
101352.45
101352.45
101352.45
101352.45
101352.45
101352.45
101352.45
101352.45
101352.45
101352.45
101352.45
101352.45
101351.78
101351.78
101351.78
101351.78
101351.78
101351.78
101351.78
101351.78
101351.78
101351.78
101351.78
101351.78
101351.78
101351.78
101351.78
101351.78
101351.78
101351.78
101351.78
101351.78
101351.78
101351.78
101351.78
101351.78
101351.78
101351.1
101351.1
101351.1
101351.1
101351.1
101351.1
101351.1
101351.1
101351.1
101351.1
101351.1
101351.1
101351.1
101351.1
101351.1
101351.1
101351.1
101351.1
101351.1
101351.1
101351.1
101351.1
101351.1
101351.1
101351.1
101350.42
101350.42
101350.42
101350.42
101350.42
101350.42
101350.42
101350.42
101350.42
101350.42
101350.42
101350.42
101350.42
101350.42
101350.42
101350.42
101350.42
101350.42
101350.42
101350.42
101350.42
101350.42
101350.42
101350.42
101350.42
101349.75
101349.75
101349.75
101349.75
101349.75
101349.75
101349.75
101349.75
101349.75
101349.75
101349.75
101349.75
101349.75
101349.75
101349.75
101349.75
101349.75
101349.75
101349.75
101349.75
101349.75
101349.75
101349.75
101349.75
101349.75
101349.07
101349.07
101349.07
101349.07
101349.07
101349.07
101349.07
101349.07
101349.07
101349.07
101349.07
101349.07
101349.07
101349.07
101349.07
101349.07
101349.07
101349.07
101349.07
101349.07
101349.07
101349.07
101349.07
101349.07
101349.07
101348.39
101348.39
101348.39
101348.39
101348.39
101348.39
101348.39
101348.39
101348.39
101348.39
101348.39
101348.39
101348.39
101348.39
101348.39
101348.39
101348.39
101348.39
101348.39
101348.39
101348.39
101348.39
101348.39
101348.39
101348.39
101347.72
101347.72
101347.72
101347.72
101347.72
101347.72
101347.72
101347.72
101347.72
101347.72
101347.72
101347.72
101347.72
101347.72
101347.72
101347.72
101347.72
101347.72
101347.72
101347.72
101347.72
101347.72
101347.72
101347.72
101347.72
101347.04
101347.04
101347.04
101347.04
101347.04
101347.04
101347.04
101347.04
101347.04
101347.04
101347.04
101347.04
101347.04
101347.04
101347.04
101347.04
101347.04
101347.04
101347.04
101347.04
101347.04
101347.04
101347.04
101347.04
101347.04
101346.36
101346.36
101346.36
101346.36
101346.36
101346.36
101346.36
101346.36
101346.36
101346.36
101346.36
101346.36
101346.36
101346.36
101346.36
101346.36
101346.36
101346.36
101346.36
101346.36
101346.36
101346.36
101346.36
101346.36
101346.36
101345.69
101345.69
101345.69
101345.69
101345.69
101345.69
101345.69
101345.69
101345.69
101345.69
101345.69
101345.69
101345.69
101345.69
101345.69
101345.69
101345.69
101345.69
101345.69
101345.69
101345.69
101345.69
101345.69
101345.69
101345.69
101345.01
101345.01
101345.01
101345.01
101345.01
101345.01
101345.01
101345.01
101345.01
101345.01
101345.01
101345.01
101345.01
101345.01
101345.01
101345.01
101345.01
101345.01
101345.01
101345.01
101345.01
101345.01
101345.01
101345.01
101345.01
101344.33
101344.33
101344.33
101344.33
101344.33
101344.33
101344.33
101344.33
101344.33
101344.33
101344.33
101344.33
101344.33
101344.33
101344.33
101344.33
101344.33
101344.33
101344.33
101344.33
101344.33
101344.33
101344.33
101344.33
101344.33
101343.66
101343.66
101343.66
101343.66
101343.66
101343.66
101343.66
101343.66
101343.66
101343.66
101343.66
101343.66
101343.66
101343.66
101343.66
101343.66
101343.66
101343.66
101343.66
101343.66
101343.66
101343.66
101343.66
101343.66
101343.66
101342.98
101342.98
101342.98
101342.98
101342.98
101342.98
101342.98
101342.98
101342.98
101342.98
101342.98
101342.98
101342.98
101342.98
101342.98
101342.98
101342.98
101342.98
101342.98
101342.98
101342.98
101342.98
101342.98
101342.98
101342.98
101342.3
101342.3
101342.3
101342.3
101342.3
101342.3
101342.3
101342.3
101342.3
101342.3
101342.3
101342.3
101342.3
101342.3
101342.3
101342.3
101342.3
101342.3
101342.3
101342.3
101342.3
101342.3
101342.3
101342.3
101342.3
101341.62
101341.62
101341.62
101341.62
101341.62
101341.62
101341.62
101341.62
101341.62
101341.62
101341.62
101341.62
101341.62
101341.62
101341.62
101341.62
101341.62
101341.62
101341.62
101341.62
101341.62
101341.62
101341.62
101341.62
101341.62
101340.95
101340.95
101340.95
101340.95
101340.95
101340.95
101340.95
101340.95
101340.95
101340.95
101340.95
101340.95
101340.95
101340.95
101340.95
101340.95
101340.95
101340.95
101340.95
101340.95
101340.95
101340.95
101340.95
101340.95
101340.95
101340.27
101340.27
101340.27
101340.27
101340.27
101340.27
101340.27
101340.27
101340.27
101340.27
101340.27
101340.27
101340.27
101340.27
101340.27
101340.27
101340.27
101340.27
101340.27
101340.27
101340.27
101340.27
101340.27
101340.27
101340.27
101339.59
101339.59
101339.59
101339.59
101339.59
101339.59
101339.59
101339.59
101339.59
101339.59
101339.59
101339.59
101339.59
101339.59
101339.59
101339.59
101339.59
101339.59
101339.59
101339.59
101339.59
101339.59
101339.59
101339.59
101339.59
101338.91
101338.91
101338.91
101338.91
101338.91
101338.91
101338.91
101338.91
101338.91
101338.91
101338.91
101338.91
101338.91
101338.91
101338.91
101338.91
101338.91
101338.91
101338.91
101338.91
101338.91
101338.91
101338.91
101338.91
101338.91
101338.23
101338.23
101338.23
101338.23
101338.23
101338.23
101338.23
101338.23
101338.23
101338.23
101338.23
101338.23
101338.23
101338.23
101338.23
101338.23
101338.23
101338.23
101338.23
101338.23
101338.23
101338.23
101338.23
101338.23
101338.23
101337.56
101337.56
101337.56
101337.56
101337.56
101337.56
101337.56
101337.56
101337.56
101337.56
101337.56
101337.56
101337.56
101337.56
101337.56
101337.56
101337.56
101337.56
101337.56
101337.56
101337.56
101337.56
101337.56
101337.56
101337.56
101336.88
101336.88
101336.88
101336.88
101336.88
101336.88
101336.88
101336.88
101336.88
101336.88
101336.88
101336.88
101336.88
101336.88
101336.88
101336.88
101336.88
101336.88
101336.88
101336.88
101336.88
101336.88
101336.88
101336.88
101336.88
101336.2
101336.2
101336.2
101336.2
101336.2
101336.2
101336.2
101336.2
101336.2
101336.2
101336.2
101336.2
101336.2
101336.2
101336.2
101336.2
101336.2
101336.2
101336.2
101336.2
101336.2
101336.2
101336.2
101336.2
101336.2
101335.52
101335.52
101335.52
101335.52
101335.52
101335.52
101335.52
101335.52
101335.52
101335.52
101335.52
101335.52
101335.52
101335.52
101335.52
101335.52
101335.52
101335.52
101335.52
101335.52
101335.52
101335.52
101335.52
101335.52
101335.52
101334.84
101334.84
101334.84
101334.84
101334.84
101334.84
101334.84
101334.84
101334.84
101334.84
101334.84
101334.84
101334.84
101334.84
101334.84
101334.84
101334.84
101334.84
101334.84
101334.84
101334.84
101334.84
101334.84
101334.84
101334.84
101334.16
101334.16
101334.16
101334.16
101334.16
101334.16
101334.16
101334.16
101334.16
101334.17
101334.17
101334.17
101334.17
101334.17
101334.17
101334.17
101334.17
101334.17
101334.17
101334.17
101334.17
101334.17
101334.17
101334.17
101334.17
101333.49
101333.49
101333.49
101333.49
101333.49
101333.49
101333.49
101333.49
101333.49
101333.49
101333.49
101333.49
101333.49
101333.49
101333.49
101333.49
101333.49
101333.49
101333.49
101333.49
101333.49
101333.49
101333.49
101333.49
101333.49
101332.81
101332.81
101332.81
101332.81
101332.81
101332.81
101332.81
101332.81
101332.81
101332.81
101332.81
101332.81
101332.81
101332.81
101332.81
101332.81
101332.81
101332.81
101332.81
101332.81
101332.81
101332.81
101332.81
101332.81
101332.81
101332.13
101332.13
101332.13
101332.13
101332.13
101332.13
101332.13
101332.13
101332.13
101332.13
101332.13
101332.13
101332.13
101332.13
101332.13
101332.13
101332.13
101332.13
101332.13
101332.13
101332.13
101332.13
101332.13
101332.13
101332.13
101331.45
101331.45
101331.45
101331.45
101331.45
101331.45
101331.45
101331.45
101331.45
101331.45
101331.45
101331.45
101331.45
101331.45
101331.45
101331.45
101331.45
101331.45
101331.45
101331.45
101331.45
101331.45
101331.45
101331.45
101331.45
101330.77
101330.77
101330.77
101330.77
101330.77
101330.77
101330.77
101330.77
101330.77
101330.77
101330.77
101330.77
101330.77
101330.77
101330.77
101330.77
101330.77
101330.77
101330.77
101330.77
101330.77
101330.77
101330.77
101330.77
101330.77
101330.09
101330.09
101330.09
101330.09
101330.09
101330.09
101330.09
101330.09
101330.09
101330.09
101330.09
101330.09
101330.09
101330.09
101330.09
101330.09
101330.09
101330.09
101330.09
101330.09
101330.09
101330.09
101330.09
101330.09
101330.09
101329.41
101329.41
101329.41
101329.41
101329.41
101329.41
101329.41
101329.41
101329.41
101329.41
101329.41
101329.41
101329.41
101329.41
101329.41
101329.41
101329.41
101329.41
101329.41
101329.41
101329.41
101329.41
101329.41
101329.41
101329.41
101328.74
101328.74
101328.74
101328.74
101328.74
101328.74
101328.74
101328.74
101328.74
101328.74
101328.74
101328.74
101328.74
101328.74
101328.74
101328.74
101328.74
101328.74
101328.74
101328.74
101328.74
101328.74
101328.74
101328.74
101328.74
101328.06
101328.06
101328.06
101328.06
101328.06
101328.06
101328.06
101328.06
101328.06
101328.06
101328.06
101328.06
101328.06
101328.06
101328.06
101328.06
101328.06
101328.06
101328.06
101328.06
101328.06
101328.06
101328.06
101328.06
101328.06
101327.38
101327.38
101327.38
101327.38
101327.38
101327.38
101327.38
101327.38
101327.38
101327.38
101327.38
101327.38
101327.38
101327.38
101327.38
101327.38
101327.38
101327.38
101327.38
101327.38
101327.38
101327.38
101327.38
101327.38
101327.38
101326.7
101326.7
101326.7
101326.7
101326.7
101326.7
101326.7
101326.7
101326.7
101326.7
101326.7
101326.7
101326.7
101326.7
101326.7
101326.7
101326.7
101326.7
101326.7
101326.7
101326.7
101326.7
101326.7
101326.7
101326.7
101326.02
101326.02
101326.02
101326.02
101326.02
101326.02
101326.02
101326.02
101326.02
101326.02
101326.02
101326.02
101326.02
101326.02
101326.02
101326.02
101326.02
101326.02
101326.02
101326.02
101326.02
101326.02
101326.02
101326.02
101326.02
101325.34
101325.34
101325.34
101325.34
101325.34
101325.34
101325.34
101325.34
101325.34
101325.34
101325.34
101325.34
101325.34
101325.34
101325.34
101325.34
101325.34
101325.34
101325.34
101325.34
101325.34
101325.34
101325.34
101325.34
101325.34
)
;

boundaryField
{
    inlet
    {
        type            calculated;
        value           nonuniform List<scalar> 
25
(
101502.83
101502.88
101502.98
101503.1
101503.26
101503.44
101503.63
101503.83
101504.04
101504.26
101504.48
101504.69
101504.9
101505.11
101505.32
101505.51
101505.71
101505.89
101506.07
101506.25
101506.4
101506.55
101506.69
101506.83
101506.94
)
;
    }
    outlet
    {
        type            calculated;
        value           uniform 101325;
    }
    wall
    {
        type            calculated;
        value           nonuniform List<scalar> 
250
(
101506.94
101499.97
101498.53
101497.74
101496.59
101495.43
101494.32
101493.25
101492.22
101491.22
101490.25
101489.3
101488.37
101487.46
101486.56
101485.68
101484.81
101483.95
101483.1
101482.25
101481.42
101480.59
101479.77
101478.96
101478.16
101477.36
101476.57
101475.78
101475
101474.22
101473.45
101472.69
101471.93
101471.17
101470.41
101469.67
101468.92
101468.18
101467.44
101466.7
101465.97
101465.24
101464.51
101463.79
101463.07
101462.35
101461.63
101460.92
101460.21
101459.5
101458.79
101458.09
101457.38
101456.68
101455.98
101455.28
101454.59
101453.89
101453.2
101452.51
101451.82
101451.13
101450.45
101449.76
101449.08
101448.39
101447.71
101447.03
101446.35
101445.67
101444.99
101444.32
101443.64
101442.97
101442.3
101441.62
101440.95
101440.28
101439.61
101438.94
101438.27
101437.61
101436.94
101436.27
101435.61
101434.94
101434.28
101433.61
101432.95
101432.29
101431.62
101430.96
101430.3
101429.64
101428.98
101428.32
101427.66
101427
101426.34
101425.68
101425.02
101424.36
101423.71
101423.05
101422.39
101421.73
101421.08
101420.42
101419.76
101419.11
101418.45
101417.79
101417.14
101416.48
101415.82
101415.17
101414.51
101413.85
101413.19
101412.54
101411.88
101411.22
101410.56
101409.91
101409.25
101408.59
101407.93
101407.27
101406.61
101405.95
101405.29
101404.63
101403.97
101403.31
101402.65
101401.99
101401.33
101400.67
101400.01
101399.35
101398.68
101398.02
101397.36
101396.7
101396.03
101395.37
101394.71
101394.04
101393.38
101392.71
101392.05
101391.38
101390.72
101390.05
101389.39
101388.72
101388.06
101387.39
101386.72
101386.05
101385.39
101384.72
101384.05
101383.38
101382.72
101382.05
101381.38
101380.71
101380.04
101379.37
101378.7
101378.03
101377.36
101376.69
101376.02
101375.35
101374.68
101374.01
101373.34
101372.67
101372
101371.32
101370.65
101369.98
101369.31
101368.64
101367.96
101367.29
101366.62
101365.94
101365.27
101364.6
101363.92
101363.25
101362.58
101361.9
101361.23
101360.55
101359.88
101359.21
101358.53
101357.86
101357.18
101356.51
101355.83
101355.15
101354.48
101353.8
101353.13
101352.45
101351.78
101351.1
101350.42
101349.75
101349.07
101348.39
101347.72
101347.04
101346.36
101345.69
101345.01
101344.33
101343.66
101342.98
101342.3
101341.62
101340.95
101340.27
101339.59
101338.91
101338.23
101337.56
101336.88
101336.2
101335.52
101334.84
101334.17
101333.49
101332.81
101332.13
101331.45
101330.77
101330.09
101329.41
101328.74
101328.06
101327.38
101326.7
101326.02
101325.34
)
;
    }
    front
    {
        type            wedge;
    }
    back
    {
        type            wedge;
    }
    axis
    {
        type            empty;
    }
}


// ************************************************************************* //
