/*--------------------------------*- C++ -*----------------------------------*\
| =========                 |                                                 |
| \\      /  F ield         | OpenFOAM: The Open Source CFD Toolbox           |
|  \\    /   O peration     | Version:  v2012                                 |
|   \\  /    A nd           | Website:  www.openfoam.com                      |
|    \\/     M anipulation  |                                                 |
\*---------------------------------------------------------------------------*/
FoamFile
{
    version     2.0;
    format      ascii;
    class       volScalarField;
    location    "2000";
    object      T;
}
// * * * * * * * * * * * * * * * * * * * * * * * * * * * * * * * * * * * * * //

dimensions      [0 0 0 1 0 0 0];


internalField   nonuniform List<scalar> 
6250
(
299.99975
299.99974
299.99972
299.99969
299.99966
299.99961
299.99957
299.99952
299.99947
299.99941
299.99935
299.99926
299.9991
299.9988
299.99825
299.99725
299.99547
299.99229
299.98639
299.97448
299.94686
299.87201
299.72951
300.78696
313.27433
299.99841
299.99837
299.99829
299.99818
299.99805
299.9979
299.99774
299.99755
299.99734
299.99706
299.99668
299.9961
299.99521
299.99386
299.99186
299.98896
299.98481
299.97891
299.97078
299.96138
299.96551
300.12297
301.42681
307.74439
327.56502
299.99691
299.99687
299.99678
299.99665
299.9965
299.99632
299.99611
299.99586
299.99552
299.99504
299.99435
299.99337
299.99206
299.9904
299.9885
299.98664
299.98567
299.98801
300.00111
300.05188
300.25729
301.16292
304.58798
313.65882
332.32764
299.99571
299.99566
299.99557
299.99544
299.99528
299.99508
299.99483
299.9945
299.99403
299.99341
299.99262
299.99175
299.99097
299.9907
299.99173
299.99572
300.00638
300.03273
300.09959
300.28653
300.88376
302.8383
307.85421
317.27647
333.58351
299.99461
299.99456
299.99446
299.99432
299.99414
299.99391
299.9936
299.9932
299.99271
299.9922
299.99184
299.99197
299.99319
299.99656
300.00407
300.01965
300.05169
300.12004
300.27796
300.68823
301.8503
304.8058
310.50892
319.45002
334.18476
299.99354
299.99348
299.99338
299.99322
299.99302
299.99276
299.99244
299.99209
299.99184
299.99192
299.99276
299.99508
300.00005
300.0097
300.02775
300.06142
300.12604
300.25752
300.55008
301.269
303.05099
306.70835
312.53524
320.89455
334.72705
299.99251
299.99246
299.99234
299.99218
299.99196
299.99171
299.99148
299.99141
299.99178
299.99307
299.99604
300.00188
300.01252
300.03127
300.0641
300.12268
300.23175
300.44923
300.92407
302.02509
304.35613
308.35267
314.06916
321.96094
335.21899
299.99153
299.99147
299.99135
299.99118
299.99098
299.99082
299.99085
299.99137
299.99286
299.99609
300.00221
300.01299
300.0313
300.06206
300.11416
300.20505
300.37181
300.70049
301.39918
302.88733
305.62468
309.75318
315.25661
322.78662
335.63912
299.99057
299.99051
299.99039
299.99024
299.99012
299.99019
299.99073
299.99221
299.99538
300.00132
300.01163
300.02879
300.0568
300.10251
300.17847
300.30934
300.54775
301.01428
301.97133
303.80171
306.77916
310.92227
316.20426
323.44668
335.98395
299.98965
299.98959
299.98948
299.98939
299.98945
299.98993
299.99126
299.99414
299.99958
300.00902
300.0246
300.0496
300.08938
300.15317
300.25796
300.43734
300.76252
301.38926
302.60496
304.70828
307.82124
311.89732
316.97876
323.98882
336.26959
299.98875
299.9887
299.98864
299.98868
299.98904
299.99014
299.99259
299.99733
300.00564
300.01939
300.0413
300.0756
300.12921
300.21417
300.35273
300.58909
301.0162
301.82141
303.27196
305.5694
308.75169
312.72318
317.62659
324.44555
336.51305
299.98788
299.98786
299.98788
299.98814
299.98897
299.99093
299.99486
300.00192
300.01373
300.03258
300.06189
300.10697
300.17657
300.28605
300.46401
300.76703
301.31074
302.30107
303.94758
306.36808
309.56775
313.43066
318.18006
324.83932
336.72588
299.98706
299.98709
299.98725
299.98784
299.98931
299.9924
299.99817
300.00802
300.02394
300.04871
300.08649
300.14384
300.23164
300.36911
300.59212
300.97123
301.64198
302.80253
304.60736
307.11849
310.28838
314.04341
318.6606
325.18511
336.91519
299.9863
299.9864
299.98678
299.98782
299.99014
299.99465
300.00262
300.01575
300.03639
300.06786
300.11518
300.18631
300.29457
300.46357
300.73742
301.2014
302.00509
303.31599
305.24057
307.80982
310.92976
314.58184
319.08418
325.49336
337.08583
299.98561
299.98583
299.98651
299.98815
299.99152
299.99773
300.00828
300.02517
300.05113
300.0901
300.14806
300.23456
300.36572
300.57018
300.9012
301.45798
302.39318
303.83049
305.84112
308.43803
311.50242
315.06078
319.46278
325.7716
337.24117
299.98503
299.9854
299.98648
299.98887
299.99352
300.00173
300.01524
300.03635
300.06823
300.11551
300.18522
300.28871
300.44522
300.68896
301.08297
301.73733
302.79114
304.33521
306.41771
309.01197
312.01619
315.49044
319.80485
326.02538
337.38371
299.98458
299.98516
299.98674
299.99005
299.9962
300.00671
300.02354
300.04934
300.08776
300.14414
300.22673
300.34887
300.53325
300.82011
301.28214
302.03554
303.19458
304.82594
306.9627
309.53861
312.48116
315.8793
320.11664
326.25881
337.51546
299.9843
299.98513
299.98732
299.99172
299.99961
300.0127
300.03323
300.06418
300.10975
300.17607
300.27271
300.41523
300.63017
300.96427
301.49898
302.3498
303.59892
305.2977
307.47096
310.02194
312.90519
316.23435
320.40313
326.475
337.63788
299.98421
299.98535
299.98828
299.99394
300.0038
300.01977
300.04436
300.08094
300.13425
300.21135
300.32323
300.4879
300.73602
301.12111
301.73118
302.67074
303.99858
305.75655
307.9458
310.46632
313.29422
316.56103
320.668
326.67612
337.75209
299.98435
299.98586
299.98964
299.99675
300.0088
300.02794
300.05696
300.09963
300.16131
300.25003
300.37837
300.56698
300.85088
301.29009
301.97583
302.99461
304.39109
306.1999
308.3908
310.87575
313.65077
316.86331
320.9181
326.86697
337.86059
299.98475
299.9867
299.99146
300.00018
300.01466
300.03726
300.07107
300.1203
300.19098
300.29218
300.43823
300.6526
300.97483
301.4707
302.23058
303.31965
304.77453
306.62349
308.80769
311.25477
313.98019
317.1448
321.15411
327.04917
337.96462
299.98546
299.9879
299.99376
300.00428
300.02142
300.04776
300.08672
300.14298
300.22329
300.33786
300.50287
300.74484
301.10806
301.6631
302.4943
303.64375
305.14584
307.02448
309.19754
311.6073
314.2869
317.40826
321.37669
327.22266
338.0639
299.9865
299.98949
299.99658
300.00907
300.02909
300.05947
300.10394
300.16771
300.25828
300.38711
300.57237
300.84375
301.2502
301.86479
302.75964
303.96417
305.51112
307.40551
309.56224
311.93619
314.57389
317.6559
321.58683
327.38733
338.15802
299.98791
299.99152
299.99995
300.01459
300.03771
300.07241
300.12277
300.19451
300.296
300.44001
300.64682
300.94934
301.40066
302.07372
303.02559
304.28007
305.86725
307.76837
309.90468
312.24415
314.84342
317.88934
321.78553
327.54344
338.24698
299.98973
299.99401
300.00391
300.02086
300.04732
300.08661
300.14321
300.22342
300.33649
300.49659
300.72621
301.06153
301.55906
302.28868
303.29167
304.59039
306.21143
308.11374
310.2274
312.53344
315.09753
318.1107
321.97421
327.69179
338.33128
299.99197
299.99699
300.00848
300.02791
300.05793
300.1021
300.16532
300.25447
300.37977
300.55687
300.81054
301.18032
301.72524
302.50899
303.55707
304.89358
306.54194
308.44187
310.53193
312.80555
315.33785
318.3219
322.15462
327.83456
338.41237
299.99468
300.00049
300.01369
300.03578
300.06956
300.1189
300.18909
300.28769
300.42589
300.62091
300.89987
301.30554
301.89796
302.73124
303.82052
305.19197
306.85938
308.75324
310.81965
313.06273
315.56592
318.52342
322.32753
327.97204
338.49054
299.99788
300.00455
300.01957
300.04447
300.08224
300.13703
300.21457
300.3231
300.47487
300.68874
300.99419
301.43678
302.07563
302.9533
304.08129
305.486
307.16506
309.04905
311.09202
313.30665
315.78301
318.71587
322.49326
328.10412
338.56555
300.0016
300.00917
300.02613
300.05402
300.096
300.15651
300.24178
300.36073
300.52675
300.76036
301.09343
301.57369
302.25734
303.17512
304.33885
305.77357
307.45944
309.33083
311.3506
313.53864
315.9901
318.89991
322.65208
328.23082
338.63723
300.00587
300.0144
300.03341
300.06445
300.11085
300.17737
300.27073
300.40061
300.58153
300.83573
301.19745
301.71595
302.44249
303.39658
304.59258
306.05326
307.7426
309.59987
311.59687
313.75987
316.18805
319.07613
322.80437
328.3523
338.70566
300.01069
300.02025
300.04142
300.07577
300.12681
300.19963
300.30144
300.44274
300.63923
300.91487
301.30625
301.86332
302.63071
303.61732
304.84155
306.32411
308.0146
309.85716
311.83206
313.97138
316.37763
319.24511
322.95054
328.46886
338.77102
300.01611
300.02674
300.05018
300.088
300.14389
300.22329
300.33395
300.48716
300.69987
300.99783
301.41967
302.01481
302.81943
303.83663
305.08788
306.58676
308.27579
310.10349
312.0572
314.17405
316.5595
319.40735
323.09095
328.58078
338.83351
300.02214
300.0339
300.05972
300.10117
300.16213
300.24839
300.36826
300.53388
300.76348
301.08456
301.53741
302.16941
303.00755
304.05418
305.33174
306.84209
308.52679
310.33912
312.27216
314.3686
316.73539
319.56406
323.22648
328.68873
338.8936
300.0288
300.04174
300.07005
300.11529
300.18154
300.27494
300.40439
300.58292
300.83003
301.17496
301.65919
302.32658
303.19528
304.26969
305.57178
307.09028
308.76832
310.56476
312.47807
314.55572
316.90528
319.71571
323.35773
328.79329
338.95171
300.03611
300.05028
300.0812
300.13038
300.20212
300.30296
300.44236
300.63427
300.89948
301.26894
301.78472
302.48597
303.38272
304.48283
305.807
307.3312
309.001
310.78137
312.67587
314.73594
317.06932
319.86248
323.48496
328.89472
339.00798
300.04408
300.05954
300.09316
300.14645
300.22391
300.33245
300.48218
300.68795
300.97185
301.36643
301.91373
302.64726
303.56976
304.69326
306.03681
307.56476
309.22538
310.98978
312.86633
314.90979
317.22782
320.00456
323.6083
328.9931
339.06241
300.05275
300.06954
300.10598
300.16353
300.24691
300.36345
300.52386
300.74397
301.04717
301.46744
302.04601
302.81004
303.75615
304.90066
306.2608
307.79092
309.44192
311.19069
313.05007
315.07771
317.38111
320.14215
323.72785
329.08843
339.11496
300.06211
300.08029
300.11965
300.18162
300.27114
300.39595
300.56742
300.80233
301.12541
301.57179
302.18071
302.97212
303.94141
305.10722
306.47977
308.00989
309.65095
311.3846
313.22759
315.24014
317.52951
320.27547
323.84375
329.18081
339.16566
300.07219
300.09182
300.1342
300.20074
300.29662
300.42997
300.61286
300.86303
301.20652
301.67922
302.31729
303.13364
304.12548
305.31205
306.69412
308.22216
309.85288
311.57194
313.39931
315.39743
317.67333
320.40476
323.95619
329.27036
339.21461
300.083
300.10412
300.14963
300.22091
300.32335
300.46553
300.66019
300.92605
301.29041
301.78948
302.45546
303.29487
304.30819
305.51425
306.9038
308.42822
310.04825
311.75319
313.56559
315.54986
317.81279
320.53021
324.06531
329.35722
339.2619
300.09456
300.11722
300.16597
300.24214
300.35135
300.50264
300.70942
300.99138
301.37704
301.90237
302.59504
303.45592
304.48934
305.71325
307.1087
308.6284
310.23733
311.92829
313.72678
315.69827
317.94846
320.65221
324.1714
329.44161
339.30768
300.10689
300.13114
300.18323
300.26444
300.38064
300.5413
300.76054
301.05903
301.46633
302.01769
302.73582
303.61673
304.66876
305.90874
307.30873
308.82289
310.42043
312.09767
313.88321
315.84286
318.0807
320.77113
324.27479
329.52381
339.35217
300.11999
300.14588
300.20142
300.28783
300.41122
300.58152
300.81356
301.129
301.55831
302.13537
302.87771
303.77717
304.84608
306.1004
307.50379
309.01186
310.59794
312.26193
314.03521
315.98363
318.20962
320.88715
324.37571
329.60404
339.39549
300.13388
300.16147
300.22056
300.31232
300.4431
300.62331
300.86847
301.20129
301.65287
302.25491
303.01931
303.93693
305.02272
306.28863
307.69391
309.19546
310.77024
312.42147
314.18304
316.1207
318.33532
321.00039
324.47427
329.68239
339.4377
300.14857
300.17791
300.24065
300.33792
300.4763
300.66667
300.92529
301.27585
301.74982
302.37587
303.1604
304.09593
305.19858
306.47377
307.8793
309.37388
310.93762
312.57662
314.32694
316.25425
318.45791
321.11094
324.57054
329.75891
339.4788
300.16408
300.19521
300.26172
300.36464
300.51082
300.71161
300.98401
301.35264
301.84895
302.498
303.30121
304.25413
305.37303
306.65583
308.06023
309.54742
311.10037
312.72761
314.46714
316.38446
318.57753
321.21888
324.66458
329.83362
339.51881
300.18041
300.21339
300.28376
300.39249
300.54668
300.75815
301.04463
301.43161
301.95009
302.62114
303.4419
304.41142
305.54559
306.83473
308.23695
309.71638
311.25874
312.87469
314.60383
316.51148
318.6943
321.3243
324.75644
329.90656
339.55773
300.19759
300.23247
300.3068
300.42149
300.58387
300.80627
301.10714
301.51273
302.05311
302.74519
303.58249
304.56765
305.71594
307.01033
308.40962
309.88105
311.41301
313.01806
314.73718
316.63547
318.80835
321.42731
324.84621
329.97779
339.59559
300.21562
300.25245
300.33085
300.45164
300.62241
300.85598
301.17154
301.59596
302.1579
302.87003
303.72294
304.72274
305.88391
307.18258
308.57839
310.04168
311.56345
313.15793
314.86735
316.75657
318.91979
321.528
324.93396
330.04738
339.63245
300.23452
300.27334
300.35591
300.48295
300.66231
300.90727
301.23783
301.68129
302.2644
302.99563
303.86316
304.87645
306.04932
307.35144
308.74337
310.19844
311.71013
313.2945
314.99466
316.87497
319.02876
321.62648
325.01978
330.11537
339.66833
300.2543
300.29516
300.382
300.51543
300.70356
300.96016
301.306
301.76864
302.37233
303.12119
304.00297
305.02957
306.21234
307.51693
308.90462
310.35135
311.85303
313.42794
315.11952
316.99102
319.13552
321.72293
325.1038
330.18189
339.70333
300.27496
300.31792
300.40913
300.5491
300.74617
301.01466
301.37604
301.85786
302.48134
303.24636
304.1423
305.18232
306.37328
307.67914
309.06216
310.50054
311.9925
313.55843
315.24184
317.10479
319.24021
321.81751
325.18618
330.24709
339.73754
300.29653
300.34163
300.4373
300.58395
300.79016
301.07077
301.44793
301.94879
302.59122
303.37131
304.28113
305.3343
306.53218
307.83822
309.21613
310.64621
312.12878
313.68611
315.36164
317.21633
319.3429
321.91032
325.26704
330.31106
339.77105
300.31901
300.3663
300.46654
300.61999
300.83553
301.12849
301.52163
302.04131
302.70185
303.49618
304.41942
305.48514
306.68897
307.99429
309.36669
310.78855
312.26207
313.8111
315.47901
317.32569
319.44366
322.00143
325.34643
330.37387
339.80387
300.34242
300.39195
300.49684
300.65725
300.88227
301.18781
301.59712
302.13534
302.81318
303.62102
304.55708
305.63462
306.84355
308.14746
309.51404
310.92776
312.39251
313.93353
315.59403
317.43293
319.54253
322.09088
325.4244
330.43552
339.83602
300.36677
300.41857
300.52822
300.69571
300.9304
301.24874
301.67435
302.23078
302.92515
303.74584
304.69404
305.78257
306.99584
308.29779
309.65834
311.06402
312.52025
314.05349
315.7068
317.53813
319.63957
322.17871
325.50097
330.49605
339.86748
300.39206
300.4462
300.56068
300.73538
300.97991
301.31127
301.75329
302.32756
303.0377
303.87058
304.83023
305.92888
307.14579
308.44536
309.79974
311.19747
312.64542
314.17111
315.81741
317.64136
319.73484
322.26497
325.57617
330.55546
339.89827
300.41831
300.47482
300.59424
300.77628
301.03081
301.37539
301.83391
302.4256
303.1508
303.99521
304.96554
306.07346
307.29339
308.59024
309.93837
311.32828
312.76815
314.28649
315.92594
317.7427
319.82839
322.34969
325.65004
330.61378
339.92839
300.44553
300.50446
300.6289
300.8184
301.08312
301.44113
301.91613
302.52477
303.26412
304.11962
305.10023
306.21633
307.43862
308.73249
310.07435
311.45656
312.88854
314.39971
316.03248
317.84221
319.92029
322.43293
325.7226
330.67103
339.95786
300.47374
300.53513
300.66467
300.86177
301.13685
301.50848
301.99988
302.6248
303.37718
304.24373
305.23477
306.35771
307.58153
308.87215
310.20776
311.58238
313.00671
314.51092
316.13713
317.93996
320.01058
322.51472
325.7939
330.72723
339.9867
300.50293
300.56683
300.70157
300.90638
301.192
301.57741
302.08504
302.72552
303.49007
304.36755
305.3689
306.49769
307.72222
309.00927
310.33854
311.70559
313.12275
314.62049
316.24012
318.03612
320.09938
322.59515
325.86399
330.78246
340.01496
300.53313
300.59957
300.73959
300.95224
301.24857
301.64791
302.17152
302.82685
303.60291
304.49104
305.50235
306.63624
307.86079
309.14391
310.46677
311.82641
313.23676
314.72832
316.34152
318.13079
320.18679
322.67432
325.93296
330.83677
340.04268
300.56434
300.63337
300.77875
300.99936
301.30657
301.71994
302.25923
302.92875
303.71577
304.61417
305.63496
306.77332
307.99729
309.27616
310.59257
311.94503
313.34881
314.83439
316.44134
318.22403
320.2729
322.7523
326.0009
330.89025
340.06993
300.59658
300.66823
300.81905
301.04774
301.36599
301.79347
302.34811
303.03119
303.82866
304.73688
305.7666
306.90885
308.13176
309.40611
310.71609
312.06155
313.45898
314.93873
316.5396
318.31585
320.35773
322.82915
326.06786
330.94295
340.09673
300.62985
300.70417
300.8605
301.09739
301.42684
301.86845
302.43809
303.13413
303.94157
304.85912
305.89717
307.04277
308.26422
309.53386
310.83745
312.17609
313.56734
315.0414
316.63633
318.40629
320.44132
322.9049
326.13387
330.99488
340.1231
300.66417
300.74119
300.90312
301.14833
301.48912
301.94484
302.5291
303.23755
304.05449
304.98087
306.02663
307.17507
308.39472
309.65952
310.95676
312.28874
313.67395
315.14246
316.73157
318.49538
320.52369
322.97957
326.19894
331.04607
340.14906
300.69954
300.7793
300.9469
301.20056
301.55282
302.02261
302.62108
303.34139
304.16737
305.10207
306.15492
307.30571
308.52329
309.78315
311.07411
312.39956
313.77889
315.24195
316.82538
318.58316
320.60487
323.05317
326.26309
331.09652
340.17459
300.73598
300.81851
300.99187
301.2541
301.61796
302.10172
302.71398
303.44563
304.28019
305.22267
306.28199
307.4347
308.64996
309.90484
311.18959
312.50865
313.8822
315.33994
316.9178
318.66966
320.68489
323.12574
326.32634
331.14622
340.19968
300.7735
300.85884
301.03802
301.30894
301.68453
302.18213
302.80769
303.55005
304.39288
305.34285
306.40788
307.56203
308.77478
310.02465
311.30326
312.61606
313.98397
315.43646
317.00886
318.75491
320.76378
323.19729
326.38869
331.19523
340.22434
300.81211
300.90029
301.08537
301.3651
301.75252
302.26378
302.90207
303.65435
304.50539
305.46287
306.53271
307.68773
308.89777
310.14264
311.41522
312.72187
314.08422
315.53158
317.09861
318.83896
320.84157
323.26784
326.45019
331.24353
340.2486
300.85181
300.94287
301.13393
301.42259
301.82191
302.34657
302.99701
303.75858
304.61772
305.58259
306.65654
307.81187
309.01899
310.25882
311.5254
312.82613
314.18314
315.62538
317.18712
318.92185
320.91829
323.33744
326.51084
331.29115
340.27244
300.89262
300.98659
301.1837
301.48141
301.89267
302.43044
303.09245
303.86282
304.72985
305.70184
306.77936
307.93451
309.13846
310.37317
311.63376
312.9289
314.28088
315.71801
317.27448
319.00365
320.994
323.40611
326.57069
331.33812
340.2959
300.93455
301.03146
301.2347
301.54157
301.96476
302.51532
303.18836
303.96711
304.84174
305.82051
306.90114
308.05569
309.25622
310.48574
311.74045
313.03023
314.37737
315.80949
317.36076
319.08443
321.06876
323.47393
326.62978
331.38446
340.319
300.97761
301.07751
301.28695
301.60306
302.03814
302.60114
303.28473
304.07148
304.95339
305.93853
307.02185
308.17543
309.37231
310.59661
311.84558
313.13017
314.4726
315.89982
317.44598
319.16423
321.14263
323.54094
326.68817
331.43024
340.34177
301.02181
301.12472
301.34046
301.66589
302.11278
302.68786
303.38153
304.17591
305.06476
306.05584
307.14145
308.29375
309.48681
310.70588
311.94923
313.22876
314.56658
315.989
317.53016
319.24308
321.21563
323.60717
326.74588
331.47546
340.36422
301.06717
301.17313
301.39522
301.73006
302.18865
302.77543
303.47873
304.2804
305.17582
306.17241
307.25992
308.41066
309.59977
310.81362
312.05147
313.32606
314.65935
316.07707
317.61331
319.321
321.28779
323.67266
326.80293
331.52017
340.38638
301.1137
301.22274
301.45126
301.79556
302.26571
302.86379
303.57631
304.38493
305.28656
306.28819
307.37724
308.52618
309.71124
310.9199
312.15235
313.42209
314.75094
316.16405
317.69546
319.398
321.35912
323.73741
326.85935
331.56436
340.40825
301.1614
301.27356
301.50858
301.86238
302.34393
302.95292
303.67424
304.48948
305.39694
306.40317
307.49341
308.64033
309.82127
311.02479
312.25193
313.5169
314.84139
316.24997
317.77663
319.47411
321.42965
323.80143
326.91514
331.60805
340.42982
301.2103
301.32561
301.56719
301.93052
302.42327
303.04277
303.77248
304.59402
305.50696
306.51734
307.60842
308.75315
309.92991
311.12832
312.35024
313.61054
314.93073
316.33486
317.85686
319.54936
321.49939
323.86475
326.97031
331.65123
340.45111
301.2604
301.37889
301.62709
301.99995
302.5037
303.13329
303.871
304.69853
305.61659
306.63067
307.72228
308.86465
310.0372
311.23055
312.44734
313.70304
315.019
316.41874
317.93616
319.62376
321.56836
323.92737
327.02487
331.69392
340.4721
301.31171
301.43342
301.68829
302.07068
302.58518
303.22446
303.96977
304.803
305.72581
306.74317
307.83501
308.97487
310.14319
311.33154
312.54326
313.79443
315.10622
316.50166
318.01456
319.69732
321.63656
323.9893
327.07883
331.73612
340.49282
301.36426
301.4892
301.7508
302.14266
302.66766
303.31622
304.06877
304.90739
305.83462
306.85483
307.94661
309.08384
310.24789
311.43124
312.63806
313.88484
315.19247
316.58364
318.09209
319.77008
321.70403
324.05057
327.13221
331.77785
340.51325
301.41805
301.54626
301.81462
302.21589
302.7511
303.40855
304.16795
305.0117
305.943
306.96565
308.05711
309.19156
310.35126
311.52959
312.73175
313.97439
315.27786
316.66478
318.16881
319.84208
321.77078
324.11119
327.18501
331.81911
340.53342
301.4731
301.60461
301.87975
302.29035
302.83547
303.50139
304.26728
305.11589
306.05097
307.07566
308.16651
309.29805
310.45334
311.6267
312.8244
314.06304
315.3624
316.74511
318.24476
319.91334
321.83685
324.17119
327.23726
331.85992
340.55333
301.52942
301.66426
301.94619
302.36599
302.92071
303.59469
304.36661
305.21993
306.15864
307.1849
308.27484
309.40331
310.55417
311.72267
312.91601
314.15075
315.44609
316.82465
318.31996
319.98391
321.90229
324.2306
327.289
331.90032
340.573
301.58703
301.72522
302.01394
302.4428
303.00677
303.68839
304.46598
305.32383
306.26596
307.29339
308.3821
309.50738
310.65381
311.81754
313.00663
314.23755
315.52893
316.90341
318.39444
320.05381
321.9671
324.28945
327.34025
331.94032
340.59245
301.64595
301.78749
302.08299
302.52074
303.09361
303.78245
304.5654
305.42758
306.37287
307.40113
308.48834
309.61028
310.75231
311.91136
313.09629
314.32344
315.61094
316.98139
318.4682
320.12304
322.03131
324.34776
327.39103
331.97995
340.6117
301.70618
301.8511
302.15334
302.59978
303.18118
303.87687
304.66488
305.53116
306.47932
307.5081
308.59357
309.71208
310.84971
312.00418
313.18501
314.40845
315.69213
317.05862
318.54127
320.19164
322.09493
324.40555
327.44135
332.01922
340.63074
301.76773
301.91604
302.22497
302.67989
303.26944
303.97161
304.76443
305.63457
306.58529
307.61431
308.69782
309.8128
310.94606
312.09601
313.27283
314.49261
315.77252
317.1351
318.61365
320.25961
322.15798
324.46282
327.49122
332.05813
340.64959
301.83063
301.98231
302.29787
302.76102
303.35836
304.06666
304.86405
305.73779
306.69076
307.71974
308.80111
309.91249
311.0414
312.1869
313.35976
314.57594
315.85213
317.21086
318.68535
320.32696
322.22047
324.51959
327.54066
332.09668
340.66824
301.89487
302.04992
302.37201
302.84315
303.44791
304.16201
304.96372
305.8408
306.79571
307.82439
308.90346
310.01117
311.13576
312.27687
313.44583
314.65846
315.93098
317.28591
318.7564
320.3937
322.28241
324.57586
327.58966
332.13489
340.68669
301.96046
302.11886
302.44739
302.92624
303.53806
304.25764
305.06344
305.94361
306.90013
307.92827
309.00489
310.10889
311.22918
312.36596
313.53107
314.74018
316.00909
317.36026
318.82681
320.45985
322.3438
324.63164
327.63824
332.17276
340.70494
302.02742
302.18914
302.52398
303.01027
303.62877
304.35353
305.16319
306.04619
307.00403
308.03138
309.10542
310.20565
311.32161
312.4542
313.61559
314.82117
316.08649
317.43395
318.89659
320.52542
322.40466
324.68694
327.68639
332.21029
340.72301
302.09574
302.26075
302.60176
303.09519
303.72003
304.44966
305.26297
306.14854
307.10739
308.13374
309.20505
310.30142
311.41301
312.54161
313.69947
314.9015
316.16323
317.507
318.96577
320.59043
322.465
324.74177
327.73414
332.24748
340.74088
302.16542
302.33368
302.6807
303.18098
303.81181
304.54602
305.36276
306.25066
307.21022
308.23534
309.30379
310.39621
311.50348
312.62822
313.78266
314.9812
316.23936
317.57946
319.03438
320.6549
322.52485
324.79615
327.78149
332.28435
340.75858
302.23646
302.40792
302.76078
303.2676
303.90408
304.6426
305.46255
306.35254
307.31252
308.3362
309.40164
310.49008
311.59308
312.71406
313.86514
315.06024
316.31487
317.65134
319.10245
320.71886
322.58423
324.8501
327.82845
332.32092
340.77611
302.30887
302.48345
302.84198
303.35502
303.99681
304.73937
305.56234
306.45417
307.4143
308.43632
309.49863
310.58306
311.68186
312.79915
313.94693
315.13863
316.38979
317.72266
319.16999
320.78234
322.64314
324.90364
327.87506
332.3572
340.79348
302.38263
302.56027
302.92427
303.44322
304.08999
304.83632
305.66211
306.55554
307.51555
308.5357
309.59478
310.6752
311.76986
312.88351
314.02802
315.21638
316.4641
317.79342
319.23702
320.84533
322.70162
324.95678
327.92132
332.39321
340.8107
302.45773
302.63836
303.00761
303.53216
304.18359
304.93344
305.76186
306.65667
307.61627
308.63436
309.69012
310.76652
311.85709
312.96716
314.10845
315.2935
316.53783
317.86363
319.30353
320.90785
322.75968
325.00954
327.96725
332.42895
340.82778
302.53417
302.71769
303.09198
303.62181
304.27759
305.03073
305.86157
306.75752
307.71647
308.73231
309.78466
310.85706
311.9436
313.05012
314.18822
315.37001
316.61099
317.93332
319.36956
320.96992
322.81731
325.06192
328.01286
332.46444
340.84472
302.61193
302.79825
303.17735
303.71214
304.37197
305.12816
305.96123
306.85811
307.81617
308.82957
309.87843
310.94684
312.02939
313.13241
314.26736
315.44592
316.68358
318.00248
319.4351
321.03155
322.87454
325.11394
328.05814
332.49968
340.86152
302.69099
302.88001
303.26369
303.80313
304.46671
305.22569
306.0607
306.95842
307.91552
308.9262
309.97147
311.03589
312.11449
313.21406
314.34588
315.52124
316.75563
318.07113
319.50016
321.09273
322.93137
325.1656
328.10312
332.53467
340.87819
302.77134
302.96295
303.35097
303.89474
304.56177
305.32329
306.16
307.05845
308.0145
309.02225
310.06381
311.12424
312.19893
313.29506
314.42379
315.59599
316.82714
318.13927
319.56476
321.15349
322.98781
325.21691
328.14779
332.56941
340.89473
302.85295
303.04703
303.43914
303.98694
304.65714
305.42095
306.25915
307.1582
308.11307
309.11774
310.15544
311.21176
312.28272
313.3756
314.50117
315.67021
316.89814
318.20694
319.62891
321.21383
323.04386
325.26787
328.19216
332.60392
340.91114
302.9358
303.13224
303.52819
304.0797
304.75278
305.51865
306.35816
307.25767
308.21125
309.21267
310.24635
311.29852
312.36588
313.45564
314.57806
315.74394
316.96866
318.27414
319.69262
321.27376
323.09954
325.31849
328.23624
332.63819
340.92742
303.01986
303.21853
303.61808
304.17299
304.84868
305.6164
306.45704
307.35687
308.309
309.30703
310.33658
311.3846
312.44844
313.53514
314.65446
315.8172
317.03872
318.34091
319.75592
321.3333
323.15486
325.36879
328.28003
332.67224
340.94357
303.10511
303.30588
303.70876
304.26679
304.94482
305.71418
306.55579
307.4558
308.40634
309.40083
310.42616
311.47004
312.53041
313.61411
314.73036
315.88999
317.10833
318.40725
319.81882
321.39247
323.20984
325.41878
328.32355
332.70607
340.95962
303.1915
303.39424
303.80022
304.36106
305.04119
305.812
306.65441
307.55445
308.50326
309.49409
310.51514
311.55489
312.61183
313.69254
314.80576
315.96231
317.17752
318.47319
319.88133
321.45129
323.26449
325.46847
328.36682
332.73969
340.97555
303.27901
303.48359
303.8924
304.45579
305.13777
305.90984
306.75289
307.65281
308.59976
309.58682
310.60354
311.63918
312.6927
313.77045
314.88067
316.03418
317.24628
318.53873
319.94348
321.50976
323.31882
325.51788
328.40983
332.77313
340.99138
303.36759
303.57387
303.98528
304.55095
305.23456
306.00771
306.85124
307.75092
308.69585
309.67901
310.69138
311.72292
312.77305
313.84786
314.95511
316.1056
317.31462
318.60388
320.00527
321.5679
323.37285
325.56701
328.45261
332.80638
341.00712
303.45722
303.66506
304.07882
304.64651
305.33153
306.10559
306.94942
307.84861
308.79154
309.77089
310.77873
311.80613
312.8529
313.92478
315.02908
316.17659
317.38255
318.66865
320.0667
321.62571
323.42658
325.61588
328.49516
332.83945
341.02277
303.54784
303.75712
304.173
304.74246
305.42869
306.20345
307.04737
307.94577
308.88681
309.86251
310.86551
311.88887
312.93246
314.00131
315.10264
316.24716
317.45009
318.73305
320.12778
321.6832
323.48002
325.66449
328.53749
332.87234
341.03833
303.63942
303.85
304.26777
304.83877
305.526
306.30128
307.14506
308.04249
308.9817
309.95382
310.95183
311.97112
313.01163
314.07747
315.17581
316.31735
317.51726
318.7971
320.18854
321.74039
323.53319
325.71284
328.5796
332.90507
341.0538
303.73191
303.94366
304.36311
304.93542
305.62344
306.39903
307.24248
308.13871
309.07574
310.04439
311.03812
312.05347
313.09062
314.15333
315.24865
316.3872
317.58408
318.86081
320.24898
321.79728
323.58608
325.76095
328.6215
332.93763
341.06918
303.82528
304.03807
304.45898
305.03238
305.72099
306.4967
307.33959
308.23438
309.16901
310.13433
311.12424
312.13582
313.1695
314.22898
315.32122
316.45675
317.6506
318.92423
320.30913
321.8539
323.63871
325.80884
328.6632
332.97004
341.08449
303.91947
304.13318
304.55534
305.12962
305.81862
306.59424
307.43636
308.32952
309.26164
310.22375
311.21008
312.21804
313.24826
314.30446
315.39357
316.52605
317.71685
318.98737
320.36902
321.91027
323.69111
325.85651
328.70472
333.0023
341.09973
304.01444
304.22896
304.65217
305.22712
305.91632
306.69164
307.53279
308.42417
309.35373
310.31272
311.2956
312.30006
313.32685
314.37977
315.46573
316.59514
317.78288
319.05028
320.42868
321.96641
323.7433
325.90399
328.74607
333.03445
341.11491
304.11015
304.32535
304.74943
305.32485
306.01405
306.78889
307.62888
308.51837
309.44535
310.40125
311.38079
312.38182
313.40524
314.45491
315.53772
316.66403
317.84871
319.113
320.48814
322.02236
323.79531
325.95131
328.78729
333.06649
341.13006
304.20655
304.42233
304.84709
305.42279
306.1118
306.88597
307.72466
308.61215
309.53652
310.48938
311.46563
312.4633
313.48341
314.52985
315.60952
316.73276
317.91437
319.17553
320.54742
322.07815
323.84717
325.99849
328.8284
333.09846
341.14519
304.3036
304.51983
304.9451
305.5209
306.20955
306.98288
307.82013
308.70554
309.62728
310.57712
311.55014
312.54451
313.56135
314.60459
315.68113
316.80131
317.97986
319.23791
320.60656
322.1338
323.89891
326.04557
328.86942
333.13038
341.16031
304.40125
304.61784
305.04344
305.61916
306.30729
307.07962
307.91531
308.79856
309.71766
310.6645
311.63432
312.62544
313.63904
314.67912
315.75257
316.86969
318.04519
319.30015
320.66556
322.18933
323.95054
326.09256
328.91038
333.16226
341.17543
304.49945
304.7163
305.14207
305.71756
306.405
307.17619
308.0102
308.89123
309.80765
310.75151
311.71817
312.70608
313.7165
314.75344
315.82382
316.93791
318.11038
319.36225
320.72445
322.24476
324.00209
326.13949
328.9513
333.19413
341.19057
304.59816
304.81518
305.24097
305.81606
306.50267
307.27259
308.10482
308.98357
309.8973
310.83818
311.80171
312.78645
313.79371
314.82756
315.89489
317.00597
318.17543
319.42423
320.78324
322.3001
324.05356
326.18636
328.99218
333.22599
341.20574
304.69734
304.91443
305.3401
305.91466
306.6003
307.36882
308.19917
309.07559
309.9866
310.92451
311.88495
312.86654
313.87068
314.90146
315.96578
317.07387
318.24035
319.4861
320.84192
322.35536
324.10498
326.2332
329.03305
333.25785
341.22093
304.79694
305.01401
305.43944
306.01332
306.69787
307.46488
308.29327
309.16729
310.07557
311.01052
311.96788
312.94636
313.94742
314.97516
316.03649
317.14162
318.30513
319.54786
320.90052
322.41055
324.15635
326.28
329.0739
333.28972
341.23615
304.89691
305.1139
305.53896
306.11204
306.79537
307.56077
308.38711
309.2587
310.16423
311.09622
312.05052
313.02592
314.02393
315.04866
316.10703
317.20923
318.36979
319.60951
320.95903
322.46568
324.20767
326.32677
329.11474
333.3216
341.2514
304.99723
305.21406
305.63862
306.21079
306.8928
307.65648
308.48071
309.34981
310.25258
311.18162
312.13289
313.10523
314.10021
315.12196
316.17739
317.27668
318.43433
319.67107
321.01747
322.52075
324.25895
326.37352
329.15557
333.35348
341.26668
305.09785
305.31445
305.73842
306.30956
306.99015
307.75203
308.57407
309.44064
310.34063
311.26673
312.21498
313.18429
314.17627
315.19507
316.2476
317.344
318.49875
319.73253
321.07583
322.57576
324.31019
326.42025
329.1964
333.38538
341.28198
305.19873
305.41504
305.83832
306.40834
307.08742
307.8474
308.66719
309.53121
310.4284
311.35156
312.2968
313.26311
314.25212
315.268
316.31764
317.41118
318.56306
319.7939
321.13412
322.63072
324.36139
326.46696
329.23722
333.41729
341.29731
305.29983
305.51581
305.9383
306.50711
307.18458
307.9426
308.76008
309.6215
310.51588
311.43611
312.37837
313.3417
314.32776
315.34074
316.38753
317.47824
318.62726
319.85518
321.19234
322.68563
324.41256
326.51365
329.27804
333.4492
341.31267
305.40113
305.61671
306.03834
306.60586
307.28164
308.03762
308.85275
309.71154
310.6031
311.52041
312.45969
313.42006
314.4032
315.41331
316.45727
317.54516
318.69135
319.91638
321.2505
322.74049
324.4637
326.56031
329.31884
333.48112
341.32804
305.5026
305.71774
306.13843
306.70457
307.37859
308.13247
308.94518
309.80132
310.69006
311.60444
312.54077
313.49821
314.47845
315.48571
316.52686
317.61197
318.75535
319.97749
321.30859
322.79531
324.5148
326.60696
329.35964
333.51305
341.34344
305.60419
305.81885
306.23854
306.80323
307.47542
308.22713
309.0374
309.89086
310.77676
311.68823
312.62162
313.57614
314.55351
315.55795
316.59631
317.67865
318.81925
320.03853
321.36662
322.85007
324.56587
326.65358
329.40043
333.54498
341.35886
305.70588
305.92002
306.33865
306.90183
307.57213
308.32162
309.1294
309.98015
310.86322
311.77178
312.70225
313.65387
314.62839
315.63003
316.66563
317.74522
318.88305
320.09949
321.42459
322.9048
324.61691
326.70019
329.4412
333.57691
341.37429
305.80765
306.02124
306.43875
307.00036
307.6687
308.41593
309.22118
310.06922
310.94944
311.85509
312.78266
313.7314
314.7031
315.70196
316.73482
317.81169
318.94676
320.16038
321.4825
322.95947
324.66791
326.74677
329.48197
333.60884
341.38975
305.90947
306.12248
306.53882
307.0988
307.76514
308.51006
309.31275
310.15805
311.03542
311.93818
312.86285
313.80874
314.77763
315.77374
316.80388
317.87804
319.01039
320.2212
321.54036
323.01411
324.71888
326.79333
329.52272
333.64077
341.40521
306.01131
306.22372
306.63884
307.19714
307.86143
308.604
309.4041
310.24665
311.12118
312.02105
312.94285
313.8859
314.852
315.84537
316.87282
317.9443
319.07393
320.28194
321.59816
323.0687
324.76982
326.83986
329.56346
333.6727
341.4207
306.11316
306.32493
306.7388
307.29538
307.95758
308.69776
309.49525
310.33503
311.20671
312.10371
313.02264
313.96287
314.92621
315.91687
316.94164
318.01045
319.13739
320.34263
321.65591
323.12324
324.82073
326.88638
329.60419
333.70463
341.4362
306.21499
306.42611
306.83869
307.3935
308.05357
308.79133
309.58619
310.4232
311.29203
312.18616
313.10225
314.03968
315.00027
315.98824
317.01035
318.07651
319.20077
320.40324
321.7136
323.17775
324.87161
326.93287
329.6449
333.73655
341.45171
306.31678
306.52723
306.93849
307.4915
308.1494
308.88471
309.67692
310.51115
311.37713
312.2684
313.18166
314.11631
315.07419
316.05948
317.07895
318.14248
319.26407
320.46379
321.77125
323.23221
324.92245
326.97933
329.6856
333.76848
341.46724
306.41852
306.62828
307.03819
307.58937
308.24506
308.9779
309.76744
310.59889
311.46203
312.35046
313.2609
314.19279
315.14795
316.13059
317.14744
318.20835
319.3273
320.52428
321.82884
323.28664
324.97326
327.02578
329.72628
333.8004
341.48278
306.52018
306.72924
307.13777
307.68709
308.34056
309.0709
309.85777
310.68642
311.54673
312.43232
313.33996
314.2691
315.22158
316.20158
317.21583
318.27414
319.39045
320.58471
321.88638
323.34103
325.02405
327.0722
329.76695
333.83232
341.49834
306.62175
306.8301
307.23723
307.78466
308.43588
309.16371
309.94788
310.77375
311.63122
312.51399
313.41885
314.34527
315.29508
316.27246
317.28412
318.33985
319.45354
320.64509
321.94388
323.39537
325.0748
327.1186
329.80761
333.86424
341.51391
306.72322
306.93084
307.33655
307.88207
308.53102
309.25632
310.0378
310.86087
311.71553
312.59548
313.49758
314.42128
315.36844
316.34322
317.35232
318.40547
319.51655
320.7054
322.00133
323.44968
325.12552
327.16498
329.84825
333.89615
341.52949
306.82457
307.03145
307.43573
307.97932
308.62598
309.34874
310.12752
310.9478
311.79964
312.6768
313.57614
314.49715
315.44168
316.41388
317.42042
318.47102
319.5795
320.76566
322.05874
323.50396
325.17621
327.21133
329.88888
333.92806
341.54509
306.92578
307.13192
307.53475
308.07639
308.72075
309.44096
310.21703
311.03453
311.88356
312.75793
313.65454
314.57288
315.51479
316.48442
317.48842
318.53648
319.64239
320.82587
322.1161
323.5582
325.22688
327.25767
329.9295
333.95997
341.5607
307.02685
307.23224
307.63361
308.17329
308.81533
309.53298
310.30635
311.12107
311.9673
312.8389
313.73279
314.64847
315.58778
316.55487
317.55634
318.60188
319.70521
320.88603
322.17341
323.6124
325.27752
327.30398
329.9701
333.99188
341.57632
307.12776
307.33239
307.73229
308.27
308.90972
309.6248
310.39546
311.20741
312.05086
312.9197
313.81089
314.72393
315.66066
316.62521
317.62417
318.6672
319.76797
320.94613
322.23069
323.66657
325.32812
327.35028
330.01069
334.02378
341.59196
307.2285
307.43238
307.83079
308.36652
309.00391
309.71643
310.48438
311.29356
312.13423
313.00034
313.88884
314.79925
315.73342
316.69545
317.69192
318.73244
319.83067
321.00618
322.28792
323.7207
325.37871
327.39655
330.05126
334.05568
341.60761
307.32906
307.53217
307.9291
308.46285
309.09789
309.80785
310.57311
311.37952
312.21744
313.08082
313.96664
314.87445
315.80607
316.7656
317.75959
318.79762
319.89331
321.06619
322.34511
323.7748
325.42926
327.4428
330.09183
334.08758
341.62328
307.42943
307.63178
308.02722
308.55897
309.19168
309.89907
310.66163
311.4653
312.30046
313.16113
314.04431
314.94952
315.87861
316.83565
317.82718
318.86273
319.95589
321.12614
322.40227
323.82887
325.47979
327.48903
330.13238
334.11948
341.63895
307.52961
307.73119
308.12513
308.65489
309.28526
309.99009
310.74996
311.55089
312.38332
313.24129
314.12183
315.02447
315.95104
316.90561
317.89468
318.92777
320.01842
321.18605
322.45938
323.8829
325.53029
327.53524
330.17291
334.15137
341.65464
307.62958
307.83039
308.22284
308.7506
309.37863
310.0809
310.83809
311.6363
312.466
313.3213
314.19921
315.0993
316.02337
316.97548
317.96211
318.99275
320.08089
321.24591
322.51645
323.9369
325.58077
327.58143
330.21344
334.18326
341.67035
307.72933
307.92938
308.32033
308.8461
309.47179
310.17151
310.92603
311.72152
312.54852
313.40115
314.27646
315.17401
316.0956
317.04526
318.02947
319.05766
320.14331
321.30573
322.57349
323.99087
325.63122
327.62761
330.25395
334.21515
341.68606
307.82887
308.02815
308.4176
308.94138
309.56474
310.26191
311.01377
311.80656
312.63087
313.48086
314.35358
315.2486
316.16772
317.11495
318.09675
319.12251
320.20567
321.3655
322.63049
324.04481
325.68164
327.67376
330.29445
334.24704
341.70179
307.92818
308.12669
308.51465
309.03644
309.65747
310.35211
311.10132
311.89142
312.71306
313.56041
314.43057
315.32308
316.23975
317.18456
318.16395
319.1873
320.26798
321.42523
322.68745
324.09872
325.73204
327.71989
330.33494
334.27892
341.71753
308.02726
308.225
308.61147
309.13127
309.74999
310.44209
311.18867
311.9761
312.79508
313.63982
314.50742
315.39745
316.31167
317.25409
318.23109
319.25203
320.33024
321.48491
322.74437
324.1526
325.78242
327.76601
330.37541
334.3108
341.73328
308.1261
308.32307
308.70805
309.22588
309.84228
310.53187
311.27583
312.0606
312.87694
313.71909
314.58415
315.4717
316.3835
317.32353
318.29815
319.31669
320.39245
321.54454
322.80126
324.20644
325.83277
327.8121
330.41587
334.34268
341.74905
308.22469
308.42091
308.8044
309.32026
309.93436
310.62145
311.36279
312.14492
312.95864
313.79821
314.66075
315.54584
316.45523
317.39288
318.36514
319.38129
320.45461
321.60414
322.8581
324.26026
325.88309
327.85817
330.45632
334.37455
341.76482
308.32304
308.51849
308.90051
309.4144
310.02622
310.71081
311.44956
312.22907
313.04018
313.87719
314.73723
315.61987
316.52687
317.46216
318.43206
319.44584
320.51671
321.66369
322.91492
324.31404
325.93339
327.90422
330.49675
334.40642
341.78061
308.42113
308.61583
308.99638
309.50832
310.11785
310.79996
311.53614
312.31304
313.12156
313.95602
314.81358
315.6938
316.59842
317.53135
318.49891
319.51032
320.57876
321.72319
322.97169
324.36779
325.98366
327.95026
330.53717
334.43829
341.79641
308.51897
308.71292
309.092
309.60199
310.20926
310.88891
311.62252
312.39683
313.20278
314.03472
314.88981
315.76762
316.66987
317.60047
318.5657
319.57475
320.64076
321.78266
323.02843
324.42151
326.0339
327.99627
330.57758
334.47015
341.81222
308.61655
308.80974
309.18737
309.69543
310.30044
310.97765
311.70871
312.48045
313.28385
314.11328
314.96592
315.84133
316.74123
317.6695
318.63241
319.63911
320.70272
321.84208
323.08513
324.4752
326.08412
328.04226
330.61796
334.502
341.82804
308.71386
308.90631
309.2825
309.78863
310.3914
311.06617
311.79471
312.56389
313.36476
314.1917
315.0419
315.91493
316.8125
317.73846
318.69906
319.70342
320.76462
321.90145
323.14179
324.52885
326.13431
328.08823
330.65834
334.53385
341.84387
308.81091
309.00262
309.37736
309.88159
310.48213
311.15449
311.88051
312.64716
313.44551
314.26998
315.11777
315.98843
316.88367
317.80734
318.76563
319.76767
320.82647
321.96078
323.19841
324.58248
326.18447
328.13417
330.6987
334.56569
341.8597
308.90769
309.09867
309.47198
309.9743
310.57263
311.24259
311.96613
312.73026
313.52611
314.34813
315.19351
316.06183
316.95476
317.87613
318.83214
319.83186
320.88826
322.02007
323.25499
324.63606
326.2346
328.18009
330.73904
334.59753
341.87555
309.0042
309.19445
309.56634
310.06677
310.66291
311.33048
312.05155
312.81319
313.60656
314.42614
315.26914
316.13512
317.02575
317.94485
318.89858
319.89599
320.95001
322.07931
323.31154
324.68962
326.28471
328.22599
330.77936
334.62936
341.89141
309.10044
309.28996
309.66044
310.159
310.75296
311.41817
312.13678
312.89594
313.68685
314.50401
315.34465
316.2083
317.09665
318.01349
318.96496
319.96006
321.0117
322.13851
323.36805
324.74314
326.33478
328.27186
330.81967
334.66118
341.90727
309.19641
309.3852
309.75428
310.25098
310.84277
311.50564
312.22182
312.97852
313.76699
314.58175
315.42003
316.28139
317.16747
318.08206
319.03126
320.02407
321.07335
322.19766
323.42451
324.79662
326.38483
328.31771
330.85995
334.69299
341.92314
309.2921
309.48018
309.84786
310.34272
310.93237
311.59291
312.30667
313.06093
313.84697
314.65935
315.4953
316.35436
317.23819
318.15054
319.09749
320.08802
321.13494
322.25676
323.48093
324.85007
326.43484
328.36353
330.90022
334.72479
341.93901
309.38751
309.57488
309.94118
310.43421
311.02173
311.67996
312.39132
313.14316
313.92681
314.73682
315.57045
316.42724
317.30882
318.21894
319.16366
320.15191
321.19647
322.31582
323.53732
324.90349
326.48482
328.40933
330.94047
334.75658
341.9549
309.48265
309.66931
310.03424
310.52545
311.11086
311.7668
312.47579
313.22523
314.00649
314.81416
315.64549
316.50001
317.37937
318.28727
319.22976
320.21573
321.25795
322.37483
323.59366
324.95686
326.53477
328.4551
330.98069
334.78835
341.97078
309.5775
309.76347
310.12704
310.61645
311.19976
311.85344
312.56007
313.30713
314.08602
314.89136
315.7204
316.57268
317.44982
318.35551
319.29578
320.2795
321.31938
322.43379
323.64995
325.0102
326.58469
328.50084
331.0209
334.82012
341.98668
309.67208
309.85735
310.21958
310.7072
311.28844
311.93986
312.64416
313.38886
314.1654
314.96843
315.7952
316.64525
317.52018
318.42368
319.36174
320.3432
321.38075
322.4927
323.70621
325.06349
326.63457
328.54654
331.06108
334.85187
342.00257
309.76638
309.95096
310.31185
310.79771
311.37688
312.02607
312.72805
313.47041
314.24463
315.04537
315.86988
316.71771
317.59045
318.49176
319.42763
320.40685
321.44207
322.55156
323.76241
325.11675
326.68441
328.59222
331.10123
334.88361
342.01847
309.8604
310.0443
310.40386
310.88796
311.4651
312.11208
312.81176
313.5518
314.32371
315.12217
315.94445
316.79007
317.66063
318.55977
319.49344
320.47042
321.50333
322.61037
323.81857
325.16996
326.73422
328.63787
331.14136
334.91534
342.03438
309.95414
310.13736
310.49562
310.97797
311.55309
312.19788
312.89529
313.63302
314.40264
315.19884
316.01889
316.86233
317.73072
318.62769
319.55918
320.53394
321.56453
322.66912
323.87469
325.22314
326.78399
328.68348
331.18147
334.94705
342.05028
310.0476
310.23015
310.5871
311.06774
311.64085
312.28347
312.97862
313.71407
314.48142
315.27537
316.09322
316.93448
317.80071
318.69553
319.62485
320.59738
321.62567
322.72783
323.93076
325.27627
326.83372
328.72906
331.22155
334.97874
342.06619
310.14078
310.32267
310.67833
311.15726
311.72838
312.36885
313.06176
313.79495
314.56005
315.35178
316.16743
317.00653
317.87062
318.76329
319.69045
320.66076
321.68675
322.78648
323.98677
325.32935
326.88341
328.77461
331.26159
335.01041
342.0821
310.23368
310.41491
310.7693
311.24653
311.81569
312.45402
313.14472
313.87567
314.63853
315.42805
316.24152
317.07847
317.94043
318.83097
319.75597
320.72408
321.74777
322.84507
324.04274
325.38239
326.93306
328.82012
331.30162
335.04207
342.09801
310.3263
310.50688
310.86
311.33556
311.90277
312.53899
313.22749
313.95622
314.71686
315.50418
316.3155
317.15031
318.01014
318.89856
319.82141
320.78733
321.80873
322.90361
324.09865
325.43538
326.98267
328.86559
331.34161
335.07371
342.11391
310.41865
310.59858
310.95045
311.42435
311.98962
312.62375
313.31008
314.0366
314.79504
315.58019
316.38936
317.22204
318.07976
318.96607
319.88678
320.8505
321.86963
322.96209
324.15452
325.48833
327.03223
328.91103
331.38157
335.10532
342.12982
310.51072
310.69001
311.04063
311.51289
312.07625
312.70831
313.39248
314.11681
314.87307
315.65606
316.46309
317.29367
318.14929
319.0335
319.95208
320.91361
321.93047
323.02051
324.21033
325.54122
327.08175
328.95642
331.42149
335.13692
342.14573
310.60251
310.78117
311.13056
311.60119
312.16266
312.79266
313.47469
314.19686
314.95095
315.7318
316.53671
317.36519
318.21873
319.10084
320.01729
320.97665
321.99124
323.07888
324.26608
325.59407
327.13123
329.00178
331.46139
335.16849
342.16163
310.69402
310.87205
311.22023
311.68924
312.24884
312.87681
313.55672
314.27674
315.02869
315.8074
316.61021
317.43661
318.28806
319.16809
320.08243
321.03962
322.05194
323.13718
324.32178
325.64686
327.18066
329.04709
331.50125
335.20004
342.17753
310.78526
310.96267
311.30964
311.77706
312.3348
312.96075
313.63856
314.35645
315.10627
315.88287
316.68359
317.50791
318.3573
319.23525
320.14749
321.10251
322.11258
323.19542
324.37742
325.6996
327.23004
329.09237
331.54107
335.23157
342.19343
310.87623
311.05302
311.3988
311.86463
312.42053
313.04449
313.72022
314.436
315.18371
315.95821
316.75686
317.57911
318.42645
319.30233
320.21247
321.16533
322.17315
323.2536
324.43301
325.75229
327.27937
329.13759
331.58086
335.26307
342.20932
310.96693
311.14311
311.4877
311.95197
312.50605
313.12803
313.8017
314.51538
315.26099
316.03342
316.83
317.65021
318.4955
319.36932
320.27736
321.22808
322.23365
323.31172
324.48853
325.80492
327.32865
329.18278
331.62061
335.29455
342.22521
311.05735
311.23293
311.57635
312.03907
312.59134
313.21136
313.88299
314.5946
315.33813
316.10849
316.90302
317.72119
318.56444
319.43622
320.34218
321.29075
322.29408
323.36977
324.544
325.8575
327.37788
329.22791
331.66032
335.32599
342.24109
311.14751
311.32249
311.66475
312.12593
312.67642
313.2945
313.96411
314.67365
315.41512
316.18343
316.97592
317.79207
318.63329
319.50303
320.40691
321.35334
322.35444
323.42775
324.5994
325.91002
327.42706
329.273
331.69999
335.35741
342.25696
311.23739
311.41178
311.7529
312.21255
312.76128
313.37743
314.04503
314.75254
315.49196
316.25823
317.0487
317.86283
318.70204
319.56974
320.47156
321.41586
322.41472
323.48567
324.65474
325.96248
327.47618
329.31805
331.73962
335.38881
342.27283
311.32701
311.50081
311.84079
312.29894
312.84591
313.46016
314.12578
314.83126
315.56866
316.3329
317.12136
317.93349
318.77069
319.63637
320.53612
321.4783
322.47494
323.54351
324.71002
326.01488
327.52525
329.36304
331.77921
335.42017
342.28869
311.41636
311.58958
311.92844
312.3851
312.93034
313.5427
314.20635
314.90982
315.6452
316.40744
317.1939
318.00403
318.83924
319.7029
320.6006
321.54065
322.53508
323.60129
324.76523
326.06722
327.57426
329.40798
331.81876
335.4515
342.30454
311.50545
311.6781
312.01584
312.47102
313.01454
313.62504
314.28673
314.98822
315.7216
316.48184
317.26631
318.07447
318.90769
319.76934
320.66499
321.60293
322.59514
323.659
324.82037
326.1195
327.62322
329.45287
331.85826
335.4828
342.32039
311.59427
311.76635
312.10299
312.55672
313.09853
313.70718
314.36694
315.06645
315.79785
316.55611
317.33861
318.14479
318.97603
319.83568
320.72929
321.66512
322.65513
323.71664
324.87545
326.17172
327.67211
329.49771
331.89772
335.51407
342.33622
311.68284
311.85435
312.1899
312.64218
313.18231
313.78912
314.44696
315.14452
315.87395
316.63024
317.41078
318.215
319.04427
319.90193
320.79351
321.72724
322.71504
323.7742
324.93046
326.22387
327.72095
329.5425
331.93713
335.5453
342.35205
311.77114
311.9421
312.27656
312.72741
313.26587
313.87087
314.52681
315.22243
315.9499
316.70424
317.48283
318.2851
319.11241
319.96809
320.85763
321.78926
322.77487
323.83169
324.9854
326.27596
327.76973
329.58723
331.9765
335.57651
342.36786
311.85919
312.02959
312.36299
312.81242
313.34923
313.95242
314.60648
315.30017
316.0257
316.7781
317.55475
318.35508
319.18044
320.03414
320.92167
321.85121
322.83462
323.8891
325.04026
326.32798
327.81845
329.6319
332.01582
335.60767
342.38367
311.94698
312.11683
312.44917
312.89719
313.43237
314.03378
314.68597
315.37775
316.10136
316.85183
317.62655
318.42495
319.24837
320.1001
320.98561
321.91307
322.89429
323.94644
325.09506
326.37993
327.8671
329.67652
332.05509
335.6388
342.39946
312.03451
312.20383
312.53511
312.98175
313.5153
314.11494
314.76528
315.45517
316.17687
316.92542
317.69823
318.4947
319.31619
320.16596
321.04946
321.97484
322.95388
324.0037
325.14978
326.43182
327.91569
329.72108
332.09431
335.6699
342.41524
312.12179
312.29057
312.62082
313.06607
313.59802
314.19591
314.84442
315.53243
316.25223
316.99888
317.76978
318.56435
319.38391
320.23172
321.11322
322.03652
323.01338
324.06088
325.20443
326.48363
327.96422
329.76559
332.13348
335.70095
342.431
312.20882
312.37707
312.70629
313.15018
313.68054
314.2767
314.92338
315.60952
316.32744
317.0722
317.84121
318.63387
319.45151
320.29738
321.17688
322.09811
323.07281
324.11798
325.25901
326.53538
328.01268
329.81003
332.1726
335.73197
342.44676
312.2956
312.46332
312.79152
313.23406
313.76284
314.35728
315.00216
315.68646
316.4025
317.14539
317.91251
318.70328
319.51901
320.36294
321.24045
322.15962
323.13214
324.175
325.3135
326.58705
328.06107
329.85441
332.21167
335.76295
342.46249
312.38213
312.54934
312.87652
313.31773
313.84495
314.43768
315.08077
315.76323
316.47742
317.21844
317.98368
318.77257
319.5864
320.42839
321.30392
322.22103
323.19139
324.23194
325.36793
326.63865
328.1094
329.89873
332.25068
335.79389
342.47822
312.46842
312.6351
312.96129
313.40117
313.92685
314.51789
315.15921
315.83985
316.55219
317.29135
318.05473
318.84175
319.65368
320.49375
321.36729
322.28235
323.25056
324.2888
325.42227
326.69018
328.15765
329.94299
332.28964
335.82479
342.49393
312.55446
312.72063
313.04583
313.4844
314.00854
314.59791
315.23747
315.9163
316.62681
317.36413
318.12566
318.9108
319.72085
320.559
321.43057
322.34358
323.30963
324.34557
325.47653
326.74163
328.20584
329.98719
332.32855
335.85565
342.50962
312.64025
312.80592
313.13014
313.56741
314.09003
314.67775
315.31556
315.99259
316.70128
317.43677
318.19645
318.97974
319.78791
320.62414
321.49375
322.40472
323.36862
324.40226
325.53071
326.79301
328.25396
330.03132
332.3674
335.88647
342.5253
312.72581
312.89098
313.21423
313.65021
314.17132
314.75739
315.39347
316.06872
316.77561
317.50927
318.26712
319.04857
319.85486
320.68918
321.55683
322.46576
323.42752
324.45887
325.58482
326.84431
328.302
330.07538
332.40619
335.91725
342.54096
312.81112
312.9758
313.29808
313.73279
314.25241
314.83685
315.47121
316.1447
316.84979
317.58164
318.33766
319.11727
319.9217
320.75412
321.61981
322.52671
323.48632
324.51538
325.63884
326.89553
328.34998
330.11938
332.44493
335.94798
342.55661
312.8962
313.06039
313.38172
313.81516
314.33331
314.91612
315.54878
316.22051
316.92382
317.65387
318.40808
319.18585
319.98842
320.81895
321.68269
322.58756
323.54504
324.57182
325.69277
326.94667
328.39788
330.16332
332.48361
335.97867
342.57224
312.98104
313.14474
313.46513
313.89731
314.414
314.99521
315.62618
316.29617
316.9977
317.72596
318.47836
319.25431
320.05503
320.88367
321.74546
322.64831
323.60366
324.62816
325.74663
326.99774
328.44571
330.20718
332.52223
336.00931
342.58785
313.06565
313.22886
313.54832
313.97926
314.49449
315.07412
315.7034
316.37166
317.07143
317.79791
318.54852
319.32265
320.12153
320.94828
321.80814
322.70897
323.66219
324.68441
325.8004
327.04872
328.49346
330.25098
332.56079
336.03991
342.60344
313.15002
313.31276
313.63129
314.061
314.57479
315.15284
315.78046
316.447
317.14502
317.86973
318.61855
319.39087
320.18791
321.01279
321.87071
322.76952
323.72062
324.74058
325.85408
327.09963
328.54114
330.29471
332.59929
336.07047
342.61902
313.23417
313.39643
313.71404
314.14253
314.6549
315.23138
315.85735
316.52218
317.21846
317.94141
318.68845
319.45897
320.25418
321.07718
321.93318
322.82998
323.77897
324.79665
325.90768
327.15045
328.58874
330.33837
332.63774
336.10098
342.63457
313.31808
313.47987
313.79657
314.22386
314.73481
315.30973
315.93406
316.5972
317.29175
318.01295
318.75822
319.52695
320.32033
321.14147
321.99554
322.89034
323.83721
324.85263
325.96119
327.20119
328.63626
330.38196
332.67612
336.13144
342.65011
313.40177
313.56309
313.87889
314.30498
314.81453
315.38791
316.01061
316.67206
317.3649
318.08435
318.82786
319.5948
320.38637
321.20564
322.05779
322.9506
323.89536
324.90852
326.01461
327.25185
328.68371
330.42548
332.71444
336.16185
342.66563
313.48522
313.64609
313.961
314.38589
314.89405
315.46591
316.08699
316.74677
317.4379
318.15562
318.89737
319.66253
320.45229
321.26971
322.11995
323.01075
323.95341
324.96432
326.06795
327.30242
328.73108
330.46893
332.75269
336.19222
342.68112
313.56846
313.72887
314.04289
314.46661
314.97338
315.54372
316.1632
316.82132
317.51075
318.22675
318.96675
319.73014
320.51809
321.33366
322.18199
323.07081
324.01136
325.02002
326.12119
327.35291
328.77836
330.51231
332.79089
336.22254
342.6966
313.65147
313.81143
314.12457
314.54712
315.05253
315.62136
316.23924
316.89571
317.58346
318.29774
319.036
319.79762
320.58378
321.3975
322.24393
323.13076
324.06922
325.07563
326.17435
327.40332
328.82557
330.55561
332.82902
336.25281
342.71205
313.73426
313.89377
314.20604
314.62743
315.13148
315.69882
316.31512
316.96995
317.65601
318.36859
319.10512
319.86498
320.64935
321.46123
322.30576
323.19061
324.12697
325.13114
326.22741
327.45364
328.8727
330.59884
332.86708
336.28303
342.72749
313.81683
313.9759
314.2873
314.70755
315.21025
315.7761
316.39083
317.04403
317.72842
318.4393
319.17411
319.93222
320.71479
321.52485
322.36748
323.25035
324.18463
325.18656
326.28039
327.50387
328.91975
330.64199
332.90509
336.31321
342.7429
313.89919
314.05781
314.36835
314.78746
315.28882
315.85321
316.46638
317.11796
317.80069
318.50987
319.24297
319.99933
320.78012
321.58835
322.42909
323.30999
324.24219
325.24189
326.33327
327.55401
328.96672
330.68508
332.94302
336.34333
342.7583
313.98132
314.13951
314.4492
314.86718
315.36722
315.93014
316.54176
317.19172
317.87281
318.58031
319.31169
320.06632
320.84533
321.65174
322.49059
323.36952
324.29964
325.29711
326.38606
327.60407
329.0136
330.72808
332.98089
336.3734
342.77367
314.06324
314.22099
314.52985
314.9467
315.44542
316.0069
316.61697
317.26534
317.94478
318.65061
319.38029
320.13318
320.91043
321.71501
322.55198
323.42895
324.35699
325.35224
326.43875
327.65404
329.06041
330.77101
333.0187
336.40342
342.78901
314.14495
314.30227
314.61029
315.02603
315.52344
316.08348
316.69202
317.33879
318.0166
318.72076
319.44875
320.19991
320.9754
321.77817
322.61326
323.48827
324.41424
325.40727
326.49135
327.70392
329.10712
330.81387
333.05644
336.43339
342.80434
314.22645
314.38334
314.69053
315.10517
315.60128
316.15988
316.76691
317.4121
318.08828
318.79078
319.51708
320.26652
321.04025
321.84121
322.67443
323.54749
324.47139
325.4622
326.54386
327.75371
329.15376
330.85664
333.09411
336.46331
342.81964
314.30773
314.4642
314.77057
315.18411
315.67894
316.23612
316.84163
317.48525
318.15981
318.86066
319.58528
320.33301
321.10497
321.90413
322.73549
323.60659
324.52844
325.51703
326.59628
327.80341
329.20031
330.89934
333.13172
336.49318
342.83492
314.38881
314.54486
314.85041
315.26286
315.75641
316.31218
316.91619
317.55824
318.23119
318.9304
319.65334
320.39936
321.16958
321.96694
322.79644
323.66559
324.58538
325.57176
326.64859
327.85303
329.24678
330.94197
333.16925
336.52299
342.85018
314.46968
314.62531
314.93005
315.34142
315.8337
316.38807
316.99058
317.63108
318.30243
319.00001
319.72128
320.46559
321.23407
322.02963
322.85727
323.72448
324.64221
325.6264
326.70082
327.90255
329.29316
330.98451
333.20672
336.55275
342.86541
314.55034
314.70556
315.00949
315.4198
315.91081
316.46379
317.06482
317.70377
318.37353
319.06947
319.78908
320.53169
321.29843
322.09221
322.91799
323.78326
324.69894
325.68093
326.75294
327.95197
329.33946
331.02698
333.24413
336.58246
342.88062
314.6308
314.7856
315.08874
315.49798
315.98775
316.53934
317.13889
317.7763
318.44447
319.13879
319.85674
320.59767
321.36267
322.15467
322.9786
323.84194
324.75557
325.73536
326.80497
328.00131
329.38567
331.06937
333.28146
336.61212
342.8958
314.71105
314.86545
315.16779
315.57598
316.0645
316.61471
317.2128
317.84868
318.51528
319.20798
319.92428
320.66352
321.42679
322.217
323.03909
323.9005
324.81209
325.78969
326.85691
328.05056
329.43179
331.11168
333.31872
336.64172
342.91097
314.7911
314.9451
315.24665
315.65379
316.14108
316.68992
317.28655
317.92091
318.58593
319.27702
319.99168
320.72924
321.49079
322.27922
323.09947
323.95895
324.86851
325.84391
326.90874
328.09971
329.47783
331.15391
333.35591
336.67127
342.9261
314.87095
315.02455
315.32532
315.73142
316.21747
316.76496
317.36014
317.99298
318.65644
319.34593
320.05895
320.79483
321.55466
322.34133
323.15973
324.01729
324.92481
325.89804
326.96048
328.14877
329.52378
331.19606
333.39304
336.70076
342.94122
314.9506
315.1038
315.4038
315.80886
316.2937
316.83984
317.43357
318.0649
318.72681
319.4147
320.12608
320.86029
321.61841
322.40331
323.21988
324.07552
324.98101
325.95206
327.01212
328.19774
329.56964
331.23813
333.43009
336.7302
342.9563
315.03006
315.18286
315.48209
315.88612
316.36974
316.91454
317.50684
318.13667
318.79702
319.48333
320.19308
320.92563
321.68204
322.46517
323.27991
324.13364
325.03711
326.00598
327.06366
328.24661
329.61542
331.28012
333.46708
336.75958
342.97137
315.10931
315.26172
315.56018
315.96319
316.44562
316.98908
317.57995
318.20829
318.8671
319.55182
320.25995
320.99083
321.74554
322.52691
323.33983
324.19165
325.09309
326.0598
327.1151
328.29539
329.66111
331.32203
333.50399
336.78891
342.9864
315.18837
315.34039
315.63809
316.04009
316.52132
317.06345
317.6529
318.27976
318.93703
319.62017
320.32669
321.05591
321.80891
322.58854
323.39964
324.24955
325.14897
326.11351
327.16644
328.34407
329.70671
331.36386
333.54083
336.81819
343.00142
315.26724
315.41887
315.71582
316.11681
316.59684
317.13766
317.7257
318.35107
319.00681
319.68838
320.39329
321.12086
321.87217
322.65004
323.45932
324.30733
325.20474
326.16712
327.21768
328.39266
329.75222
331.4056
333.5776
336.84741
343.0164
315.34591
315.49716
315.79336
316.19334
316.6722
317.2117
317.79834
318.42223
319.07645
319.75645
320.45975
321.18568
321.9353
322.71142
323.51889
324.365
325.2604
326.22062
327.26883
328.44116
329.79764
331.44727
333.6143
336.87657
343.03136
315.4244
315.57525
315.87071
316.2697
316.74738
317.28558
317.87081
318.49325
319.14595
319.82439
320.52608
321.25037
321.9983
322.77269
323.57835
324.42256
325.31596
326.27402
327.31987
328.48956
329.84297
331.48886
333.65093
336.90568
343.0463
315.50269
315.65316
315.94788
316.34588
316.82239
317.35929
317.94314
318.56411
319.2153
319.89218
320.59228
321.31493
322.06118
322.83383
323.63768
324.48001
325.3714
326.32731
327.37081
328.53787
329.88821
331.53036
333.68749
336.93474
343.06121
315.58079
315.73088
316.02486
316.42188
316.89723
317.43284
318.0153
318.63482
319.2845
319.95984
320.65835
321.37937
322.12393
322.89485
323.6969
324.53734
325.42673
326.3805
327.42165
328.58608
329.93337
331.57178
333.72397
336.96373
343.07609
315.6587
315.80843
316.10167
316.49771
316.97191
317.50623
318.08731
318.70539
319.35357
320.02736
320.72428
321.44367
322.18657
322.95575
323.75601
324.59456
325.48196
326.43359
327.4724
328.63419
329.97844
331.61312
333.76039
336.99268
343.09095
315.7364
315.88575
316.17827
316.57334
317.04638
317.57943
318.15914
318.77578
319.42246
320.09471
320.79006
321.50783
322.24905
323.01651
323.81497
324.65165
325.53706
326.48655
327.52302
328.68219
330.02339
331.65436
333.79672
337.02155
343.10578
315.81405
315.96303
316.25483
316.64893
317.12082
317.6526
318.23095
318.84614
319.49134
320.16206
320.85582
321.57197
322.31153
323.07726
323.87394
324.70873
325.59216
326.53951
327.57365
328.7302
330.06836
331.69561
333.83305
337.05043
343.12061
315.89092
316.03952
316.33061
316.72375
317.19451
317.72502
318.30202
318.91579
319.55951
320.2287
320.9209
321.63544
322.37334
323.13736
323.93226
324.76519
325.64664
326.59188
327.6237
328.77766
330.1128
331.73637
333.86896
337.07897
343.13526
315.9703
316.11853
316.40889
316.80106
317.27067
317.7999
318.37551
318.98784
319.63005
320.29769
320.98829
321.70119
322.43739
323.19967
323.99274
324.82377
325.70319
326.64625
327.67568
328.82696
330.159
331.77876
333.90631
337.10868
343.15054
316.03726
316.18517
316.47488
316.86619
317.33479
317.86289
318.4373
319.04835
319.68924
320.35551
321.04472
321.75618
322.49091
323.25167
324.04316
324.87254
325.75022
326.69141
327.71881
328.86782
330.19722
331.81378
333.93711
337.1331
343.16301
316.15949
316.30684
316.59546
316.98532
317.4522
317.97837
318.55071
319.15958
319.7982
320.46213
321.14892
321.85789
322.59005
323.34815
324.13686
324.96332
325.83791
326.77576
327.7995
328.94439
330.269
331.8797
333.99527
337.17948
343.18713
)
;

boundaryField
{
    inlet
    {
        type            fixedValue;
        value           uniform 300;
    }
    outlet
    {
        type            inletOutlet;
        inletValue      uniform 300;
        value           nonuniform List<scalar> 
25
(
316.15949
316.30684
316.59546
316.98532
317.4522
317.97837
318.55071
319.15958
319.7982
320.46213
321.14892
321.85789
322.59005
323.34815
324.13686
324.96332
325.83791
326.77576
327.7995
328.94439
330.269
331.8797
333.99527
337.17948
343.18713
)
;
    }
    wall
    {
        type            fixedValue;
        value           uniform 350;
    }
    front
    {
        type            wedge;
    }
    back
    {
        type            wedge;
    }
    axis
    {
        type            empty;
    }
}


// ************************************************************************* //
