/*--------------------------------*- C++ -*----------------------------------*\
| =========                 |                                                 |
| \\      /  F ield         | OpenFOAM: The Open Source CFD Toolbox           |
|  \\    /   O peration     | Version:  v2012                                 |
|   \\  /    A nd           | Website:  www.openfoam.com                      |
|    \\/     M anipulation  |                                                 |
\*---------------------------------------------------------------------------*/
FoamFile
{
    version     2.0;
    format      ascii;
    class       volScalarField;
    location    "0";
    object      thickness;
}
// * * * * * * * * * * * * * * * * * * * * * * * * * * * * * * * * * * * * * //

dimensions      [0 0 0 0 0 0 0];


internalField   uniform 0;

boundaryField
{
    Inlet
    {
        type            fixedValue;
        value           uniform 0;
    }
    Outlet
    {
        type            fixedValue;
        value           uniform 0;
    }
    PipeHandle
    {
        type            fixedValue;
        value           uniform 0;
    }
    Walls
    {
        type            fixedValue;
        value           nonuniform List<scalar> 
19555
(
0
0
0
0
0
0
0
0
0
0
0
0
0
0
0
0
0
0
0
0
0
0
0
0
0
0
0
0
0
0
0
0
0
0
0
0
0
0
0
0
0
0
0
0
0
0
0
0
0
0
0
0
0
0
0
0
0
0
0
0
0
0
0
0
0
0
0
0
0
0
0
0
0
0
0
0
0
0
0
0
0
0
0
0
0
0
0
0
0
0
0
0
0
0
0
0
0
0
0
0
0
0
0
0
0
0
0
0
0
0
0
0
0
0
0
0
0
0
0
0
0
0
0
0
0
0
0
0
0
0
0
0
0
0
0
0
0
0
0
0
0
0
0
0
0
0
0
0
0
0
0
0
0
0
0
0
0
0
0
0
0
0
0
0
0
0
0
0
0
0
0
0
0
0
0
0
0
0
0
0
0
0
0
0
0
0
0
0
0
0
0
0
0
0
0
0
0
0
0
0
0
0
0
0
0
0
0
0
0
0
0
0
0
0
0
0
0
0
0
0
0
0
0
0
0
0
0
0
0
0
0
0
0
0
0
0
0
0
0
0
0
0
0
0
0
0
0
0
0
0
0
0
0
0
0
0
0
0
0
0
0
0
0
0
0
0
0
0
0
0
0
0
0
0
0
0
0
0
0
0
0
0
0
0
0
0
0
0
0
0
0
0
0
0
0
0
0
0
0
0
0
0
0
0
0
0
0
0
0
0
0
0
0
0
0
0
0
0
0
0
0
0
0
0
0
0
0
0
0
0
0
0
0
0
0
0
0
0
0
0
0
0
0
0
0
0
0
0
0
0
0
0
0
0
0
0
0
0
0
0
0
0
0
0
0
0
0
0
0
0
0
0
0
0
0
0
0
0
0
0
0
0
0
0
0
0
0
0
0
0
0
0
0
0
0
0
0
0
0
0
0
0
0
0
0
0
0
0
0
0
0
0
0
0
0
0
0
0
0
0
0
0
0
0
0
0
0
0
0
0
0
0
0
0
0
0
0
0
0
0
0
0
0
0
0
0
0
0
0
0
0
0
0
0
0
0
0
0
0
0
0
0
0
0
0
0
0
0
0
0
0
0
0
0
0
0
0
0
0
0
0
0
0
0
0
0
0
0
0
0
0
0
0
0
0
0
0
0
0
0
0
0
0
0
0
0
0
0
0
0
0
0
0
0
0
0
0
0
0
0
0
0
0
0
0
0
0
0
0
0
0
0
0
0
0
0
0
0
0
0
0
0
0
0
0
0
0
0
0
0
0
0
0
0
0
0
0
0
0
0
0
0
0
0
0
0
0
0
0
0
0
0
0
0
0
0
0
0
0
0
0
0
0
0
0
0
0
0
0
0
0
0
0
0
0
0
0
0
0
0
0
0
0
0
0
0
0
0
0
0
0
0
0
0
0
0
0
0
0
0
0
0
0
0
0
0
0
0
0
0
0
0
0
0
0
0
0
0
0
0
0
0
0
0
0
0
0
0
0
0
0
0
0
0
0
0
0
0
0
0
0
0
0
0
0
0
0
0
0
0
0
0
0
0
0
0
0
0
0
0
0
0
0
0
0
0
0
0
0
0
0
0
0
0
0
0
0
0
0
0
0
0
0
0
0
0
0
0
0
0
0
0
0
0
0
0
0
0
0
0
0
0
0
0
0
0
0
0
0
0
0
0
0
0
0
0
0
0
0
0
0
0
0
0
0
0
0
0
0
0
0
0
0
0
0
0
0
0
0
0
0
0
0
0
0
0
0
0
0
0
0
0
0
0
0
0
0
0
0
0
0
0
0
0
0
0
0
0
0
0
0
0
0
0
0
0
0
0
0
0
0
0
0
0
0
0
0
0
0
0
0
0
0
0
0
0
0
0
0
0
0
0
0
0
0
0
0
0
0
0
0
0
0
0
0
0
0
0
0
0
0
0
0
0
0
0
0
0
0
0
0
0
0
0
0
0
0
0
0
0
0
0
0
0
0
0
0
0
0
0
0
0
0
0
0
0
0
0
0
0
0
0
0
0
0
0
0
0
0
0
0
0
0
0
0
0
0
0
0
0
0
0
0
0
0
0
0
0
0
0
0
0
0
0
0
0
0
0
0
0
0
0
0
0
0
0
0
0
0
0
0
0
0
0
0
0
0
0
0
0
0
0
0
0
0
0
0
0
0
0
0
0
0
0
0
0
0
0
0
0
0
0
0
0
0
0
0
0
0
0
0
0
0
0
0
0
0
0
0
0
0
0
0
0
0
0
0
0
0
0
0
0
0
0
0
0
0
0
0
0
0
0
0
0
0
0
0
0
0
0
0
0
0
0
0
0
0
0
0
0
0
0
0
0
0
0
0
0
0
0
0
0
0
0
0
0
0
0
0
0
0
0
0
0
0
0
0
0
0
0
0
0
0
0
0
0
0
0
0
0
0
0
0
0
0
0
0
0
0
0
0
0
0
0
0
0
0
0
0
0
0
0
0
0
0
0
0
0
0
0
0
0
0
0
0
0
0
0
0
0
0
0
0
0
0
0
0
0
0
0
0
0
0
0
0
0
0
0
0
0
0
0
0
0
0
0
0
0
0
0
0
0
0
0
0
0
0
0
0
0
0
0
0
0
0
0
0
0
0
0
0
0
0
0
0
0
0
0
0
0
0
0
0
0
0
0
0
0
0
0
0
0
0
0
0
0
0
0
0
0
0
0
0
0
0
0
0
0
0
0
0
0
0
0
0
0
0
0
0
0
0
0
0
0
0
0
0
0
0
0
0
0
0
0
0
0
0
0
0
0
0
0
0
0
0
0
0
0
0
0
0
0
0
0
0
0
0
0
0
0
0
0
0
0
0
0
0
0
0
0
0
0
0
0
0
0
0
0
0
0
0
0
0
0
0
0
0
0
0
0
0
0
0
0
0
0
0
0
0
0
0
0
0
0
0
0
0
0
0
0
0
0
0
0
0
0
0
0
0
0
0
0
0
0
0
0
0
0
0
0
0
0
0
0
0
0
0
0
0
0
0
0
0
0
0
0
0
0
0
0
0
0
0
0
0
0
0
0
0
0
0
0
0
0
0
0
0
0
0
0
0
0
0
0
0
0
0
0
0
0
0
0
0
0
0
0
0
0
0
0
0
0
0
0
0
0
0
0
0
0
0
0
0
0
0
0
0
0
0
0
0
0
0
0
0
0
0
0
0
0
0
0
0
0
0
0
0
0
0
0
0
0
0
0
0
0
0
0
0
0
0
0
0
0
0
0
0
0
0
0
0
0
0
0
0
0
0
0
0
0
0
0
0
0
0
0
0
0
0
0
0
0
0
0
0
0
0
0
0
0
0
0
0
0
0
0
0
0
0
0
0
0
0
0
0
0
0
0
0
0
0
0
0
0
0
0
0
0
0
0
0
0
0
0
0
0
0
0
0
0
0
0
0
0
0
0
0
0
0
0
0
0
0
0
0
0
0
0
0
0
0
0
0
0
0
0
0
0
0
0
0
0
0
0
0
0
0
0
0
0
0
0
0
0
0
0
0
0
0
0
0
0
0
0
0
0
0
0
0
0
0
0
0
0
0
0
0
0
0
0
0
0
0
0
0
0
0
0
0
0
0
0
0
0
0
0
0
0
0
0
0
0
0
0
0
0
0
0
0
0
0
0
0
0
0
0
0
0
0
0
0
0
0
0
0
0
0
0
0
0
0
0
0
0
0
0
0
0
0
0
0
0
0
0
0
0
0
0
0
0
0
0
0
0
0
0
0
0
0
0
0
0
0
0
0
0
0
0
0
0
0
0
0
0
0
0
0
0
0
0
0
0
0
0
0
0
0
0
0
0
0
0
0
0
0
0
0
0
0
0
0
0
0
0
0
0
0
0
0
0
0
0
0
0
0
0
0
0
0
0
0
0
0
0
0
0
0
0
0
0
0
0
0
0
0
0
0
0
0
0
0
0
0
0
0
0
0
0
0
0
0
0
0
0
0
0
0
0
0
0
0
0
0
0
0
0
0
0
0
0
0
0
0
0
0
0
0
0
0
0
0
0
0
0
0
0
0
0
0
0
0
0
0
0
0
0
0
0
0
0
0
0
0
0
0
0
0
0
0
0
0
0
0
0
0
0
0
0
0
0
0
0
0
0
0
0
0
0
0
0
0
0
0
0
0
0
0
0
0
0
0
0
0
0
0
0
0
0
0
0
0
0
0
0
0
0
0
0
0
0
0
0
0
0
0
0
0
0
0
0
0
0
0
0
0
0
0
0
0
0
0
0
0
0
0
0
0
0
0
0
0
0
0
0
0
0
0
0
0
0
0
0
0
0
0
0
0
0
0
0
0
0
0
0
0
0
0
0
0
0
0
0
0
0
0
0
0
0
0
0
0
0
0
0
0
0
0
0
0
0
0
0
0
0
0
0
0
0
0
0
0
0
0
0
0
0
0
0
0
0
0
0
0
0
0
0
0
0
0
0
0
0
0
0
0
0
0
0
0
0
0
0
0
0
0
0
0
0
0
0
0
0
0
0
0
0
0
0
0
0
0
0
0
0
0
0
0
0
0
0
0
0
0
0
0
0
0
0
0
0
0
0
0
0
0
0
0
0
0
0
0
0
0
0
0
0
0
0
0
0
0
0
0
0
0
0
0
0
0
0
0
0
0
0
0
0
0
0
0
0
0
0
0
0
0
0
0
0
0
0
0
0
0
0
0
0
0
0
0
0
0
0
0
0
0
0
0
0
0
0
0
0
0
0
0
0
0
0
0
0
0
0
0
0
0
0
0
0
0
0
0
0
0
0
0
0
0
0
0
0
0
0
0
0
0
0
0
0
0
0
0
0
0
0
0
0
0
0
0
0
0
0
0
0
0
0
0
0
0
0
0
0
0
0
0
0
0
0
0
0
0
0
0
0
0
0
0
0
0
0
0
0
0
0
0
0
0
0
0
0
0
0
0
0
0
0
0
0
0
0
0
0
0
0
0
0
0
0
0
0
0
0
0
0
0
0
0
0
0
0
0
0
0
0
0
0
0
0
0
0
0
0
0
0
0
0
0
0
0
0
0
0
0
0
0
0
0
0
0
0
0
0
0
0
0
0
0
0
0
0
0
0
0
0
0
0
0
0
0
0
0
0
0
0
0
0
0
0
0
0
0
0
0
0
0
0
0
0
0
0
0
0
0
0
0
0
0
0
0
0
0
0
0
0
0
0
0
0
0
0
0
0
0
0
0
0
0
0
0
0
0
0
0
0
0
0
0
0
0
0
0
0
0
0
0
0
0
0
0
0
0
0
0
0
0
0
0
0
0
0
0
0
0
0
0
0
0
0
0
0
0
0
0
0
0
0
0
0
0
0
0
0
0
0
0
0
0
0
0
0
0
0
0
0
0
0
0
0
0
0
0
0
0
0
0
0
0
0
0
0
0
0
0
0
0
0
0
0
0
0
0
0
0
0
0
0
0
0
0
0
0
0
0
0
0
0
0
0
0
0
0
0
0
0
0
0
0
0
0
0
0
0
0
0
0
0
0
0
0
0
0
0
0
0
0
0
0
0
0
0
0
0
0
0
0
0
0
0
0
0
0
0
0
0
0
0
0
0
0
0
0
0
0
0
0
0
0
0
0
0
0
0
0
0
0
0
0
0
0
0
0
0
0
0
0
0
0
0
0
0
0
0
0
0
0
0
0
0
0
0
0
0
0
0
0
0
0
0
0
0
0
0
0
0
0
0
0
0
0
0
0
0
0
0
0
0
0
0
0
0
0
0
0
0
0
0
0
0
0
0
0
0
0
0
0
0
0
0
0
0
0
0
0
0
0
0
0
0
0
0
0
0
0
0
0
0
0
0
0
0
0
0
0
0
0
0
0
0
0
0
0
0
0
0
0
0
0
0
0
0
0
0
0
0
0
0
0
0
0
0
0
0
0
0
0
0
0
0
0
0
0
0
0
0
0
0
0
0
0
0
0
0
0
0
0
0
0
0
0
0
0
0
0
0
0
0
0
0
0
0
0
0
0
0
0
0
0
0
0
0
0
0
0
0
0
0
0
0
0
0
0
0
0
0
0
0
0
0
0
0
0
0
0
0
0
0
0
0
0
0
0
0
0
0
0
0
0
0
0
0
0
0
0
0
0
0
0
0
0
0
0
0
0
0
0
0
0
0
0
0
0
0
0
0
0
0
0
0
0
0
0
0
0
0
0
0
0
0
0
0
0
0
0
0
0
0
0
0
0
0
0
0
0
0
0
0
0
0
0
0
0
0
0
0
0
0
0
0
0
0
0
0
0
0
0
0
0
0
0
0
0
0
0
0
0
0
0
0
0
0
0
0
0
0
0
0
0
0
0
0
0
0
0
0
0
0
0
0
0
0
0
0
0
0
0
0
0
0
0
0
0
0
0
0
0
0
0
0
0
0
0
0
0
0
0
0
0
0
0
0
0
0
0
0
0
0
0
0
0
0
0
0
0
0
0
0
0
0
0
0
0
0
0
0
0
0
0
0
0
0
0
0
0
0
0
0
0
0
0
0
0
0
0
0
0
0
0
0
0
0
0
0
0
0
0
0
0
0
0
0
0
0
0
0
0
0
0
0
0
0
0
0
0
0
0
0
0
0
0
0
0
0
0
0
0
0
0
0
0
0
0
0
0
0
0
0
0
0
0
0
0
0
0
0
0
0
0
0
0
0
0
0
0
0
0
0
0
0
0
0
0
0
0
0
0
0
0
0
0
0
0
0
0
0
0
0
0
0
0
0
0
0
0
0
0
0
0
0
0
0
0
0
0
0
0
0
0
0
0
0
0
0
0
0
0
0
0
0
0
0
0
0
0
0
0
0
0
0
0
0
0
0
0
0
0
0
0
0
0
0
0
0
0
0
0
0
0
0
0
0
0
0
0
0
0
0
0
0
0
0
0
0
0
0
0
0
0
0
0
0
0
0
0
0
0
0
0
0
0
0
0
0
0
0
0
0
0
0
0
0
0
0
0
0
0
0
0
0
0
0
0
0
0
0
0
0
0
0
0
0
0
0
0
0
0
0
0
0
0
0
0
0
0
0
0
0
0
0
0
0
0
0
0
0
0
0
0
0
0
0
0
0
0
0
0
0
0
0
0
0
0
0
0
0
0
0
0
0
0
0
0
0
0
0
0
0
0
0
0
0
0
0
0
0
0
0
0
0
0
0
0
0
0
0
0
0
0
0
0
0
0
0
0
0
0
0
0
0
0
0
0
0
0
0
0
0
0
0
0
0
0
0
0
0
0
0
0
0
0
0
0
0
0
0
0
0
0
0
0
0
0
0
0
0
0
0
0
0
0
0
0
0
0
0
0
0
0
0
0
0
0
0
0
0
0
0
0
0
0
0
0
0
0
0
0
0
0
0
0
0
0
0
0
0
0
0
0
0
0
0
0
0
0
0
0
0
0
0
0
0
0
0
0
0
0
0
0
0
0
0
0
0
0
0
0
0
0
0
0
0
0
0
0
0
0
0
0
0
0
0
0
0
0
0
0
0
0
0
0
0
0
0
0
0
0
0
0
0
0
0
0
0
0
0
0
0
0
0
0
0
0
0
0
0
0
0
0
0
0
0
0
0
0
0
0
0
0
0
0
0
0
0
0
0
0
0
0
0
0
0
0
0
0
0
0
0
0
0
0
0
0
0
0
0
0
0
0
0
0
0
0
0
0
0
0
0
0
0
0
0
0
0
0
0
0
0
0
0
0
0
0
0
0
0
0
0
0
0
0
0
0
0
0
0
0
0
0
0
0
0
0
0
0
0
0
0
0
0
0
0
0
0
0
0
0
0
0
0
0
0
0
0
0
0
0
0
0
0
0
0
0
0
0
0
0
0
0
0
0
0
0
0
0
0
0
0
0
0
0
0
0
0
0
0
0
0
0
0
0
0
0
0
0
0
0
0
0
0
0
0
0
0
0
0
0
0
0
0
0
0
0
0
0
0
0
0
0
0
0
0
0
0
0
0
0
0
0
0
0
0
0
0
0
0
0
0
0
0
0
0
0
0
0
0
0
0
0
0
0
0
0
0
0
0
0
0
0
0
0
0
0
0
0
0
0
0
0
0
0
0
0
0
0
0
0
0
0
0
0
0
0
0
0
0
0
0
0
0
0
0
0
0
0
0
0
0
0
0
0
0
0
0
0
0
0
0
0
0
0
0
0
0
0
0
0
0
0
0
0
0
0
0
0
0
0
0
0
0
0
0
0
0
0
0
0
0
0
0
0
0
0
0
0
0
0
0
0
0
0
0
0
0
0
0
0
0
0
0
0
0
0
0
0
0
0
0
0
0
0
0
0
0
0
0
0
0
0
0
0
0
0
0
0
0
0
0
0
0
0
0
0
0
0
0
0
0
0
0
0
0
0
0
0
0
0
0
0
0
0
0
0
0
0
0
0
0
0
0
0
0
0
0
0
0
0
0
0
0
0
0
0
0
0
0
0
0
0
0
0
0
0
0
0
0
0
0
0
0
0
0
0
0
0
0
0
0
0
0
0
0
0
0
0
0
0
0
0
0
0
0
0
0
0
0
0
0
0
0
0
0
0
0
0
0
0
0
0
0
0
0
0
0
0
0
0
0
0
0
0
0
0
0
0
0
0
0
0
0
0
0
0
0
0
0
0
0
0
0
0
0
0
0
0
0
0
0
0
0
0
0
0
0
0
0
0
0
0
0
0
0
0
0
0
0
0
0
0
0
0
0
0
0
0
0
0
0
0
0
0
0
0
0
0
0
0
0
0
0
0
0
0
0
0
0
0
0
0
0
0
0
0
0
0
0
0
0
0
0
0
0
0
0
0
0
0
0
0
0
0
0
0
0
0
0
0
0
0
0
0
0
0
0
0
0
0
0
0
0
0
0
0
0
0
0
0
0
0
0
0
0
0
0
0
0
0
0
0
0
0
0
0
0
0
0
0
0
0
0
0
0
0
0
0
0
0
0
0
0
0
0
0
0
0
0
0
0
0
0
0
0
0
0
0
0
0
0
0
0
0
0
0
0
0
0
0
0
0
0
0
0
0
0
0
0
0
0
0
0
0
0
0
0
0
0
0
0
0
0
0
0
0
0
0
0
0
0
0
0
0
0
0
0
0
0
0
0
0
0
0
0
0
0
0
0
0
0
0
0
0
0
0
0
0
0
0
0
0
0
0
0
0
0
0
0
0
0
0
0
0
0
0
0
0
0
0
0
0
0
0
0
0
0
0
0
0
0
0
0
0
0
0
0
0
0
0
0
0
0
0
0
0
0
0
0
0
0
0
0
0
0
0
0
0
0
0
0
0
0
0
0
0
0
0
0
0
0
0
0
0
0
0
0
0
0
0
0
0
0
0
0
0
0
0
0
0
0
0
0
0
0
0
0
0
0
0
0
0
0
0
0
0
0
0
0
0
0
0
0
0
0
0
0
0
0
0
0
0
0
0
0
0
0
0
0
0
0
0
0
0
0
0
0
0
0
0
0
0
0
0
0
0
0
0
0
0
0
0
0
0
0
0
0
0
0
0
0
0
0
0
0
0
0
0
0
0
0
0
0
0
0
0
0
0
0
0
0
0
0
0
0
0
0
0
0
0
0
0
0
0
0
0
0
0
0
0
0
0
0
0
0
0
0
0
0
0
0
0
0
0
0
0
0
0
0
0
0
0
0
0
0
0
0
0
0
0
0
0
0
0
0
0
0
0
0
0
0
0
0
0
0
0
0
0
0
0
0
0
0
0
0
0
0
0
0
0
0
0
0
0
0
0
0
0
0
0
0
0
0
0
0
0
0
0
0
0
0
0
0
0
0
0
0
0
0
0
0
0
0
0
0
0
0
0
0
0
0
0
0
0
0
0
0
0
0
0
0
0
0
0
0
0
0
0
0
0
0
0
0
0
0
0
0
0
0
0
0
0
0
0
0
0
0
0
0
0
0
0
0
0
0
0
0
0
0
0
0
0
0
0
0
0
0
0
0
0
0
0
0
0
0
0
0
0
0
0
0
0
0
0
0
0
0
0
0
0
0
0
0
0
0
0
0
0
0
0
0
0
0
0
0
0
0
0
0
0
0
0
0
0
0
0
0
0
0
0
0
0
0
0
0
0
0
0
0
0
0
0
0
0
0
0
0
0
0
0
0
0
0
0
0
0
0
0
0
0
0
0
0
0
0
0
0
0
0
0
0
0
0
0
0
0
0
0
0
0
0
0
0
0
0
0
0
0
0
0
0
0
0
0
0
0
0
0
0
0
0
0
0
0
0
0
0
0
0
0
0
0
0
0
0
0
0
0
0
0
0
0
0
0
0
0
0
0
0
0
0
0
0
0
0
0
0
0
0
0
0
0
0
0
0
0
0
0
0
0
0
0
0
0
0
0
0
0
0
0
0
0
0
0
0
0
0
0
0
0
0
0
0
0
0
0
0
0
0
0
0
0
0
0
0
0
0
0
0
0
0
0
0
0
0
0
0
0
0
0
0
0
0
0
0
0
0
0
0
0
0
0
0
0
0
0
0
0
0
0
0
0
0
0
0
0
0
0
0
0
0
0
0
0
0
0
0
0
0
0
0
0
0
0
0
0
0
0
0
0
0
0
0
0
0
0
0
0
0
0
0
0
0
0
0
0
0
0
0
0
0
0
0
0
0
0
0
0
0
0
0
0
0
0
0
0
0
0
0
0
0
0
0
0
0
0
0
0
0
0
0
0
0
0
0
0
0
0
0
0
0
0
0
0
0
0
0
0
0
0
0
0
0
0
0
0
0
0
0
0
0
0
0
0
0
0
0
0
0
0
0
0
0
0
0
0
0
0
0
0
0
0
0
0
0
0
0
0
0
0
0
0
0
0
0
0
0
0
0
0
0
0
0
0
0
0
0
0
0
0
0
0
0
0
0
0
0
0
0
0
0
0
0
0
0
0
0
0
0
0
0
0
0
0
0
0
0
0
0
0
0
0
0
0
0
0
0
0
0
0
0
0
0
0
0
0
0
0
0
0
0
0
0
0
0
0
0
0
0
0
0
0
0
0
0
0
0
0
0
0
0
0
0
0
0
0
0
0
0
0
0
0
0
0
0
0
0
0
0
0
0
0
0
0
0
0
0
0
0
0
0
0
0
0
0
0
0
0
0
0
0
0
0
0
0
0
0
0
0
0
0
0
0
0
0
0
0
0
0
0
0
0
0
0
0
0
0
0
0
0
0
0
0
0
0
0
0
0
0
0
0
0
0
0
0
0
0
0
0
0
0
0
0
0
0
0
0
0
0
0
0
0
0
0
0
0
0
0
0
0
0
0
0
0
0
0
0
0
0
0
0
0
0
0
0
0
0
0
0
0
0
0
0
0
0
0
0
0
0
0
0
0
0
0
0
0
0
0
0
0
0
0
0
0
0
0
0
0
0
0
0
0
0
0
0
0
0
0
0
0
0
0
0
0
0
0
0
0
0
0
0
0
0
0
0
0
0
0
0
0
0
0
0
0
0
0
0
0
0
0
0
0
0
0
0
0
0
0
0
0
0
0
0
0
0
0
0
0
0
0
0
0
0
0
0
0
0
0
0
0
0
0
0
0
0
0
0
0
0
0
0
0
0
0
0
0
0
0
0
0
0
0
0
0
0
0
0
0
0
0
0
0
0
0
0
0
0
0
0
0
0
0
0
0
0
0
0
0
0
0
0
0
0
0
0
0
0
0
0
0
0
0
0
0
0
0
0
0
0
0
0
0
0
0
0
0
0
0
0
0
0
0
0
0
0
0
0
0
0
0
0
0
0
0
0
0
0
0
0
0
0
0
0
0
0
0
0
0
0
0
0
0
0
0
0
0
0
0
0
0
0
0
0
0
0
0
0
0
0
0
0
0
0
0
0
0
0
0
0
0
0
0
0
0
0
0
0
0
0
0
0
0
0
0
0
0
0
0
0
0
0
0
0
0
0
0
0
0
0
0
0
0
0
0
0
0
0
0
0
0
0
0
0
0
0
0
0
0
0
0
0
0
0
0
0
0
0
0
0
0
0
0
0
0
0
0
0
0
0
0
0
0
0
0
0
0
0
0
0
0
0
0
0
0
0
0
0
0
0
0
0
0
0
0
0
0
0
0
0
0
0
0
0
0
0
0
0
0
0
0
0
0
0
0
0
0
0
0
0
0
0
0
0
0
0
0
0
0
0
0
0
0
0
0
0
0
0
0
0
0
0
0
0
0
0
0
0
0
0
0
0
0
0
0
0
0
0
0
0
0
0
0
0
0
0
0
0
0
0
0
0
0
0
0
0
0
0
0
0
0
0
0
0
0
0
0
0
0
0
0
0
0
0
0
0
0
0
0
0
0
0
0
0
0
0
0
0
0
0
0
0
0
0
0
0
0
0
0
0
0
0
0
0
0
0
0
0
0
0
0
0
0
0
0
0
0
0
0
0
0
0
0
0
0
0
0
0
0
0
0
0
0
0
0
0
0
0
0
0
0
0
0
0
0
0
0
0
0
0
0
0
0
0
0
0
0
0
0
0
0
0
0
0
0
0
0
0
0
0
0
0
0
0
0
0
0
0
0
0
0
0
0
0
0
0
0
0
0
0
0
0
0
0
0
0
0
0
0
0
0
0
0
0
0
0
0
0
0
0
0
0
0
0
0
0
0
0
0
0
0
0
0
0
0
0
0
0
0
0
0
0
0
0
0
0
0
0
0
0
0
0
0
0
0
0
0
0
0
0
0
0
0
0
0
0
0
0
0
0
0
0
0
0
0
0
0
0
0
0
0
0
0
0
0
0
0
0
0
0
0
0
0
0
0
0
0
0
0
0
0
0
0
0
0
0
0
0
0
0
0
0
0
0
0
0
0
0
0
0
0
0
0
0
0
0
0
0
0
0
0
0
0
0
0
0
0
0
0
0
0
0
0
0
0
0
0
0
0
0
0
0
0
0
0
0
0
0
0
0
0
0
0
0
0
0
0
0
0
0
0
0
0
0
0
0
0
0
0
0
0
0
0
0
0
0
0
0
0
0
0
0
0
0
0
0
0
0
0
0
0
0
0
0
0
0
0
0
0
0
0
0
0
0
0
0
0
0
0
0
0
0
0
0
0
0
0
0
0
0
0
0
0
0
0
0
0
0
0
0
0
0
0
0
0
0
0
0
0
0
0
0
0
0
0
0
0
0
0
0
0
0
0
0
0
0
0
0
0
0
0
0
0
0
0
0
0
0
0
0
0
0
0
0
0
0
0
0
0
0
0
0
0
0
0
0
0
0
0
0
0
0
0
0
0
0
0
0
0
0
0
0
0
0
0
0
0
0
0
0
0
0
0
0
0
0
0
0
0
0
0
0
0
0
0
0
0
0
0
0
0
0
0
0
0
0
0
0
0
0
0
0
0
0
0
0
0
0
0
0
0
0
0
0
0
0
0
0
0
0
0
0
0
0
0
0
0
0
0
0
0
0
0
0
0
0
0
0
0
0
0
0
0
0
0
0
0
0
0
0
0
0
0
0
0
0
0
0
0
0
0
0
0
0
0
0
0
0
0
0
0
0
0
0
0
0
0
0
0
0
0
0
0
0
0
0
0
0
0
0
0
0
0
0
0
0
0
0
0
0
0
0
0
0
0
0
0
0
0
0
0
0
0
0
0
0
0
0
0
0
0
0
0
0
0
0
0
0
0
0
0
0
0
0
0
0
0
0
0
0
0
0
0
0
0
0
0
0
0
0
0
0
0
0
0
0
0
0
0
0
0
0
0
0
0
0
0
0
0
0
0
0
0
0
0
0
0
0
0
0
0
0
0
0
0
0
0
0
0
0
0
0
0
0
0
0
0
0
0
0
0
0
0
0
0
0
0
0
0
0
0
0
0
0
0
0
0
0
0
0
0
0
0
0
0
0
0
0
0
0
0
0
0
0
0
0
0
0
0
0
0
0
0
0
0
0
0
0
0
0
0
0
0
0
0
0
0
0
0
0
0
0
0
0
0
0
0
0
0
0
0
0
0
0
0
0
0
0
0
0
0
0
0
0
0
0
0
0
0
0
0
0
0
0
0
0
0
0
0
0
0
0
0
0
0
0
0
0
0
0
0
0
0
0
0
0
0
0
0
0
0
0
0
0
0
0
0
0
0
0
0
0
0
0
0
0
0
0
0
0
0
0
0
0
0
0
0
0
0
0
0
0
0
0
0
0
0
0
0
0
0
0
0
0
0
0
0
0
0
0
0
0
0
0
0
0
0
0
0
0
0
0
0
0
0
0
0
0
0
0
0
0
0
0
0
0
0
0
0
0
0
0
0
0
0
0
0
0
0
0
0
0
0
0
0
0
0
0
0
0
0
0
0
0
0
0
0
0
0
0
0
0
0
0
0
0
0
0
0
0
0
0
0
0
0
0
0
0
0
0
0
0
0
0
0
0
0
0
0
0
0
0
0
0
0
0
0
0
0
0
0
0
0
0
0
0
0
0
0
0
0
0
0
0
0
0
0
0
0
0
0
0
0
0
0
0
0
0
0
0
0
0
0
0
0
0
0
0
0
0
0
0
0
0
0
0
0
0
0
0
0
0
0
0
0
0
0
0
0
0
0
0
0
0
0
0
0
0
0
0
0
0
0
0
0
0
0
0
0
0
0
0
0
0
0
0
0
0
0
0
0
0
0
0
0
0
0
0
0
0
0
0
0
0
0
0
0
0
0
0
0
0
0
0
0
0
0
0
0
0
0
0
0
0
0
0
0
0
0
0
0
0
0
0
0
0
0
0
0
0
0
0
0
0
0
0
0
0
0
0
0
0
0
0
0
0
0
0
0
0
0
0
0
0
0
0
0
0
0
0
0
0
0
0
0
0
0
0
0
0
0
0
0
0
0
0
0
0
0
0
0
0
0
0
0
0
0
0
0
0
0
0
0
0
0
0
0
0
0
0
0
0
0
0
0
0
0
0
0
0
0
0
0
0
0
0
0
0
0
0
0
0
0
0
0
0
0
0
0
0
0
0
0
0
0
0
0
0
0
0
0
0
0
0
0
0
0
0
0
0
0
0
0
0
0
0
0
0
0
0
0
0
0
0
0
0
0
0
0
0
0
0
0
0
0
0
0
0
0
0
0
0
0
0
0
0
0
0
0
0
0
0
0
0
0
0
0
0
0
0
0
0
0
0
0
0
0
0
0
0
0
0
0
0
0
0
0
0
0
0
0
0
0
0
0
0
0
0
0
0
0
0
0
0
0
0
0
0
0
0
0
0
0
0
0
0
0
0
0
0
0
0
0
0
0
0
0
0
0
0
0
0
0
0
0
0
0
0
0
0
0
0
0
0
0
0
0
0
0
0
0
0
0
0
0
0
0
0
0
0
0
0
0
0
0
0
0
0
0
0
0
0
0
0
0
0
0
0
0
0
0
0
0
0
0
0
0
0
0
0
0
0
0
0
0
0
0
0
0
0
0
0
0
0
0
0
0
0
0
0
0
0
0
0
0
0
0
0
0
0
0
0
0
0
0
0
0
0
0
0
0
0
0
0
0
0
0
0
0
0
0
0
0
0
0
0
0
0
0
0
0
0
0
0
0
0
0
0
0
0
0
0
0
0
0
0
0
0
0
0
0
0
0
0
0
0
0
0
0
0
0
0
0
0
0
0
0
0
0
0
0
0
0
0
0
0
0
0
0
0
0
0
0
0
0
0
0
0
0
0
0
0
0
0
0
0
0
0
0
0
0
0
0
0
0
0
0
0
0
0
0
0
0
0
0
0
0
0
0
0
0
0
0
0
0
0
0
0
0
0
0
0
0
0
0
0
0
0
0
0
0
0
0
0
0
0
0
0
0
0
0
0
0
0
0
0
0
0
0
0
0
0
0
0
0
0
0
0
0
0
0
0
0
0
0
0
0
0
0
0
0
0
0
0
0
0
0
0
0
0
0
0
0
0
0
0
0
0
0
0
0
0
0
0
0
0
0
0
0
0
0
0
0
0
0
0
0
0
0
0
0
0
0
0
0
0
0
0
0
0
0
0
0
0
0
0
0
0
0
0
0
0
0
0
0
0
0
0
0
0
0
0
0
0
0
0
0
0
0
0
0
0
0
0
0
0
0
0
0
0
0
0
0
0
0
0
0
0
0
0
0
0
0
0
0
0
0
0
0
0
0
0
0
0
0
0
0
0
0
0
0
0
0
0
0
0
0
0
0
0
0
0
0
0
0
0
0
0
0
0
0
0
0
0
0
0
0
0
0
0
0
0
0
0
0
0
0
0
0
0
0
0
0
0
0
0
0
0
0
0
0
0
0
0
0
0
0
0
0
0
0
0
0
0
0
0
0
0
0
0
0
0
0
0
0
0
0
0
0
0
0
0
0
0
0
0
0
0
0
0
0
0
0
0
0
0
0
0
0
0
0
0
0
0
0
0
0
0
0
0
0
0
0
0
0
0
0
0
0
0
0
0
0
0
0
0
0
0
0
0
0
0
0
0
0
0
0
0
0
0
0
0
0
0
0
0
0
0
0
0
0
0
0
0
0
0
0
0
0
0
0
0
0
0
0
0
0
0
0
0
0
0
0
0
0
0
0
0
0
0
0
0
0
0
0
0
0
0
0
0
0
0
0
0
0
0
0
0
0
0
0
0
0
0
0
0
0
0
0
0
0
0
0
0
0
0
0
0
0
0
0
0
0
0
0
0
0
0
0
0
0
0
0
0
0
0
0
0
0
0
0
0
0
0
0
0
0
0
0
0
0
0
0
0
0
0
0
0
0
0
0
0
0
0
0
0
0
0
0
0
0
0
0
0
0
0
0
0
0
0
0
0
0
0
0
0
0
0
0
0
0
0
0
0
0
0
0
0
0
0
0
0
0
0
0
0
0
0
0
0
0
0
0
0
0
0
0
0
0
0
0
0
0
0
0
0
0
0
0
0
0
0
0
0
0
0
0
0
0
0
0
0
0
0
0
0
0
0
0
0
0
0
0
0
0
0
0
0
0
0
0
0
0
0
0
0
0
0
0
0
0
0
0
0
0
0
0
0
0
0
0
0
0
0
0
0
0
0
0
0
0
0
0
0
0
0
0
0
0
0
0
0
0
0
0
0
0
0
0
0
0
0
0
0
0
0
0
0
0
0
0
0
0
0
0
0
0
0
0
0
0
0
0
0
0
0
0
0
0
0
0
0
0
0
0
0
0
0
0
0
0
0
0
0
0
0
0
0
0
0
0
0
0
0
0
0
0
0
0
0
0
0
0
0
0
0
0
0
0
0
0
0
0
0
0
0
0
0
0
0
0
0
0
0
0
0
0
0
0
0
0
0
0
0
0
0
0
0
0
0
0
0
0
0
0
0
0
0
0
0
0
0
0
0
0
0
0
0
0
0
0
0
0
0
0
0
0
0
0
0
0
0
0
0
0
0
0
0
0
0
0
0
0
0
0
0
0
0
0
0
0
0
0
0
0
0
0
0
0
0
0
0
0
0
0
0
0
0
0
0
0
0
0
0
0
0
0
0
0
0
0
0
0
0
0
0
0
0
0
0
0
0
0
0
0
0
0
0
0
0
0
0
0
0
0
0
0
0
0
0
0
0
0
0
0
0
0
0
0
0
0
0
0
0
0
0
0
0
0
0
0
0
0
0
0
0
0
0
0
0
0
0
0
0
0
0
0
0
0
0
0
0
0
0
0
0
0
0
0
0
0
0
0
0
0
0
0
0
0
0
0
0
0
0
0
0
0
0
0
0
0
0
0
0
0
0
0
0
0
0
0
0
0
0
0
0
0
0
0
0
0
0
0
0
0
0
0
0
0
0
0
0
0
0
0
0
0
0
0
0
0
0
0
0
0
0
0
0
0
0
0
0
0
0
0
0
0
0
0
0
0
0
0
0
0
0
0
0
0
0
0
0
0
0
0
0
0
0
0
0
0
0
0
0
0
0
0
0
0
0
0
0
0
0
0
0
0
0
0
0
0
0
0
0
0
0
0
0
0
0
0
0
0
0
0
0
0
0
0
0
0
0
0
0
0
0
0
0
0
0
0
0
0
0
0
0
0
0
0
0
0
0
0
0
0
0
0
0
0
0
0
0
0
0
0
0
0
0
0
0
0
0
0
0
0
0
0
0
0
0
0
0
0
0
0
0
0
0
0
0
0
0
0
0
0
0
0
0
0
0
0
0
0
0
0
0
0
0
0
0
0
0
0
0
0
0
0
0
0
0
0
0
0
0
0
0
0
0
0
0
0
0
0
0
0
0
0
0
0
0
0
0
0
0
0
0
0
0
0
0
0
0
0
0
0
0
0
0
0
0
0
0
0
0
0
0
0
0
0
0
0
0
0
0
0
0
0
0
0
0
0
0
0
0
0
0
0
0
0
0
0
0
0
0
0
0
0
0
0
0
0
0
0
0
0
0
0
0
0
0
0
0
0
0
0
0
0
0
0
0
0
0
0
0
0
0
0
0
0
0
0
0
0
0
0
0
0
0
0
0
0
0
0
0
0
0
0
0
0
0
0
0
0
0
0
0
0
0
0
0
0
0
0
0
0
0
0
0
0
0
0
0
0
0
0
0
0
0
0
0
0
0
0
0
0
0
0
0
0
0
0
0
0
0
0
0
0
0
0
0
0
0
0
0
0
0
0
0
0
0
0
0
0
0
0
0
0
0
0
0
0
0
0
0
0
0
0
0
0
0
0
0
0
0
0
0
0
0
0
0
0
0
0
0
0
0
0
0
0
0
0
0
0
0
0
0
0
0
0
0
0
0
0
0
0
0
0
0
0
0
0
0
0
0
0
0
0
0
0
0
0
0
0
0
0
0
0
0
0
0
0
0
0
0
0
0
0
0
0
0
0
0
0
0
0
0
0
0
0
0
0
0
0
0
0
0
0
0
0
0
0
0
0
0
0
0
0
0
0
0
0
0
0
0
0
0
0
0
0
0
0
0
0
0
0
0
0
0
0
0
0
0
0
0
0
0
0
0
0
0
0
0
0
0
0
0
0
0
0
0
0
0
0
0
0
0
0
0
0
0
0
0
0
0
0
0
0
0
0
0
0
0
0
0
0
0
0
0
0
0
0
0
0
0
0
0
0
0
0
0
0
0
0
0
0
0
0
0
0
0
0
0
0
0
0
0
0
0
0
0
0
0
0
0
0
0
0
0
0
0
0
0
0
0
0
0
0
0
0
0
0
0
0
0
0
0
0
0
0
0
0
0
0
0
0
0
0
0
0
0
0
0
0
0
0
0
0
0
0
0
0
0
0
0
0
0
0
0
0
0
0
0
0
0
0
0
0
0
0
0
0
0
0
0
0
0
0
0
0
0
0
0
0
0
0
0
0
0
0
0
0
0
0
0
0
0
0
0
0
0
0
0
0
0
0
0
0
0
0
0
0
0
0
0
0
0
0
0
0
0
0
0
0
0
0
0
0
0
0
0
0
0
0
0
0
0
0
0
0
0
0
0
0
0
0
0
0
0
0
0
0
0
0
0
0
0
0
0
0
0
0
0
0
0
0
0
0
0
0
0
0
0
0
0
0
0
0
0
0
0
0
0
0
0
0
0
0
0
0
0
0
0
0
0
0
0
0
0
0
0
0
0
0
0
0
0
0
0
0
0
0
0
0
0
0
0
0
0
0
0
0
0
0
0
0
0
0
0
0
0
0
0
0
0
0
0
0
0
0
0
0
0
0
0
0
0
0
0
0
0
0
0
0
0
0
0
0
0
0
0
0
0
0
0
0
0
0
0
0
0
0
0
0
0
0
0
0
0
0
0
0
0
0
0
0
0
0
0
0
0
0
0
0
0
0
0
0
0
0
0
0
0
0
0
0
0
0
0
0
0
0
0
0
0
0
0
0
0
0
0
0
0
0
0
0
0
0
0
0
0
0
0
0
0
0
0
0
0
0
0
0
0
0
0
0
0
0
0
0
0
0
0
0
0
0
0
0
0
0
0
0
0
0
0
0
0
0
0
0
0
0
0
0
0
0
0
0
0
0
0
0
0
0
0
0
0
0
0
0
0
0
0
0
0
0
0
0
0
0
0
0
0
0
0
0
0
0
0
0
0
0
0
0
0
0
0
0
0
0
0
0
0
0
0
0
0
0
0
0
0
0
0
0
0
0
0
0
0
0
0
0
0
0
0
0
0
0
0
0
0
0
0
0
0
0
0
0
0
0
0
0
0
0
0
0
0
0
0
0
0
0
0
0
0
0
0
0
0
0
0
0
0
0
0
0
0
0
0
0
0
0
0
0
0
0
0
0
0
0
0
0
0
0
0
0
0
0
0
0
0
0
0
0
0
0
0
0
0
0
0
0
0
0
0
0
0
0
0
0
0
0
0
0
0
0
0
0
0
0
0
0
0
0
0
0
0
0
0
0
0
0
0
0
0
0
0
0
0
0
0
0
0
0
0
0
0
0
0
0
0
0
0
0
0
0
0
0
0
0
0
0
0
0
0
0
0
0
0
0
0
0
0
0
0
0
0
0
0
0
0
0
0
0
0
0
0
0
0
0
0
0
0
0
0
0
0
0
0
0
0
0
0
0
0
0
0
0
0
0
0
0
0
0
0
0
0
0
0
0
0
0
0
0
0
0
0
0
0
0
0
0
0
0
0
0
0
0
0
0
0
0
0
0
0
0
0
0
0
0
0
0
0
0
0
0
0
0
0
0
0
0
0
0
0
0
0
0
0
0
0
0
0
0
0
0
0
0
0
0
0
0
0
0
0
0
0
0
0
0
0
0
0
0
0
0
0
0
0
0
0
0
0
0
0
0
0
0
0
0
0
0
0
0
0
0
0
0
0
0
0
0
0
0
0
0
0
0
0
0
0
0
0
0
0
0
0
0
0
0
0
0
0
0
0
0
0
0
0
0
0
0
0
0
0
0
0
0
0
0
0
0
0
0
0
0
0
0
0
0
0
0
0
0
0
0
0
0
0
0
0
0
0
0
0
0
0
0
0
0
0
0
0
0
0
0
0
0
0
0
0
0
0
0
0
0
0
0
0
0
0
0
0
0
0
0
0
0
0
0
0
0
0
0
0
0
0
0
0
0
0
0
0
0
0
0
0
0
0
0
0
0
0
0
0
0
0
0
0
0
0
0
0
0
0
0
0
0
0
0
0
0
0
0
0
0
0
0
0
0
0
0
0
0
0
0
0
0
0
0
0
0
0
0
0
0
0
0
0
0
0
0
0
0
0
0
0
0
0
0
0
0
0
0
0
0
0
0
0
0
0
0
0
0
0
0
0
0
0
0
0
0
0
0
0
0
0
0
0
0
0
0
0
0
0
0
0
0
0
0
0
0
0
0
0
0
0
0
0
0
0
0
0
0
0
0
0
0
0
0
0
0
0
0
0
0
0
0
0
0
0
0
0
0
0
0
0
0
0
0
0
0
0
0
0
0
0
0
0
0
0
0
0
0
0
0
0
0
0
0
0
0
0
0
0
0
0
0
0
0
0
0
0
0
0
0
0
0
0
0
0
0
0
0
0
0
0
0
0
0
0
0
0
0
0
0
0
0
0
0
0
0
0
0
0
0
0
0
0
0
0
0
0
0
0
0
0
0
0
0
0
0
0
0
0
0
0
0
0
0
0
0
0
0
0
0
0
0
0
0
0
0
0
0
0
0
0
0
0
0
0
0
0
0
0
0
0
0
0
0
0
0
0
0
0
0
0
0
0
0
0
0
0
0
0
0
0
0
0
0
0
0
0
0
0
0
0
0
0
0
0
0
0
0
0
0
0
0
0
0
0
0
0
0
0
0
0
0
0
0
0
0
0
0
0
0
0
0
0
0
0
0
0
0
0
0
0
0
0
0
0
0
0
0
0
0
0
0
0
0
0
0
0
0
0
0
0
0
0
0
0
0
0
0
0
0
0
0
0
0
0
0
0
0
0
0
0
0
0
0
0
0
0
0
0
0
0
0
0
0
0
0
0
0
0
0
0
0
0
0
0
0
0
0
0
0
0
0
0
0
0
0
0
0
0
0
0
0
0
0
0
0
0
0
0
0
0
0
0
0
0
0
0
0
0
0
0
0
0
0
0
0
0
0
0
0
0
0
0
0
0
0
0
0
0
0
0
0
0
0
0
0
0
0
0
0
0
0
0
0
0
0
0
0
0
0
0
0
0
0
0
0
0
0
0
0
0
0
0
0
0
0
0
0
0
0
0
0
0
0
0
0
0
0
0
0
0
0
0
0
0
0
0
0
0
0
0
0
0
0
0
0
0
0
0
0
0
0
0
0
0
0
0
0
0
0
0
0
0
0
0
0
0
0
0
0
0
0
0
0
0
0
0
0
0
0
0
0
0
0
0
0
0
0
0
0
0
0
0
0
0
0
0
0
0
0
0
0
0
0
0
0
0
0
0
0
0
0
0
0
0
0
0
0
0
0
0
0
0
0
0
0
0
0
0
0
0
0
0
0
0
0
0
0
0
0
0
0
0
0
0
0
0
0
0
0
0
0
0
0
0
0
0
0
0
0
0
0
0
0
0
0
0
0
0
0
0
0
0
0
0
0
0
0
0
0
0
0
0
0
0
0
0
0
0
0
0
0
0
0
0
0
0
0
0
0
0
0
0
0
0
0
0
0
0
0
0
0
0
0
0
0
0
0
0
0
0
0
0
0
0
0
0
0
0
0
0
0
0
0
0
0
0
0
0
0
0
0
0
0
0
0
0
0
0
0
0
0
0
0
0
0
0
0
0
0
0
0
0
0
0
0
0
0
0
0
0
0
0
0
0
0
0
0
0
0
0
0
0
0
0
0
0
0
0
0
0
0
0
0
0
0
0
0
0
0
0
0
0
0
0
0
0
0
0
0
0
0
0
0
0
0
0
0
0
0
0
0
0
0
0
0
0
0
0
0
0
0
0
0
0
0
0
0
0
0
0
0
0
0
0
0
0
0
0
0
0
0
0
0
0
0
0
0
0
0
0
0
0
0
0
0
0
0
0
0
0
0
0
0
0
0
0
0
0
0
0
0
0
0
0
0
0
0
0
0
0
0
0
0
0
0
0
0
0
0
0
0
0
0
0
0
0
0
0
0
0
0
0
0
0
0
0
0
0
0
0
0
0
0
0
0
0
0
0
0
0
0
0
0
0
0
0
0
0
0
0
0
0
0
0
0
0
0
0
0
0
0
0
0
0
0
0
0
0
0
0
0
0
0
0
0
0
0
0
0
0
0
0
0
0
0
0
0
0
0
0
0
0
0
0
0
0
0
0
0
0
0
0
0
0
0
0
0
0
0
0
0
0
0
0
0
0
0
0
0
0
0
0
0
0
0
0
0
0
0
0
0
0
0
0
0
0
0
0
0
0
0
0
0
0
0
0
0
0
0
0
0
0
0
0
0
0
0
0
0
0
0
0
0
0
0
0
0
0
0
0
0
0
0
0
0
0
0
0
0
0
0
0
0
0
0
0
0
0
0
0
0
0
0
0
0
0
0
0
0
0
0
0
0
0
0
0
0
0
0
0
0
0
0
0
0
0
0
0
0
0
0
0
0
0
0
0
0
0
0
0
0
0
0
0
0
0
0
0
0
0
0
0
0
0
0
0
0
0
0
0
0
0
0
0
0
0
0
0
0
0
0
0
0
0
0
0
0
0
0
0
0
0
0
0
0
0
0
0
0
0
0
0
0
0
0
0
0
0
0
0
0
0
0
0
0
0
0
0
0
0
0
0
0
0
0
0
0
0
0
0
0
0
0
0
0
0
0
0
0
0
0
0
0
0
0
0
0
0
0
0
0
0
0
0
0
0
0
0
0
0
0
0
0
0
0
0
0
0
0
0
0
0
0
0
0
0
0
0
0
0
0
0
0
0
0
0
0
0
0
0
0
0
0
0
0
0
0
0
0
0
0
0
0
0
0
0
0
0
0
0
0
0
0
0
0
0
0
0
0
0
0
0
0
0
0
0
0
0
0
0
0
0
0
0
0
0
0
0
0
0
0
0
0
0
0
0
0
0
0
0
0
0
0
0
0
0
0
0
0
0
0
0
0
0
0
0
0
0
0
0
0
0
0
0
0
0
0
0
0
0
0
0
0
0
0
0
0
0
0
0
0
0
0
0
0
0
0
0
0
0
0
0
0
0
0
0
0
0
0
0
0
0
0
0
0
0
0
0
0
0
0
0
0
0
0
0
0
0
0
0
0
0
0
0
0
0
0
0
0
0
0
0
0
0
0
0
0
0
0
0
0
0
0
0
0
0
0
0
0
0
0
0
0
0
0
0
0
0
0
0
0
0
0
0
0
0
0
0
0
0
0
0
0
0
0
0
0
0
0
0
0
0
0
0
0
0
0
0
0
0
0
0
0
0
0
0
0
0
0
0
0
0
0
0
0
0
0
0
0
0
0
0
0
0
0
0
0
0
0
0
0
0
0
0
0
0
0
0
0
0
0
0
0
0
0
0
0
0
0
0
0
0
0
0
0
0
0
0
0
0
0
0
0
0
0
0
0
0
0
0
0
0
0
0
0
0
0
0
0
0
0
0
0
0
0
0
0
0
0
0
0
0
0
0
0
0
0
0
0
0
0
0
0
0
0
0
0
0
0
0
0
0
0
0
0
0
0
0
0
0
0
0
0
0
0
0
0
0
0
0
0
0
0
0
0
0
0
0
0
0
0
0
0
0
0
0
0
0
0
0
0
0
0
0
0
0
0
0
0
0
0
0
0
0
0
0
0
0
0
0
0
0
0
0
0
0
0
0
0
0
0
0
0
0
0
0
0
0
0
0
0
0
0
0
0
0
0
0
0
0
0
0
0
0
0
0
0
0
0
0
0
0
0
0
0
0
0
0
0
0
0
0
0
0
0
0
0
0
0
0
0
0
0
0
0
0
0
0
0
0
0
0
0
0
0
0
0
0
0
0
0
0
0
0
0
0
0
0
0
0
0
0
0
0
0
0
0
0
0
0
0
0
0
0
0
0
0
0
0
0
0
0
0
0
0
0
0
0
0
0
0
0
0
0
0
0
0
0
0
0
0
0
0
0
0
0
0
0
0
0
0
0
0
0
0
0
0
0
0
0
0
0
0
0
0
0
0
0
0
0
0
0
0
0
0
0
0
0
0
0
0
0
0
0
0
0
0
0
0
0
0
0
0
0
0
0
0
0
0
0
0
0
0
0
0
0
0
0
0
0
0
0
0
0
0
0
0
0
0
0
0
0
0
0
0
0
0
0
0
0
0
0
0
0
0
0
0
0
0
0
0
0
0
0
0
0
0
0
0
0
0
0
0
0
0
0
0
0
0
0
0
0
0
0
0
0
0
0
0
0
0
0
0
0
0
0
0
0
0
0
0
0
0
0
0
0
0
0
0
0
0
0
0
0
0
0
0
0
0
0
0
0
0
0
0
0
0
0
0
0
0
0
0
0
0
0
0
0
0
0
0
0
0
0
0
0
0
0
0
0
0
0
0
0
0
0
0
0
0
0
0
0
0
0
0
0
0
0
0
0
0
0
0
0
0
0
0
0
0
0
0
0
0
0
0
0
0
0
0
0
0
0
0
0
0
0
0
0
0
0
0
0
0
0
0
0
0
0
0
0
0
0
0
0
0
0
0
0
0
0
0
0
0
0
0
0
0
0
0
0
0
0
0
0
0
0
0
0
0
0
0
0
0
0
0
0
0
0
0
0
0
0
0
0
0
0
0
0
0
0
0
0
0
0
0
0
0
0
0
0
0
0
0
0
0
0
0
0
0
0
0
0
0
0
0
0
0
0
0
0
0
0
0
0
0
0
0
0
0
0
0
0
0
0
0
0
0
0
0
0
0
0
0
0
0
0
0
0
0
0
0
0
0
0
0
0
0
0
0
0
0
0
0
0
0
0
0
0
0
0
0
0
0
0
0
0
0
0
0
0
0
0
0
0
0
0
0
0
0
0
0
0
0
0
0
0
0
0
0
0
0
0
0
0
0
0
0
0
0
0
0
0
0
0
0
0
0
0
0
0
0
0
0
0
0
0
0
0
0
0
0
0
0
0
0
0
0
0
0
0
0
0
0
0
0
0
0
0
0
0
0
0
0
0
0
0
0
0
0
0
0
0
0
0
0
0
0
0
0
0
0
0
0
0
0
0
0
0
0
0
0
0
0
0
0
0
0
0
0
0
0
0
0
0
0
0
0
0
0
0
0
0
0
0
0
0
0
0
0
0
0
0
0
0
0
0
0
0
0
0
0
0
0
0
0
0
0
0
0
0
0
0
0
0
0
0
0
0
0
0
0
0
0
0
0
0
0
0
0
0
0
0
0
0
0
0
0
0
0
0
0
0
0
0
0
0
0
0
0
0
0
0
0
0
0
0
0
0
0
0
0
0
0
0
0
0
0
0
0
0
0
0
0
0
0
0
0
0
0
0
0
0
0
0
0
0
0
0
0
0
0
0
0
0
0
0
0
0
0
0
0
0
0
0
0
0
0
0
0
0
0
0
0
0
0
0
0
0
0
0
0
0
0
0
0
0
0
0
0
0
0
0
0
0
0
0
0
0
0
0
0
0
0
0
0
0
0
0
0
0
0
0
0
0
0
0
0
0
0
0
0
0
0
0
0
0
0
0
0
0
0
0
0
0
0
0
0
0
0
0
0
0
0
0
0
0
0
0
0
0
0
0
0
0
0
0
0
0
0
0
0
0
0
0
0
0
0
0
0
0
0
0
0
0
0
0
0
0
0
0
0
0
0
0
0
0
0
0
0
0
0
0
0
0
0
0
0
0
0
0
0
0
0
0
0
0
0
0
0
0
0
0
0
0
0
0
0
0
0
0
0
0
0
0
0
0
0
0
0
0
0
0
0
0
0
0
0
0
0
0
0
0
0
0
0
0
0
0
0
0
0
0
0
0
0
0
0
0
0
0
0
0
0
0
0
0
0
0
0
0
0
0
0
0
0
0
0
0
0
0
0
0
0
0
0
0
0
0
0
0
0
0
0
0
0
0
0
0
0
0
0
0
0
0
0
0
0
0
0
0
0
0
0
0
0
0
0
0
0
0
0
0
0
0
0
0
0
0
0
0
0
0
0
0
0
0
0
0
0
0
0
0
0
0
0
0
0
0
0
0
0
0
0
0
0
0
0
0
0
0
0
0
0
0
0
0
0
0
0
0
0
0
0
0
0
0
0
0
0
0
0
0
0
0
0
0
0
0
0
0
0
0
0
0
0
0
0
0
0
0
0
0
0
0
0
0
0
0
0
0
0
0
0
0
0
0
0
0
0
0
0
0
0
0
0
0
0
0
0
0
0
0
0
0
0
0
0
0
0
0
0
0
0
0
0
0
0
0
0
0
0
0
0
0
0
0
0
0
0
0
0
0
0
0
0
0
0
0
0
0
0
0
0
0
0
0
0
0
0
0
0
0
0
0
0
0
0
0
0
0
0
0
0
0
0
0
0
0
0
0
0
0
0
0
0
0
0
0
0
0
0
0
0
0
0
0
0
0
0
0
0
0
0
0
0
0
0
0
0
0
0
0
0
0
0
0
0
0
0
0
0
0
0
0
0
0
0
0
0
0
0
0
0
0
0
0
0
0
0
0
0
0
0
0
0
0
0
0
0
0
0
0
0
0
0
0
0
0
0
0
0
0
0
0
0
0
0
0
0
0
0
0
0
0
0
0
0
0
0
0
0
0
0
0
0
0
0
0
0
0
0
0
0
0
0
0
0
0
0
0
0
0
0
0
0
0
0
0
0
0
0
0
0
0
0
0
0
0
0
0
0
0
0
0
0
0
0
0
0
0
0
0
0
0
0
0
0
0
0
0
0
0
0
0
0
0
0
0
0
0
0
0
0
0
0
0
0
0
0
0
0
0
0
0
0
0
0
0
0
0
0
0
0
0
0
0
0
0
0
0
0
0
0
0
0
0
0
0
0
0
0
0
0
0
0
0
0
0
0
0
0
0
0
0
0
0
0
0
0
0
0
0
0
0
0
0
0
0
0
0
0
0
0
0
0
0
0
0
0
0
0
0
0
0
0
0
0
0
0
0
0
0
0
0
0
0
0
0
0
0
0
0
0
0
0
0
0
0
0
0
0
0
0
0
0
0
0
0
0
0
0
0
0
0
0
0
0
0
0
0
0
0
0
0
0
0
0
0
0
0
0
0
0
0
0
0
0
0
0
0
0
0
0
0
0
0
0
0
0
0
0
0
0
0
0
0
0
0
0
0
0
0
0
0
0
0
0
0
0
0
0
0
0
0
0
0
0
0
0
0
0
0
0
0
0
0
0
0
0
0
0
0
0
0
0
0
0
0
0
0
0
0
0
0
0
0
0
0
0
0
0
0
0
0
0
0
0
0
0
0
0
0
0
0
0
0
0
0
0
0
0
0
0
0
0
0
0
0
0
0
0
0
0
0
0
0
0
0
0
0
0
0
0
0
0
0
0
0
0
0
0
0
0
0
0
0
0
0
0
0
0
0
0
0
0
0
0
0
0
0
0
0
0
0
0
0
0
0
0
0
0
0
0
0
0
0
0
0
0
0
0
0
0
0
0
0
0
0
0
0
0
0
0
0
0
0
0
0
0
0
0
0
0
0
0
0
0
0
0
0
0
0
0
0
0
0
0
0
0
0
0
0
0
0
0
0
0
0
0
0
0
0
0
0
0
0
0
0
0
0
0
0
0
0
0
0
0
0
0
0
0
0
0
0
0
0
0
0
0
0
0
0
0
0
0
0
0
0
0
0
0
0
0
0
0
0
0
0
0
0
0
0
0
0
0
0
0
0
0
0
0
0
0
0
0
0
0
0
0
0
0
0
0
0
0
0
0
0
0
0
0
0
0
0
0
0
0
0
0
0
0
0
0
0
0
0
0
0
0
0
0
0
0
0
0
0
0
0
0
0
0
0
0
0
0
0
0
0
0
0
0
0
0
0
0
0
0
0
0
0
0
0
0
0
0
0
0
0
0
0
0
0
0
0
0
0
0
0
0
0
0
0
0
0
0
0
0
0
0
0
0
0
0
0
0
0
0
0
0
0
0
0
0
0
0
0
0
0
0
0
0
0
0
0
0
0
0
0
0
0
0
0
0
0
0
0
0
0
0
0
0
0
0
0
0
0
0
0
0
0
0
0
0
0
0
0
0
0
0
0
0
0
0
0
0
0
0
0
0
0
0
0
0
0
0
0
0
0
0
0
0
0
0
0
0
0
0
0
0
0
0
0
0
0
0
0
0
0
0
0
0
0
0
0
0
0
0
0
0
0
0
0
0
0
0
0
0
0
0
0
0
0
0
0
0
0
0
0
0
0
0
0
0
0
0
0
0
0
0
0
0
0
0
0
0
0
0
0
0
0
0
0
0
0
0
0
0
0
0
0
0
0
0
0
0
0
0
0
0
0
0
0
0
0
0
0
0
0
0
0
0
0
0
0
0
0
0
0
0
0
0
0
0
0
0
0
0
0
0
0
0
0
0
0
0
0
0
0
0
0
0
0
0
0
0
0
0
0
0
0
0
0
0
0
0
0
0
0
0
0
0
0
0
0
0
0
0
0
0
0
0
0
0
0
0
0
0
0
0
0
0
0
0
0
0
0
0
0
0
0
0
0
0
0
0
0
0
0
0
0
0
0
0
0
0
0
0
0
0
0
0
0
0
0
0
0
0
0
0
0
0
0
0
0
0
0
0
0
0
0
0
0
0
0
0
0
0
0
0
0
0
0
0
0
0
0
0
0
0
0
0
0
0
0
0
0
0
0
0
0
0
0
0
0
0
0
0
0
0
0
0
0
0
0
0
0
0
0
0
0
0
0
0
0
0
0
0
0
0
0
0
0
0
0
0
0
0
0
0
0
0
0
0
0
0
0
0
0
0
0
0
0
0
0
0
0
0
0
0
0
0
0
0
0
0
0
0
0
0
0
0
0
0
0
0
0
0
0
0
0
0
0
0
0
0
0
0
0
0
0
0
0
0
0
0
0
0
0
0
0
0
0
0
0
0
0
0
0
0
0
0
0
0
0
0
0
0
0
0
0
0
0
0
0
0
0
0
0
0
0
0
0
0
0
0
0
0
0
0
0
0
0
0
0
0
0
0
0
0
0
0
0
0
0
0
0
0
0
0
0
0
0
0
0
0
0
0
0
0
0
0
0
0
0
0
0
0
0
0
0
0
0
0
0
0
0
0
0
0
0
0
0
0
0
0
0
0
0
0
0
0
0
0
0
0
0
0
0
0
0
0
0
0
0
0
0
0
0
0
0
0
0
0
0
0
0
0
0
0
0
0
0
0
0
0
0
0
0
0
0
0
0
0
0
0
0
0
0
0
0
0
0
0
0
0
0
0
0
0
0
0
0
0
0
0
0
0
0
0
0
0
0
0
0
0
0
0
0
0
0
0
0
0
0
0
0
0
0
0
0
0
0
0
0
0
0
0
0
0
0
0
0
0
0
0
0
0
0
0
0
0
0
0
0
0
0
0
0
0
0
0
0
0
0
0
0
0
0
0
0
0
0
0
0
0
0
0
0
0
0
0
0
0
0
0
0
0
0
0
0
0
0
0
0
0
0
0
0
0
0
0
0
0
0
0
0
0
0
0
0
0
0
0
0
0
0
0
0
0
0
0
0
0
0
0
0
0
0
0
0
0
0
0
0
0
0
0
0
0
0
0
0
0
0
0
0
0
0
0
0
0
0
0
0
0
0
0
0
0
0
0
0
0
0
0
0
0
0
0
0
0
0
0
0
0
0
0
0
0
0
0
0
0
0
0
0
0
0
0
0
0
0
0
0
0
0
0
0
0
0
0
0
0
0
0
0
0
0
0
0
0
0
0
0
0
0
0
0
0
0
0
0
0
0
0
0
0
0
0
0
0
0
0
0
0
0
0
0
0
0
0
0
0
0
0
0
0
0
0
0
0
0
0
0
0
0
0
0
0
0
0
0
0
0
0
0
0
0
0
0
0
0
0
0
0
0
0
0
0
0
0
0
0
0
0
0
0
0
0
0
0
0
0
0
0
0
0
0
0
0
0
0
0
0
0
0
0
0
0
0
0
0
0
0
0
0
0
0
0
0
0
0
0
0
0
0
0
0
0
0
0
0
0
0
0
0
0
0
0
0
0
0
0
0
0
0
0
0
0
0
0
0
0
0
0
0
0
0
0
0
0
0
0
0
0
0
0
0
0
0
0
0
0
0
0
0
0
0
0
0
0
0
0
0
0
0
0
0
0
0
0
0
0
0
0
0
0
0
0
0
0
0
0
0
0
0
0
0
0
0
0
0
0
0
0
0
0
0
0
0
0
0
0
0
0
0
0
0
0
0
0
0
0
0
0
0
0
0
0
0
0
0
0
0
0
0
0
0
0
0
0
0
0
0
0
0
0
0
0
0
0
0
0
0
0
0
0
0
0
0
0
0
0
0
0
0
0
0
0
0
0
0
0
0
0
0
0
0
0
0
0
0
0
0
0
0
0
0
0
0
0
0
0
0
0
0
0
0
0
0
0
0
0
0
0
0
0
0
0
0
0
0
0
0
0
0
0
0
0
0
0
0
0
0
0
0
0
0
0
0
0
0
0
0
0
0
0
0
0
0
0
0
0
0
0
0
0
0
0
0
0
0
0
0
0
0
0
0
0
0
0
0
0
0
0
0
0
0
0
0
0
0
0
0
0
0
0
0
0
0
0
0
0
0
0
0
0
0
0
0
0
0
0
0
0
0
0
0
0
0
0
0
0
0
0
0
0
0
0
0
0
0
0
0
0
0
0
0
0
0
0
0
0
0
0
0
0
0
0
0
0
0
0
0
0
0
0
0
0
0
0
0
0
0
0
0
0
0
0
0
0
0
0
0
0
0
0
0
0
0
0
0
0
0
0
0
0
0
0
0
0
0
0
0
0
0
0
0
0
0
0
0
0
0
0
0
0
0
0
0
0
0
0
0
0
0
0
0
0
0
0
0
0
0
0
0
0
0
0
0
0
0
0
0
0
0
0
0
0
0
0
0
0
0
0
0
0
0
0
0
0
0
0
0
0
0
0
0
0
0
0
0
0
0
0
0
0
0
0
0
0
0
0
0
0
0
0
0
0
0
0
0
0
0
0
0
0
0
0
0
0
0
0
0
0
0
0
0
0
0
0
0
0
0
0
0
0
0
0
0
0
0
0
0
0
0
0
0
0
0
0
0
0
0
0
0
0
0
0
0
0
0
0
0
0
0
0
0
0
0
0
0
0
0
0
0
0
0
0
0
0
0
0
0
0
0
0
0
0
0
0
0
0
0
0
0
0
0
0
0
0
0
0
0
0
0
0
0
0
0
0
0
0
0
0
0
0
0
0
0
0
0
0
0
0
0
0
0
0
0
0
0
0
0
0
0
0
0
0
0
0
0
0
0
0
0
0
0
0
0
0
0
0
0
0
0
0
0
0
0
0
0
0
0
0
0
0
0
0
0
0
0
0
0
0
0
0
0
0
0
0
0
0
0
0
0
0
0
0
0
0
0
0
0
0
0
0
0
0
0
0
0
0
0
0
0
0
0
0
0
0
0
0
0
0
0
0
0
0
0
0
0
0
0
0
0
0
0
0
0
0
0
0
0
0
0
0
0
0
0
0
0
0
0
0
0
0
0
0
0
0
0
0
0
0
0
0
0
0
0
0
0
0
0
0
0
0
0
0
0
0
0
0
0
0
0
0
0
0
0
0
0
0
0
0
0
0
0
0
0
0
0
0
0
0
0
0
0
0
0
0
0
0
0
0
0
0
0
0
0
0
0
0
0
0
0
0
0
0
0
0
0
0
0
0
0
0
0
0
0
0
0
0
0
0
0
0
0
0
0
0
0
0
0
0
0
0
0
0
0
0
0
0
0
0
0
0
0
0
0
0
0
0
0
0
0
0
0
0
0
0
0
0
0
0
0
0
0
0
0
0
0
0
0
0
0
0
0
0
0
0
0
0
0
0
0
0
0
0
0
0
0
0
0
0
0
0
0
0
0
0
0
0
0
0
0
0
0
0
0
0
0
0
0
0
0
0
0
0
0
0
0
0
0
0
0
0
0
0
0
0
0
0
0
0
0
0
0
0
0
0
0
0
0
0
0
0
0
0
0
0
0
0
0
0
0
0
0
0
0
0
0
0
0
0
0
0
0
0
0
0
0
0
0
0
0
0
0
0
0
0
0
0
0
0
0
0
0
0
0
0
0
0
0
0
0
0
0
0
0
0
0
0
0
0
0
0
0
0
0
0
0
0
0
0
0
0
0
0
0
0
0
0
0
0
0
0
0
0
0
0
0
0
0
0
0
0
0
0
0
0
0
0
0
0
0
0
0
0
0
0
0
0
0
0
0
0
0
0
0
0
0
0
0
0
0
0
0
0
0
0
0
0
0
0
0
0
0
0
0
0
0
0
0
0
0
0
0
0
0
0
0
0
0
0
0
0
0
0
0
0
0
0
0
0
0
0
0
0
0
0
0
0
0
0
0
0
0
0
0
0
0
0
0
0
0
0
0
0
0
0
0
0
0
0
0
0
0
0
0
0
0
0
0
0
0
0
0
0
0
0
0
0
0
0
0
0
0
0
0
0
0
0
0
0
0
0
0
0
0
0
0
0
0
0
0
0
0
0
0
0
0
0
0
0
0
0
0
0
0
0
0
0
0
0
0
0
0
0
0
0
0
0
0
0
0
0
0
0
0
0
0
0
0
0
0
0
0
0
0
0
0
0
0
0
0
0
0
0
0
0
0
0
0
0
0
0
0
0
0
0
0
0
0
0
0
0
0
0
0
0
0
0
0
0
0
0
0
0
0
0
0
0
0
0
0
0
0
0
0
0
0
0
0
0
0
0
0
0
0
0
0
0
0
0
0
0
0
0
0
0
0
0
0
0
0
0
0
0
0
0
0
0
0
0
0
0
0
0
0
0
0
0
0
0
0
0
0
0
0
0
0
0
0
0
0
0
0
0
0
0
0
0
0
0
0
0
0
0
0
0
0
0
0
0
0
0
0
0
0
0
0
0
0
0
0
0
0
0
0
0
0
0
0
0
0
0
0
0
0
0
0
0
0
0
0
0
0
0
0
0
0
0
0
0
0
0
0
0
0
0
0
0
0
0
0
0
0
0
0
0
0
0
0
0
0
0
0
0
0
0
0
0
0
0
0
0
0
0
0
0
0
0
0
0
0
0
0
0
0
0
0
0
0
0
0
0
0
0
0
0
0
0
0
0
0
0
0
0
0
0
0
0
0
0
0
0
0
0
0
0
0
0
0
0
0
0
0
0
0
0
0
0
0
0
0
0
0
0
0
0
0
0
0
0
0
0
0
0
0
0
0
0
0
0
0
0
0
0
0
0
0
0
0
0
0
0
0
0
0
0
0
0
0
0
0
0
0
0
0
0
0
0
0
0
0
0
0
0
0
0
0
0
0
0
0
0
0
0
0
0
0
0
0
0
0
0
0
0
0
0
0
0
0
0
0
0
0
0
0
0
0
0
0
0
0
0
0
0
0
0
0
0
0
0
0
0
0
0
0
0
0
0
0
0
0
0
0
0
0
0
0
0
0
0
0
0
0
0
0
0
0
0
0
0
0
0
0
0
0
0
0
0
0
0
0
0
0
0
0
0
0
0
0
0
0
0
0
0
0
0
0
0
0
0
0
0
0
0
0
0
0
0
0
0
0
0
0
0
0
0
0
0
0
0
0
0
0
0
0
0
0
0
0
0
0
0
0
0
0
0
0
0
0
0
0
0
0
0
0
0
0
0
0
0
0
0
0
0
0
0
0
0
0
0
0
0
0
0
0
0
0
0
0
0
0
0
0
0
0
0
0
0
0
0
0
0
0
0
0
0
0
0
0
0
0
0
0
0
0
0
0
0
0
0
0
0
0
0
0
0
0
0
0
0
0
0
0
0
0
0
0
0
0
0
0
0
0
0
0
0
0
0
0
0
0
0
0
0
0
0
0
0
0
0
0
0
0
0
0
0
0
0
0
0
0
0
0
0
0
0
0
0
0
0
0
0
0
0
0
0
0
0
0
0
0
0
0
0
0
0
0
0
0
0
0
0
0
0
0
0
0
0
0
0
0
0
0
0
0
0
0
0
0
0
0
0
0
0
0
0
0
0
0
0
0
0
0
0
0
0
0
0
0
0
0
0
0
0
0
0
0
0
0
0
0
0
0
0
0
0
0
0
0
0
0
0
0
0
0
0
0
0
0
0
0
0
0
0
0
0
0
0
0
0
0
0
0
0
0
0
0
0
0
0
0
0
0
0
0
0
0
0
0
0
0
0
0
0
0
0
0
0
0
0
0
0
0
0
0
0
0
0
0
0
0
0
0
0
0
0
0
0
0
0
0
0
0
0
0
0
0
0
0
0
0
0
0
0
0
0
0
0
0
0
0
0
0
0
0
0
0
0
0
0
0
0
0
0
0
0
0
0
0
0
0
0
0
0
0
0
0
0
0
0
0
0
0
0
0
0
0
0
0
0
0
0
0
0
0
0
0
0
0
0
0
0
0
0
0
0
0
0
0
0
0
0
0
0
0
0
0
0
0
0
0
0
0
0
0
0
0
0
0
0
0
0
0
0
0
0
0
0
0
0
0
0
0
0
0
0
0
0
0
0
0
0
0
0
0
0
0
0
0
0
0
0
0
0
0
0
0
0
0
0
0
0
0
0
0
0
0
0
0
0
0
0
0
0
0
0
0
0
0
0
0
0
0
0
0
0
0
0
0
0
0
0
0
0
0
0
0
0
0
0
0
0
0
0
0
0
0
0
0
0
0
0
0
0
0
0
0
0
0
0
0
0
0
0
0
0
0
0
0
0
0
0
0
0
0
0
0
0
0
0
0
0
0
0
0
0
0
0
0
0
0
0
0
0
0
0
0
0
0
0
0
0
0
0
0
0
0
0
0
0
0
0
0
0
0
0
0
0
0
0
0
0
0
0
0
0
0
0
0
0
0
0
0
0
0
0
0
0
0
0
0
0
0
0
0
0
0
0
0
0
0
0
0
0
0
0
0
0
0
0
0
0
0
0
0
0
0
0
0
0
0
0
0
0
0
0
0
0
0
0
0
0
0
0
0
0
0
0
0
0
0
0
0
0
0
0
0
0
0
0
0
0
0
0
0
0
0
0
0
0
0
0
0
0
0
0
0
0
0
0
0
0
0
0
0
0
0
0
0
0
0
0
0
0
0
0
0
0
0
0
0
0
0
0
0
0
0
0
0
0
0
0
0
0
0
0
0
0
0
0
0
0
0
0
0
0
0
0
0
0
0
0
0
0
0
0
0
0
0
0
0
0
0
0
0
0
0
0
0
0
0
0
0
0
0
0
0
0
0
0
0
0
0
0
0
0
0
0
0
0
0
0
0
0
0
0
0
0
0
0
0
0
0
0
0
0
0
0
0
0
0
0
0
0
0
0
0
0
0
0
0
0
0
0
0
0
0
0
0
0
0
0
0
0
0
0
0
0
0
0
0
0
0
0
0
0
0
0
0
0
0
0
0
0
0
0
0
0
0
0
0
0
0
0
0
0
0
0
0
0
0
0
0
0
0
0
0
0
0
0
0
0
0
0
0
0
0
0
0
0
0
0
0
0
0
0
0
0
0
0
0
0
0
0
0
0
0
0
0
0
0
0
0
0
0
0
0
0
0
0
0
0
0
0
0
0
0
0
0
0
0
0
0
0
0
0
0
0
0
0
0
0
0
0
0
0
0
0
0
0
0
0
0
0
0
0
0
0
0
0
0
0
0
0
0
0
0
0
0
0
0
0
0
0
0
0
0
0
0
0
0
0
0
0
0
0
0
0
0
0
0
0
0
0
0
0
0
0
0
0
0
0
0
0
0
0
0
0
0
0
0
0
0
0
0
0
0
0
0
0
0
0
0
0
0
0
0
0
0
0
0
0
0
0
0
0
0
0
0
0
0
0
0
0
0
0
0
0
0
0
0
0
0
0
0
0
0
0
0
0
0
0
0
0
0
0
0
0
0
0
0
0
0
0
0
0
0
0
0
0
0
0
0
0
0
0
0
0
0
0
0
0
0
0
0
0
0
0
0
0
0
0
0
0
0
0
0
0
0
0
0
0
0
0
0
0
0
0
0
0
0
0
0
0
0
0
0
0
0
0
0
0
0
0
0
0
0
0
0
0
0
0
0
0
0
0
0
0
0
0
0
0
0
0
0
0
0
0
0
0
0
0
0
0
0
0
0
0
0
0
0
0
0
0
0
0
0
0
0
0
0
0
0
0
0
0
0
0
0
0
0
0
0
0
0
0
0
0
0
0
0
0
0
0
0
0
0
0
0
0
0
0
0
0
0
0
0
0
0
0
0
0
0
0
0
0
0
0
0
0
0
0
0
0
0
0
0
0
0
0
0
0
0
0
0
0
0
0
0
0
0
0
0
0
0
0
0
0
0
0
0
0
0
0
0
0
0
0
0
0
0
0
0
0
0
0
0
0
0
0
0
0
0
0
0
0
0
0
0
0
0
0
0
0
0
0
0
0
0
0
0
0
0
0
0
0
0
0
0
0
0
0
0
0
0
0
0
0
0
0
0
0
0
0
0
0
0
0
0
0
0
0
0
0
0
0
0
0
0
0
0
0
0
0
0
0
0
0
0
0
0
0
0
0
0
0
0
0
0
0
0
0
0
0
0
0
0
0
0
0
0
0
0
0
0
0
0
0
0
0
0
0
0
0
0
0
0
0
0
0
0
0
0
0
0
0
0
0
0
0
0
0
0
0
0
0
0
0
0
0
0
0
0
0
0
0
0
0
0
0
0
0
0
0
0
0
0
0
0
0
0
0
0
0
0
0
0
0
0
0
0
0
0
0
0
0
0
0
0
0
0
0
0
0
0
0
0
0
0
0
0
0
0
0
0
0
0
0
0
0
0
0
0
0
0
0
0
0
0
0
0
0
0
0
0
0
0
0
0
0
0
0
0
0
0
0
0
0
0
0
0
0
0
0
0
0
0
0
0
0
0
0
0
0
0
0
0
0
0
0
0
0
0
0
0
0
0
0
0
0
0
0
0
0
0
0
0
0
0
0
0
0
0
0
0
0
0
0
0
0
0
0
0
0
0
0
0
0
0
0
0
0
0
0
0
0
0
0
0
0
0
0
0
0
0
0
0
0
0
0
0
0
0
0
0
0
0
5.54119e-05
0.000145552
0.000114044
2.58176e-05
2.95316e-05
5.69477e-05
5.22516e-05
0.000107545
2.36289e-05
4.89202e-05
5.18304e-05
5.6885e-05
0.00042626
0.00071878
0.000599984
0.000634221
0.000452359
0.000137106
0.000145197
3.85731e-05
3.51081e-05
1.58589e-05
7.37056e-05
5.55463e-05
6.49615e-05
0.00016813
0.000200716
9.44477e-05
0.000137555
0.000135496
0.000136518
0.000137133
0.000139951
0.000137159
0.000140878
0.000160538
5.64894e-05
0.000115319
0.000120749
1.28603e-05
2.22887e-05
5.50837e-05
5.60434e-05
2.39344e-05
4.93118e-05
6.83477e-05
0.000242267
0.000279924
0.000276736
0.000144773
0.000615872
0.000539192
0.000715203
4.05891e-05
0.000523909
0.000659827
0.000365432
2.97101e-05
5.50996e-05
0.000789972
0.000477164
0.000667367
0.000127376
0.000371495
0.000100486
5.2821e-05
0.000138423
4.02298e-05
0.000126479
4.00615e-05
0.000142776
2.47551e-05
8.89207e-05
1.94433e-05
4.12935e-05
2.18502e-05
0.000108755
0.000345348
4.99839e-05
0.000289055
0.000346414
5.16811e-05
0.000191456
0.000192111
5.21986e-05
0.000275533
0.000214028
0.000131343
0.000136985
0.000118987
0.000136803
0.000137025
0.000138484
0.000137845
0.000138805
7.19887e-05
7.22128e-06
5.20442e-05
5.88581e-05
2.12017e-05
4.49362e-05
5.57402e-05
6.61958e-05
1.54899e-05
6.6276e-05
6.90242e-05
6.98464e-05
6.97924e-05
6.98836e-05
6.98866e-05
6.92695e-05
6.96164e-05
2.41966e-05
6.96172e-05
6.98301e-05
5.56278e-05
2.38356e-05
6.2941e-05
6.53737e-05
7.44531e-05
2.34928e-05
4.69602e-05
3.11976e-05
8.50597e-06
7.18688e-05
5.96416e-05
0.000154403
5.38443e-05
0.000174053
7.76195e-05
0.000166323
0.00015536
4.75239e-05
2.45739e-05
1.85901e-05
6.39009e-05
1.38344e-05
8.84953e-06
8.29018e-05
0.000221271
0.000106431
0.000116873
0.000306995
1.54924e-05
1.88125e-05
2.57706e-05
5.15498e-05
2.11915e-05
5.12324e-05
0.000114162
0.000256631
0.000257177
0.000262535
0.000214426
7.98209e-05
0.00022477
0.000185326
0.000160733
4.38293e-05
2.04466e-05
7.96456e-05
6.16525e-05
1.06927e-05
9.61125e-06
6.10308e-05
0.000122238
5.25413e-05
2.11873e-05
1.66405e-05
5.10177e-05
3.82743e-05
5.33601e-05
3.66777e-05
8.34632e-05
0.000109477
0.000103115
0.000139872
0.000134991
2.81754e-05
0.000125893
0.000120728
0.000127376
0.000127466
0.000127564
0.000127553
0.00012716
0.000135867
8.92729e-05
0.000111996
0.000127492
0.000127166
0.000111803
0.000134872
0.00015443
0.000144082
0.000118787
0.000143257
0.000149081
0.000225281
0.000229785
2.44743e-05
4.35733e-05
5.11578e-05
5.82116e-05
4.3655e-05
2.59697e-05
8.87021e-06
2.14022e-05
2.11706e-05
0.000129864
6.59042e-05
0.000106108
0.000231746
0.000200533
3.75241e-05
9.3298e-06
3.00089e-05
1.11454e-05
7.29971e-05
6.10297e-05
9.03635e-05
0.000162917
5.46953e-05
3.30346e-05
0.000141256
0.000163361
2.89473e-05
1.69235e-05
6.38594e-05
0.000139395
5.86659e-05
7.03738e-05
0.000130948
0.000115245
9.88247e-05
0.000100394
2.74002e-05
3.00087e-05
2.27688e-05
3.81586e-05
0.000111613
0.000250999
0.000725299
0.000131896
0.000754482
0.000687401
4.60493e-05
0.000253752
0.000450525
0.000821543
0.000648641
0.000676511
0.000455088
0.000458381
8.65346e-05
0.000449404
0.000112718
0.000665093
0.000160135
0.00012523
5.01911e-05
0.000456253
5.26931e-05
0.000131362
0.000153123
0.000108977
0.000463324
1.05322e-05
2.29332e-05
6.41211e-05
2.81794e-05
0.000232061
2.33287e-05
0.00014481
0.000130606
0.000100052
3.92954e-05
0.000110427
0.000201858
0.000183094
0.000203061
9.9939e-05
0.000173017
0.000142696
0.000173453
0.000197077
0.000173625
0.000210252
0.000210224
0.000181111
0.000181585
0.00021693
0.000228919
0.000233894
0.000255534
0.000231749
0.000251778
9.37194e-06
2.43877e-05
2.02882e-05
4.05102e-05
1.06592e-05
8.95924e-06
0.000151089
5.17269e-05
0.000115892
0.000173491
0.000173484
0.000191371
0.000183882
0.000212554
4.08816e-05
5.71929e-05
4.9953e-05
5.02424e-05
1.57913e-05
9.34769e-06
3.70759e-05
4.48798e-05
1.01911e-05
1.37478e-05
1.05639e-05
5.34751e-05
3.88689e-05
7.41025e-05
0.000354603
0.00032337
0.000134763
0.000420931
0.000303815
0.000573777
0.000607042
0.000469812
0.000570915
0.00037308
0.000620869
5.27829e-05
0.000541845
0.000513576
0.000378928
0.000246432
0.000141385
2.19477e-05
4.2214e-05
5.44121e-05
0.000333615
7.88435e-05
0.000391874
0.000163409
0.000140697
0.000748563
0.000817382
0.000605632
0.000128945
0.000102414
0.000128003
0.000101972
0.000286825
4.04852e-05
0.000128995
0.000230388
0.000189792
2.53895e-05
0.000249657
0.000774212
0.000562658
0.000660032
0.00017074
0.000371486
0.000465591
0.000159868
0.000369384
0.000450054
0.000205942
0.00037603
9.99997e-05
0.000210827
0.000166311
0.000171847
0.00042713
4.00587e-05
0.000307318
0.000113567
2.57289e-05
2.01774e-05
1.99658e-05
4.96656e-05
0.000110743
0.000320749
0.00024065
0.000506752
0.000307038
0.00046798
0.000472679
0.000320035
0.000170797
0.000172816
0.000173365
0.000173613
0.000173585
0.000173544
0.000206604
0.000207302
0.000173604
0.000183173
0.000173508
0.000191333
0.000243958
0.00027204
1.41411e-05
1.6544e-05
1.29667e-05
2.34989e-05
2.33579e-05
1.50184e-05
3.8753e-05
2.41863e-05
6.92268e-05
4.1753e-05
5.84376e-05
6.97324e-05
6.98633e-05
6.95723e-05
6.98749e-05
6.98858e-05
6.62369e-05
6.98176e-05
5.57726e-05
2.42618e-05
6.92619e-05
6.98779e-05
6.62189e-05
5.99834e-05
5.6893e-05
7.30404e-05
5.5998e-05
7.91066e-05
2.55269e-05
0.000112871
7.48003e-05
0.0001637
0.000151561
0.00022523
0.000208862
0.000168939
0.000119236
7.01674e-05
1.3781e-05
9.69658e-05
6.38879e-06
5.6369e-05
1.52383e-05
3.92467e-05
8.81416e-05
0.000232356
0.000226657
9.72428e-06
1.07022e-05
2.13613e-05
0.000103887
6.91979e-06
5.72359e-05
1.59876e-05
9.94232e-06
5.13799e-05
2.57801e-05
5.1509e-05
2.57792e-05
1.10066e-05
1.15802e-05
4.12591e-05
4.10684e-05
0.000107584
0.000153724
0.000203651
0.000165262
0.000151878
0.000176952
0.000133775
6.95322e-05
0.000303726
0.000310683
0.00028726
0.000259069
0.000244503
0.000258967
0.000264729
0.000182734
0.00010293
0.000306497
9.05225e-05
0.000106429
0.000257582
0.00036721
0.000320639
0.000292538
0.000239819
0.000245102
8.67491e-05
0.00023188
0.000223134
9.1377e-05
6.5523e-05
0.000295815
0.000371462
0.000316511
0.000325261
0.000361623
0.000168092
0.000337859
3.96216e-05
3.12658e-05
5.79704e-05
5.43705e-05
2.27813e-05
1.9175e-05
7.60751e-05
0.000101728
1.71822e-05
1.28257e-05
8.62548e-05
3.05254e-05
8.08328e-05
0.000158812
8.73908e-05
0.000191508
0.000190441
0.000135683
0.000111322
0.000195899
7.56658e-05
3.8348e-05
0.000127257
0.000106277
0.000162822
0.000127019
0.000173053
0.000127503
0.000173216
0.000127567
0.000127531
0.000127457
0.000140109
0.00011151
0.000135329
0.000205159
0.000127559
0.000135634
0.000206303
9.02128e-05
0.000140103
0.000196405
0.000144797
0.000142504
0.000189473
0.000146036
0.000116265
0.000219036
0.00017134
0.00021112
0.000208078
0.000195798
1.57607e-05
6.38332e-05
1.06399e-05
0.000165718
0.000179658
7.13257e-05
6.71277e-05
4.38416e-05
8.23151e-05
6.63996e-06
8.35716e-05
4.50582e-05
2.82027e-05
2.09169e-05
6.37308e-05
2.45485e-05
5.8537e-05
2.3075e-05
1.07094e-05
1.12181e-05
1.15593e-05
6.77251e-05
2.56307e-05
0.000233907
0.000228876
9.49681e-05
9.72214e-05
0.00010617
0.000148607
0.000121974
1.38023e-05
0.000172737
5.89487e-05
9.77546e-05
1.54368e-05
8.51154e-05
1.59698e-05
1.07258e-05
2.53502e-05
3.71205e-05
1.80174e-05
1.99548e-05
8.08241e-05
1.87981e-05
4.25948e-05
1.88973e-05
4.2694e-05
8.59297e-05
8.54691e-05
0.00082991
0.000223405
0.00067106
0.000522261
0.000172368
0.000159031
1.96882e-05
1.92654e-05
4.9495e-05
8.81843e-05
8.3716e-05
4.45848e-05
8.51455e-05
8.64204e-05
0.000341033
0.000472232
0.000397985
0.000162179
0.000175218
6.34462e-05
5.93469e-05
0.000197556
0.000522831
0.000560234
0.0004658
0.000311287
0.00024063
0.000451015
0.000728484
0.000515973
0.00036704
0.000271959
0.000205248
0.000156863
0.000158534
0.000395512
0.00034044
8.13326e-05
3.30647e-05
0.000144402
0.000240332
0.000239756
0.000454793
0.000454681
3.73277e-05
7.65678e-05
0.000214396
0.000290231
0.000453918
0.000339938
0.000454932
0.000454798
0.00045496
0.00045826
0.000459473
0.000455017
0.000457047
0.000459533
0.000459667
0.000456803
0.000454956
0.000459623
0.000458184
0.000454922
0.000453869
0.00045465
0.000379914
0.000452195
0.000319937
0.000116303
0.000103958
0.000201722
0.000315123
0.000445837
0.000238825
0.000454277
0.000459289
0.000307226
0.000411405
0.000459548
0.000459616
0.000430201
0.000432049
0.000459425
0.000453807
0.000415469
0.000312467
0.000442888
0.000283414
0.000240147
0.000171233
0.000156564
0.000320287
0.000365403
0.000368
0.000325503
0.000161595
0.000146922
0.00016949
0.00010917
0.00010895
0.000119671
6.98126e-05
0.00016506
0.000125924
5.38086e-05
0.000164774
0.000120475
5.36796e-05
5.95887e-05
5.7442e-05
0.00011155
6.66169e-05
2.89728e-05
3.81216e-05
3.307e-05
3.33109e-05
0.000137408
0.000641539
0.000666337
0.000436236
0.000179754
0.000318332
8.00325e-05
0.000187531
0.000134026
0.000174714
0.000320297
3.65099e-05
0.00075924
0.000868508
0.000815037
0.000149105
0.000578077
0.000379755
0.000663387
0.000578376
0.000527792
0.00049668
0.000773694
0.000570413
0.000664235
0.000194608
0.000447129
0.000165911
4.64517e-05
4.99934e-05
0.000125632
0.00032912
0.000424125
0.000337925
0.000451186
0.000453942
0.000453942
0.000453942
0.00045346
0.000160869
0.000214116
5.00867e-05
5.40242e-05
0.000132839
1.91992e-05
0.000123758
1.6824e-05
0.000111541
7.28696e-06
1.37825e-05
0.000119521
0.000420689
0.000169969
0.000160359
0.000563401
0.000492896
0.000435473
0.00026956
0.000172247
0.000408053
0.000438965
0.000203401
6.61908e-05
0.000560282
0.000471928
0.00016211
0.000186515
0.000589955
0.000530855
0.000234805
5.05133e-05
0.000389698
0.000268861
0.00011059
0.000114726
8.75821e-05
0.000199354
3.46427e-05
0.000732973
0.000728578
0.00082853
0.000839174
0.000570967
0.00056392
0.000751183
0.000739585
0.000507863
0.000384111
0.000643892
0.000477447
5.18792e-05
0.000138896
0.000327408
0.000582806
0.000584177
0.0003832
0.000744413
0.000894798
0.00090475
0.000902736
0.000906868
0.000904527
0.000903726
0.00090734
0.000907153
0.000855084
0.000762663
0.00088663
0.000844242
0.000178687
7.04631e-05
0.00050499
0.000338108
0.000217336
0.000178617
0.000315909
0.000122717
0.00011164
4.41212e-05
6.09324e-05
0.000421216
0.000135847
0.000396136
5.5567e-05
0.000130482
0.000806639
0.000865334
0.000750488
0.000618348
0.000813047
0.000890855
0.000895363
0.000847422
0.000861597
0.000903286
0.000902152
0.000886921
0.000883075
0.000890359
0.000887512
0.000846327
0.000839988
0.000866397
0.000833289
0.000757074
0.000819498
0.000776742
0.000686744
0.000125587
5.80682e-05
0.000506617
0.000136319
0.000193158
0.000285432
0.000476721
0.000533231
0.000526698
0.000433786
0.000381463
0.000431263
0.000280063
0.000160837
0.000453942
0.000453459
0.000453942
0.000453942
0.000454188
0.000454681
0.000337976
0.000451191
0.000454188
0.000437832
0.00045316
0.000450177
0.000241966
2.4406e-05
0.000110934
0.000160861
6.90817e-05
0.000415975
0.00029736
0.000448359
0.000454724
0.000321609
0.000412292
0.000455938
0.000443828
0.000454932
0.000457002
0.000454952
0.000457478
0.000458355
0.000459161
0.000458898
0.000459395
0.00045598
0.000457634
0.000456804
0.000458593
0.000458983
0.000459599
0.000459388
0.000459654
0.00045598
0.00045844
0.000455016
0.000457451
0.000459319
0.000459515
0.000458672
0.000459224
0.000454856
0.000457258
0.00045459
0.000449737
0.00045779
0.000444566
0.000430646
0.000421571
0.000449718
0.000441279
0.000415688
0.000404736
0.000254632
0.000303981
0.000172658
0.000406125
5.60762e-05
0.000283531
6.67869e-05
0.000121447
3.18426e-05
0.00038663
0.000228736
0.000426357
0.000416852
3.90463e-05
8.42877e-05
0.000140096
0.000351403
0.000457595
0.000438956
0.000458802
0.000457011
0.000396812
0.000357839
0.000446589
0.000388376
0.00045967
0.000458462
0.00045969
0.000458676
0.000452641
0.000439874
0.00045342
0.000440324
0.000459025
0.000457552
0.000457783
0.000438891
0.000448428
0.000394901
0.000398997
0.000365338
0.000416961
0.000412662
0.000365903
0.000149673
0.000138352
0.000349403
3.75817e-05
3.83753e-05
8.96551e-05
3.99719e-05
3.54068e-05
3.26067e-05
0.000235665
0.000277979
0.000155453
2.75005e-05
0.000389206
0.000233544
0.000389878
0.000235346
7.44441e-05
7.48961e-05
0.000285843
0.000158294
3.43363e-05
0.000244236
2.77943e-05
0.000211248
5.76721e-05
2.45602e-05
4.18006e-05
2.06133e-05
7.95452e-06
1.45984e-05
1.23665e-05
3.8532e-05
0.000193987
2.89789e-05
6.8885e-05
0.000116323
4.67494e-05
1.73369e-05
4.58662e-05
1.69202e-05
4.33439e-05
3.20751e-05
0.000129335
7.20545e-05
0.000346181
0.000131753
0.000340812
0.000419958
4.86035e-05
4.79013e-05
0.000127657
0.000127676
0.000410721
0.000382196
0.00044781
0.000447818
0.000101874
0.00042433
1.08362e-05
1.07595e-05
2.15957e-05
1.60197e-05
1.20277e-05
2.04355e-05
1.16507e-05
1.9782e-05
1.87072e-05
1.96938e-05
0.00038692
0.00029002
0.000280777
0.000212075
0.000401237
0.000447053
0.000444353
0.000406096
0.000412105
0.000441836
0.000453942
0.000453942
0.000453936
0.000453879
0.000110699
0.000355427
0.000231224
0.000109158
0.000415391
0.000441732
0.000447147
6.74447e-05
7.54167e-05
6.49559e-06
0.000378843
0.000334493
0.000289466
0.000452152
0.000453942
0.000453942
0.000453942
0.000453942
0.000453942
0.000453937
0.000453942
0.000452156
0.000404301
0.000434932
0.000452699
0.000448355
0.00044763
0.000436974
0.000447661
0.000443414
0.000443764
5.00134e-05
0.000180516
0.000292756
0.000392308
0.000284012
0.000373381
0.000434753
0.00044947
0.000450804
0.000444124
0.00010764
0.000291566
0.000108725
0.000211643
8.29582e-05
3.47952e-05
0.000110671
0.000322872
0.000355486
0.000430022
0.000401171
0.000308448
0.000445664
0.00044374
0.000453936
0.000453878
0.000452317
0.000453942
0.000453942
0.000412144
0.000441855
0.0004523
0.000451245
0.000448851
0.000446241
0.000443809
0.00045362
0.000453842
0.000413452
0.000401952
0.000443437
0.000118507
0.000282316
0.000104608
7.62751e-05
0.000167764
0.000116419
0.000204682
0.000222921
0.000453942
0.000453942
6.22873e-05
4.51951e-05
8.04509e-05
3.64345e-05
7.99524e-05
3.63404e-05
0.000140136
6.09098e-05
0.000139879
6.03491e-05
0.000453942
0.000453942
0.000103323
0.000299332
0.000179351
9.88819e-05
9.89123e-05
0.000129846
0.000155836
0.000127045
0.000146711
0.000103344
9.18696e-05
0.00015096
2.37643e-05
0.000453942
0.000197374
0.000218206
0.000321298
0.0001491
0.000178243
8.8076e-05
0.00026391
0.000235161
8.81618e-05
0.000263975
0.000235351
5.20898e-05
2.59218e-05
5.2036e-05
8.09864e-05
0.000149863
0.000102417
1.81541e-05
3.41738e-05
0.000149493
0.0001272
8.84865e-05
0.00020779
7.23242e-05
7.43783e-05
0.000203056
5.21611e-05
5.29657e-05
0.000150589
1.93998e-05
2.15529e-05
3.65365e-05
4.02505e-05
1.78389e-05
0.000146176
6.71417e-05
2.20543e-05
3.06594e-05
0.000152857
0.000178652
0.000165703
9.13055e-05
0.000151704
0.000178364
0.000156944
8.90129e-05
0.000133171
6.0376e-05
2.12818e-05
2.89569e-05
4.0393e-05
7.96606e-06
4.40328e-05
1.71148e-05
0.000275633
0.000103284
0.000275549
0.000422769
0.00027567
0.00010343
0.000275817
0.000243701
9.85463e-05
0.000263366
0.000293833
0.000109559
0.000283205
0.000104559
0.000453942
0.000453942
0.000453942
0.000453942
0.000104525
0.000453937
0.00045394
8.3941e-05
0.000319291
0.000404359
0.000451801
0.000451847
0.000453536
0.00045365
0.000453942
0.000453923
0.000453927
0.000453942
0.000453942
0.000453506
0.000453404
0.000451863
0.000452378
0.000453915
0.000453892
0.000448475
0.000434283
0.000303931
0.000233083
0.000150894
0.000254061
0.000214612
0.000422618
0.000204805
0.000270668
2.31287e-05
0.000453942
8.61494e-05
0.000453878
0.000453942
0.000453755
0.000453442
0.000175819
0.000241942
2.20669e-05
8.9655e-05
0.000198808
0.000607553
0.000754821
0.000221098
0.000364865
0.000303274
0.000179159
0.00077289
0.000244997
0.000766726
0.000578131
0.000485952
0.000820084
0.000683586
0.000569663
0.000508392
0.000182836
0.00051616
4.88488e-05
0.00013455
0.000201038
0.000523572
0.00052896
0.000688499
0.000805326
0.00075439
0.000706322
0.000374522
0.000157566
0.000134079
4.99971e-05
0.00013836
0.000130534
5.85533e-05
0.000482809
0.000356321
0.000130635
0.000660762
0.000516051
0.000672445
0.00020184
0.000414101
0.000712196
0.000683545
0.000501834
0.000347806
0.000653251
0.0008214
0.00084072
0.000786476
0.000725315
0.000822513
0.000777697
0.000740398
0.000795941
0.000659489
0.000618071
0.000193033
0.000129202
0.000259555
0.000328759
0.000540124
4.45543e-05
0.000259808
0.000190895
0.000196481
4.50896e-05
3.28996e-05
0.00022815
8.94087e-05
5.58649e-05
0.000617911
0.000600727
0.000372707
0.000347677
2.14408e-05
5.62298e-05
0.000326054
1.85038e-05
0.00024876
5.64973e-05
4.91346e-05
0.000225079
0.000207469
0.00019465
0.000248393
0.000111356
0.000134894
0.000293931
0.000174511
0.000519781
0.000136599
0.000744525
0.00018268
0.000198364
2.59237e-05
2.10163e-05
0.000235727
9.09875e-05
0.000115904
0.00074706
0.000219581
0.000803452
0.000800804
0.000680697
0.000760292
0.000561074
8.38567e-05
5.68864e-05
0.000506431
0.000122279
0.000717083
9.54455e-06
2.96948e-05
6.29088e-05
1.08166e-05
0.000201598
0.000474021
0.000607557
0.000529306
0.000790576
0.000878426
0.000399842
0.000352976
0.000863725
0.000837199
0.000353215
0.000107902
0.000813737
0.000214643
0.000671232
0.000881282
0.000822465
0.000900166
0.000900157
0.000907644
0.00089609
0.000884637
0.000907742
0.000907376
0.000866118
0.000355792
0.000906033
0.000854067
8.32468e-05
0.000802083
0.000893879
0.000720077
0.000901698
0.000906436
0.000729549
0.000816229
0.000907047
0.00090623
0.000835581
0.000806878
0.000904945
0.000889043
0.000771698
0.00072609
0.000871652
0.000721143
0.000517049
0.000336024
0.000533431
0.000699305
0.00040073
0.00045394
0.000729052
0.000680207
0.000612942
0.000531917
0.000400806
0.00051775
0.000336107
0.000413099
0.000434403
0.000453942
0.000453942
0.000434431
0.000413127
0.000440061
2.55045e-05
0.0001005
5.5478e-05
8.39917e-05
0.000364193
0.000226546
0.000364203
0.000226757
2.59789e-05
0.000155559
0.000227361
0.000119923
0.000133195
0.000112234
0.000211377
0.00012785
3.28211e-05
0.000200408
6.95018e-05
1.68815e-05
4.46176e-05
0.000304443
0.00012407
8.37013e-05
0.000180557
8.51284e-05
0.000323769
0.000369508
0.000124915
0.000186622
0.000457927
0.000129115
0.000477802
0.000258134
9.68389e-05
5.31354e-05
0.000103649
6.03875e-05
0.000479533
0.000411202
0.000158318
9.18997e-05
3.435e-05
0.000367021
0.000366839
0.000147017
0.000666725
0.000383694
0.000592516
0.000298443
0.000393663
0.000434319
0.000432368
0.000354127
0.000404815
0.000266099
5.45596e-05
6.63031e-05
5.72283e-05
0.000220824
6.01641e-05
5.39393e-05
0.000110199
3.9147e-05
0.000381348
0.000368585
7.98205e-05
0.000154122
0.000160349
0.000190179
0.000113723
0.000104531
0.000279462
0.000422226
0.000228434
0.000388331
4.84841e-05
0.000384196
0.000482819
0.000469999
0.00019622
0.000405307
0.000349552
0.000395442
0.000251941
0.000470871
0.000287969
0.0001192
0.000176373
0.000177444
0.000429894
0.000474017
8.58668e-05
3.50518e-05
0.000291431
0.000522058
0.000213391
0.000130482
5.4551e-05
0.000326916
4.76924e-05
0.000127075
0.000122565
0.000266657
0.000168738
0.000116982
0.000193293
0.000278005
0.000528081
0.000518308
0.000303337
0.000132511
0.00026911
0.00010772
0.000190707
0.000102005
4.66148e-05
0.000131792
0.000286755
4.39334e-05
9.45703e-05
9.51575e-05
4.82083e-05
0.000131655
0.000671589
0.000494371
0.000130125
0.00048869
0.000352614
0.000164256
0.000374605
0.000172632
0.000526223
0.000453041
0.000708133
0.000596977
5.73643e-05
9.94769e-05
3.80887e-05
0.000114279
0.000230183
0.000225316
0.000108568
0.000159531
0.000233457
7.42862e-05
7.98327e-05
2.88035e-05
0.000864958
0.00071722
0.000760764
0.000863096
0.00072611
0.000832468
0.000570033
0.000379611
0.000666708
0.000875346
0.000849948
0.000853038
0.000590715
0.000805745
0.000765783
0.000367578
0.000149394
0.000369417
0.000760314
0.000796372
0.000795856
0.000592234
0.000800624
0.000759284
0.000779124
0.00082917
0.000824457
0.000594055
0.000211648
0.000392033
0.000190303
0.000234258
8.60668e-05
0.000527638
0.00032148
0.000394139
0.000116151
0.000376686
0.000363329
8.92517e-05
0.000267661
0.000790218
0.000616787
0.000680422
0.000379825
0.00045946
0.000473764
0.000367025
0.00036752
0.000282844
0.000364189
0.000312088
0.000367015
1.08329e-05
0.000560084
0.000591484
0.000526512
0.000685828
0.000686146
0.000758847
0.000865293
0.0008173
0.000884068
0.000360493
0.000616234
0.00035482
0.000559836
0.000779944
0.000851118
0.000731676
0.00084443
0.000343439
0.000549415
0.000274726
0.000146811
0.000710831
0.000739077
0.000180833
0.000556126
8.22611e-05
0.000365006
0.000766646
0.000723256
0.000841789
0.000831459
0.000882427
0.000859358
0.000899324
0.000906216
0.000886888
0.000905842
0.000907569
0.000907266
0.000892079
0.000905467
0.000889429
0.000901381
0.000907502
0.000907736
0.000906328
0.000907671
0.000805134
0.000891
0.00065205
0.000586564
0.00090217
0.000900954
0.000759771
0.00088613
0.000345939
0.000636996
0.000733873
0.000646916
0.000790582
0.000866848
0.000883576
0.000592641
0.000834506
0.000683593
0.000903942
0.000888092
0.000905282
0.000900204
0.000840436
0.000743043
0.000877333
0.000776904
0.000907139
0.000902884
0.000906899
0.000899305
0.000885861
0.000836794
0.000873948
0.000827624
0.000902828
0.000894743
0.000898499
0.000884913
0.000859454
0.000741037
0.000837991
0.000729069
0.0008437
0.00087974
0.000799216
0.000834825
0.000691254
0.000618184
3.66433e-05
0.000170059
0.000239131
0.000540884
0.000620259
0.000553777
0.000465074
0.000725959
0.00057054
0.000711541
0.000512763
0.000463223
0.000539946
0.000474331
0.000533989
3.66945e-05
0.000239072
0.000169886
0.000327482
0.000353539
0.000391686
0.000453631
0.000453898
0.000453898
0.000453632
0.000353481
0.00032722
0.000402352
0.000210194
0.000211724
8.59294e-05
0.000213805
0.000100469
0.000154087
0.000182583
0.000240544
0.000220097
0.000193653
0.000259513
0.000212769
0.000156841
0.000204326
0.00012392
6.16535e-05
0.000159259
0.000160903
6.38961e-05
0.000144213
0.0004135
0.000198655
0.000396604
0.000381298
4.04783e-05
0.000383179
0.000392807
0.000435812
0.000324973
0.000285828
0.000373003
0.000129658
0.000404035
0.000217963
0.00035741
0.000437361
0.000222653
0.00021552
0.000441177
0.000436805
0.000453692
0.000422026
0.000450652
0.000452779
0.000404011
0.000453501
0.000453757
0.000453942
0.000453942
0.000453594
0.000436745
0.000453942
0.000453894
0.000453942
0.000453942
0.000453942
0.000453942
0.000453942
0.000453942
0.000453942
0.000453495
0.000453942
0.000453942
0.000453942
0.000453942
0.000453942
0.000453942
0.000453499
0.000453756
0.000453942
0.000453942
0.000452777
0.000347048
0.000403999
0.000453894
0.000453942
0.000453942
0.000453942
0.000453748
0.000453594
0.000453807
0.00043674
0.000357396
0.000439281
0.000453693
0.000422024
0.000453841
0.000448615
0.000453455
0.000453915
9.68971e-05
7.78681e-05
0.000292209
0.000111763
0.00045129
0.000438401
0.000379596
0.000416522
0.000360527
0.000284905
0.000117775
0.000283367
0.000191093
4.68545e-05
7.06372e-05
0.000355037
0.000135313
0.000302865
0.000348943
7.51854e-05
7.5127e-05
3.09132e-05
0.000403908
0.000341922
0.000411347
0.000443871
0.000410126
0.000445416
0.000457376
0.000453828
0.000453907
0.00045743
0.000453697
0.000453923
0.000453942
0.000453942
0.000458791
0.000458861
0.00045802
0.000453699
0.00045844
0.000459149
0.000459321
0.000458019
0.00045763
0.000453698
0.000459142
0.000458944
0.000456598
0.000453723
0.00045454
0.00045389
0.000454803
0.000446874
0.000430336
0.000453572
0.000424193
0.000445802
0.000448318
0.000430843
0.000444338
0.000444828
0.000443625
0.000371866
0.000333626
0.000372401
0.000422823
0.000373194
0.000434322
0.000220401
0.000121677
0.000275606
0.000340827
5.75036e-05
0.000245044
0.000236886
0.000160304
4.43776e-05
2.86184e-05
0.000310433
0.000375613
0.000167504
0.00027675
0.000449732
0.000454582
0.000423498
0.000437806
0.000459138
0.000459184
0.000455628
0.000455806
0.000455562
0.000450835
0.000440951
0.000427215
0.000360769
0.000273012
0.000267087
0.000146147
7.96496e-05
0.000101898
0.00027448
0.000275
9.88388e-05
9.89972e-05
0.000105581
8.35045e-05
5.86233e-05
0.000161424
0.000159551
2.2186e-05
5.60068e-05
1.20742e-05
7.55021e-05
0.000134078
9.61715e-05
3.08055e-05
2.99682e-05
2.18779e-05
2.09916e-05
5.58071e-05
2.74394e-05
8.67319e-05
0.000134375
3.62276e-05
6.21896e-05
9.65768e-05
2.806e-05
8.66551e-05
3.50483e-05
6.8513e-05
1.10484e-05
3.04821e-05
9.43764e-05
5.38179e-05
7.09351e-05
6.11818e-05
0.000129465
0.000158701
5.06896e-05
4.95785e-05
1.96397e-05
1.50155e-05
2.96139e-05
0.00022043
0.000218684
9.33048e-05
0.000213818
9.71735e-05
0.000177947
0.000153064
0.00024395
0.000220769
0.000261843
0.000194504
0.000217953
0.000180063
0.000207964
0.000132825
5.68152e-05
2.68764e-05
1.3186e-05
0.000101894
3.14319e-05
4.03299e-05
1.17927e-05
2.49787e-05
3.41209e-05
0.000123467
5.30052e-05
7.44509e-05
1.22832e-05
2.46497e-05
4.85653e-05
1.60235e-05
0.000218394
0.00022558
0.000170493
0.000185586
0.00028659
0.000240564
0.000205311
0.000333667
0.000223495
8.09113e-05
8.20564e-05
0.000218901
0.000321287
0.000362853
0.000372
0.000313191
0.000286277
0.000240425
0.000204554
0.000333577
0.000222973
8.03232e-05
8.16911e-05
0.000218073
0.000193727
2.90399e-05
0.000115766
6.88479e-05
0.000321087
0.00036278
0.000371957
0.000312879
6.67068e-05
7.73931e-05
0.000129223
6.95053e-05
0.000187218
4.80811e-05
0.000184343
0.000310653
0.000267475
0.000214219
6.60562e-05
7.7209e-05
0.000127682
6.88025e-05
0.000186093
4.72826e-05
0.000183286
0.000310471
0.00026687
0.000213905
4.58413e-05
0.000119004
1.2064e-05
8.76441e-05
0.000160266
0.000177183
1.88561e-05
0.00013299
0.000427415
0.000442363
0.000416857
0.000410751
0.000382229
0.000394476
0.000363106
0.000317417
0.000208518
0.000438508
0.000415932
0.000345555
0.000415958
0.000438537
0.00034565
0.000317407
0.000208624
0.000389665
0.000447208
0.000439967
0.000404269
0.000447223
0.000439978
0.000389678
0.000317254
0.00023771
0.000355062
0.000284434
0.000375455
0.000444214
0.000417619
0.000300865
0.000443125
0.000414256
0.000441202
0.000411099
7.55063e-06
8.53724e-06
0.000390669
0.000404855
0.000435769
0.000397956
0.000353411
0.000419483
0.000433476
0.00042344
0.00041727
0.00043694
0.000412559
0.000402683
0.000435114
0.000415463
0.000444919
0.000437285
0.000402081
0.000420719
0.000433981
0.000451382
0.000308134
0.000434914
0.000401599
0.000450471
0.000438781
0.000347044
0.000453942
0.000453942
0.000453942
0.000453942
0.000453942
0.000453942
0.000453942
0.000453942
0.00045394
0.000453934
0.000453325
0.000453859
0.0003229
0.00036058
0.000131865
0.000259548
0.000391646
0.000334543
0.000121298
0.000238081
0.000289517
0.000217958
0.000139015
0.000354215
0.000375612
0.000319803
0.000301722
0.00034501
0.000161081
0.000427323
0.000431947
0.00044985
0.000214167
0.000238478
0.000150428
0.000339504
0.000348532
3.2111e-05
8.98708e-05
7.66547e-05
3.16734e-05
8.97999e-05
7.61272e-05
3.12169e-05
0.000203429
9.29236e-05
0.000126186
0.000405593
0.000344071
0.000315762
0.000415026
0.000443629
0.00045294
0.000451707
0.000449394
0.000440502
0.000451615
0.000443076
0.00045102
0.000453942
0.000453942
0.000453942
0.000453942
0.000405591
0.000344189
0.000415039
0.000315835
0.000443615
0.000452939
0.000451696
0.000452095
0.0004494
0.000440453
0.00045157
0.000443034
0.000450987
0.00020359
0.000126239
9.30478e-05
0.000371456
0.000452087
0.000453572
0.000452694
0.000448344
0.000453942
0.000453942
0.000453942
0.000453942
0.000453938
0.000453889
0.000453737
0.000453918
0.000453573
0.000378857
0.000371443
0.00036365
0.000188879
7.56286e-05
6.73183e-05
2.61457e-05
0.000213418
0.000190312
8.93755e-05
8.43028e-05
0.000383114
0.000370624
0.00043627
0.000435326
0.000415219
0.000396117
0.000430948
9.31878e-05
0.000126771
0.000232887
0.000201119
0.000377155
0.000287884
0.000437627
0.000419431
0.00041395
0.000422841
0.000268943
0.000312071
0.000328654
0.000155141
0.000298234
0.00017263
0.000369898
0.000411308
0.000315744
0.000434465
0.000448109
0.000392776
0.000444426
0.000423704
0.000444207
0.000427887
0.000344364
0.000413042
0.000307437
0.000417307
0.000269704
0.000105454
4.20376e-05
0.000100237
0.000170963
0.000360369
0.000131863
0.000238071
0.000121275
0.000139034
0.000259626
0.000368377
0.000336011
0.000413369
0.000437559
0.000346301
0.000121773
0.000424456
0.000446757
0.000415578
0.000445532
0.000453942
0.000453942
0.000453934
0.000453326
0.000453736
0.000453917
0.000453859
0.000453937
0.000442572
0.000448527
0.000414688
0.000435002
0.000453885
0.000453921
0.00044744
0.000449452
0.000453942
0.000453942
0.000453942
0.000453942
0.000453942
0.000453942
0.000453942
0.000453942
0.000453942
0.000453942
0.000453942
0.000453942
0.000453942
0.00045138
0.000442573
0.000308178
0.000401632
0.000450473
0.000438795
0.000414694
0.000453885
0.000453921
0.000453937
0.00045394
0.000448525
0.000434997
0.00044744
0.000449447
0.000406432
0.000419024
0.000449277
0.00044351
0.00032736
0.00041245
0.000434797
0.000413914
0.000438745
0.000452831
0.000452682
0.000451276
0.000368451
0.000336003
0.000424848
0.000450146
0.000415621
0.000445531
0.000452498
0.000452642
0.0004536
0.000453567
3.25519e-05
0.000341271
0.000442634
0.000451707
0.000209462
0.000266106
0.000389629
0.000239968
0.000250337
2.94453e-05
0.000120831
0.000236634
7.89093e-05
0.00032778
3.29362e-05
0.000109848
0.000299568
0.000262298
0.000213661
0.000281235
0.000171392
0.000238295
0.000205945
0.000239734
3.54383e-05
0.000110845
0.000312335
0.000453942
0.000453942
0.000453942
0.000453942
0.000453938
0.000453942
0.000453942
0.000453942
0.000453941
0.000453942
0.000453942
0.000453942
0.000453942
1.63802e-05
1.09057e-05
2.65545e-05
1.6286e-05
1.14143e-05
2.70631e-05
0.000149135
0.000147845
0.000453942
0.000453942
0.000453942
0.000453942
0.000453895
0.000453781
0.000453566
0.000453924
0.000453878
0.000453549
0.000453894
0.000453441
0.000453942
0.000453942
0.000453942
6.7492e-05
0.000363657
0.000310992
0.000278106
0.000453941
0.000453942
0.000453926
8.10639e-05
0.000103189
0.000104346
2.61701e-05
0.000115359
0.000143077
7.0289e-05
0.000102365
0.000102374
8.95929e-06
0.000156072
0.00017105
0.00016661
5.24569e-05
2.35456e-05
6.28515e-05
0.000103193
0.000104312
0.000188955
2.91928e-05
2.16495e-05
0.000157993
0.000453942
0.000453942
0.000453942
0.000453942
0.000453942
0.000107466
0.000453942
0.000453942
0.000453942
0.000453942
0.000188547
0.000255396
5.84332e-05
5.82667e-05
0.000140033
6.97952e-05
2.36632e-05
6.31042e-05
6.35731e-05
0.000273122
0.00035203
0.000169747
0.000313825
6.3753e-05
0.00027314
0.000352065
0.000170138
0.000313929
2.61109e-05
2.61142e-05
0.000216346
9.36128e-05
1.00265e-05
0.000177012
0.000160677
0.000175534
0.000156697
8.14545e-05
9.63109e-06
1.55167e-05
1.91565e-05
0.000275283
0.000367485
0.000102993
0.000367437
0.000274858
0.000439183
0.00027529
0.000367501
0.000103785
0.00036756
0.000276331
0.000212189
0.000331488
0.000101846
0.000355192
0.000272029
0.000283317
0.000351723
0.000105174
0.000364019
0.000278182
0.00038234
0.000332438
0.000264043
0.000411484
0.000118489
0.000329055
3.37301e-05
0.00027736
8.16657e-05
0.000447225
0.000396908
0.000436636
0.000433448
0.000452348
0.000452777
0.000453597
0.000448282
0.000453895
0.000453782
0.000453569
0.000453938
0.000453924
0.000453878
0.000453567
0.000453892
0.000453447
0.000453942
0.000453942
0.000453942
0.000453942
0.000453942
0.000453942
0.000453942
0.000453942
0.000453938
0.000453758
0.000453898
0.000453922
0.000447277
0.000397073
0.000433498
0.000436738
0.000452349
0.00045276
0.000453604
0.000448274
0.000453936
0.000453942
0.000453942
0.000453938
0.000382791
0.000332706
0.000411704
0.000264322
0.000277312
8.16456e-05
0.000117559
3.37253e-05
0.000453889
8.4167e-05
3.17678e-05
0.000162136
0.000439498
0.000452235
0.000453564
0.000450011
0.000453185
0.00045217
0.000453873
0.000453066
0.000453938
0.000453934
0.000453697
0.000453942
0.000453942
0.000453911
0.000453942
0.000453942
0.000453942
0.000453942
0.000453938
0.000453936
0.000453942
0.000452171
0.000453859
0.000453043
0.000453662
0.000452236
0.000453637
0.000453205
0.000453762
0.000453937
0.000453711
0.000453937
0.000452803
0.000452046
0.000401258
0.00044748
0.000347747
0.000400141
0.000206404
0.000125774
5.49811e-05
0.00029791
0.000316129
0.000100167
0.000262773
0.000434636
0.000409009
0.000440744
0.000395551
0.000392971
0.0001753
0.000164827
0.000286897
0.000343633
9.28614e-05
0.000453942
0.000453942
9.72427e-05
0.000453933
0.000453936
0.000453941
0.000453505
0.00045349
5.83317e-05
0.000228863
0.000438012
0.000208842
0.000326261
0.000167399
0.000336985
0.000236403
0.000212156
0.000104436
)
;
    }
}


// ************************************************************************* //
