/*--------------------------------*- C++ -*----------------------------------*\
| =========                 |                                                 |
| \\      /  F ield         | OpenFOAM: The Open Source CFD Toolbox           |
|  \\    /   O peration     | Version:  v2012                                 |
|   \\  /    A nd           | Website:  www.openfoam.com                      |
|    \\/     M anipulation  |                                                 |
\*---------------------------------------------------------------------------*/
FoamFile
{
    version     2.0;
    format      ascii;
    class       cellSet;
    location    "constant/polyMesh/sets";
    object      addedCells;
}
// * * * * * * * * * * * * * * * * * * * * * * * * * * * * * * * * * * * * * //


7424
(
131072
131073
131074
131075
131076
131077
131078
131079
131080
131081
131082
131083
131084
131085
131086
131087
131088
131089
131090
131091
131092
131093
131094
131095
131096
131097
131098
131099
131100
131101
131102
131103
131104
131105
131106
131107
131108
131109
131110
131111
131112
131113
131114
131115
131116
131117
131118
131119
131120
131121
131122
131123
131124
131125
131126
131127
131128
131129
131130
131131
131132
131133
131134
131135
131136
131137
131138
131139
131140
131141
131142
131143
131144
131145
131146
131147
131148
131149
131150
131151
131152
131153
131154
131155
131156
131157
131158
131159
131160
131161
131162
131163
131164
131165
131166
131167
131168
131169
131170
131171
131172
131173
131174
131175
131176
131177
131178
131179
131180
131181
131182
131183
131184
131185
131186
131187
131188
131189
131190
131191
131192
131193
131194
131195
131196
131197
131198
131199
131200
131201
131202
131203
131204
131205
131206
131207
131208
131209
131210
131211
131212
131213
131214
131215
131216
131217
131218
131219
131220
131221
131222
131223
131224
131225
131226
131227
131228
131229
131230
131231
131232
131233
131234
131235
131236
131237
131238
131239
131240
131241
131242
131243
131244
131245
131246
131247
131248
131249
131250
131251
131252
131253
131254
131255
131256
131257
131258
131259
131260
131261
131262
131263
131264
131265
131266
131267
131268
131269
131270
131271
131272
131273
131274
131275
131276
131277
131278
131279
131280
131281
131282
131283
131284
131285
131286
131287
131288
131289
131290
131291
131292
131293
131294
131295
131296
131297
131298
131299
131300
131301
131302
131303
131304
131305
131306
131307
131308
131309
131310
131311
131312
131313
131314
131315
131316
131317
131318
131319
131320
131321
131322
131323
131324
131325
131326
131327
131328
131329
131330
131331
131332
131333
131334
131335
131336
131337
131338
131339
131340
131341
131342
131343
131344
131345
131346
131347
131348
131349
131350
131351
131352
131353
131354
131355
131356
131357
131358
131359
131360
131361
131362
131363
131364
131365
131366
131367
131368
131369
131370
131371
131372
131373
131374
131375
131376
131377
131378
131379
131380
131381
131382
131383
131384
131385
131386
131387
131388
131389
131390
131391
131392
131393
131394
131395
131396
131397
131398
131399
131400
131401
131402
131403
131404
131405
131406
131407
131408
131409
131410
131411
131412
131413
131414
131415
131416
131417
131418
131419
131420
131421
131422
131423
131424
131425
131426
131427
131428
131429
131430
131431
131432
131433
131434
131435
131436
131437
131438
131439
131440
131441
131442
131443
131444
131445
131446
131447
131448
131449
131450
131451
131452
131453
131454
131455
131456
131457
131458
131459
131460
131461
131462
131463
131464
131465
131466
131467
131468
131469
131470
131471
131472
131473
131474
131475
131476
131477
131478
131479
131480
131481
131482
131483
131484
131485
131486
131487
131488
131489
131490
131491
131492
131493
131494
131495
131496
131497
131498
131499
131500
131501
131502
131503
131504
131505
131506
131507
131508
131509
131510
131511
131512
131513
131514
131515
131516
131517
131518
131519
131520
131521
131522
131523
131524
131525
131526
131527
131528
131529
131530
131531
131532
131533
131534
131535
131536
131537
131538
131539
131540
131541
131542
131543
131544
131545
131546
131547
131548
131549
131550
131551
131552
131553
131554
131555
131556
131557
131558
131559
131560
131561
131562
131563
131564
131565
131566
131567
131568
131569
131570
131571
131572
131573
131574
131575
131576
131577
131578
131579
131580
131581
131582
131583
131584
131585
131586
131587
131588
131589
131590
131591
131592
131593
131594
131595
131596
131597
131598
131599
131600
131601
131602
131603
131604
131605
131606
131607
131608
131609
131610
131611
131612
131613
131614
131615
131616
131617
131618
131619
131620
131621
131622
131623
131624
131625
131626
131627
131628
131629
131630
131631
131632
131633
131634
131635
131636
131637
131638
131639
131640
131641
131642
131643
131644
131645
131646
131647
131648
131649
131650
131651
131652
131653
131654
131655
131656
131657
131658
131659
131660
131661
131662
131663
131664
131665
131666
131667
131668
131669
131670
131671
131672
131673
131674
131675
131676
131677
131678
131679
131680
131681
131682
131683
131684
131685
131686
131687
131688
131689
131690
131691
131692
131693
131694
131695
131696
131697
131698
131699
131700
131701
131702
131703
131704
131705
131706
131707
131708
131709
131710
131711
131712
131713
131714
131715
131716
131717
131718
131719
131720
131721
131722
131723
131724
131725
131726
131727
131728
131729
131730
131731
131732
131733
131734
131735
131736
131737
131738
131739
131740
131741
131742
131743
131744
131745
131746
131747
131748
131749
131750
131751
131752
131753
131754
131755
131756
131757
131758
131759
131760
131761
131762
131763
131764
131765
131766
131767
131768
131769
131770
131771
131772
131773
131774
131775
131776
131777
131778
131779
131780
131781
131782
131783
131784
131785
131786
131787
131788
131789
131790
131791
131792
131793
131794
131795
131796
131797
131798
131799
131800
131801
131802
131803
131804
131805
131806
131807
131808
131809
131810
131811
131812
131813
131814
131815
131816
131817
131818
131819
131820
131821
131822
131823
131824
131825
131826
131827
131828
131829
131830
131831
131832
131833
131834
131835
131836
131837
131838
131839
131840
131841
131842
131843
131844
131845
131846
131847
131848
131849
131850
131851
131852
131853
131854
131855
131856
131857
131858
131859
131860
131861
131862
131863
131864
131865
131866
131867
131868
131869
131870
131871
131872
131873
131874
131875
131876
131877
131878
131879
131880
131881
131882
131883
131884
131885
131886
131887
131888
131889
131890
131891
131892
131893
131894
131895
131896
131897
131898
131899
131900
131901
131902
131903
131904
131905
131906
131907
131908
131909
131910
131911
131912
131913
131914
131915
131916
131917
131918
131919
131920
131921
131922
131923
131924
131925
131926
131927
131928
131929
131930
131931
131932
131933
131934
131935
131936
131937
131938
131939
131940
131941
131942
131943
131944
131945
131946
131947
131948
131949
131950
131951
131952
131953
131954
131955
131956
131957
131958
131959
131960
131961
131962
131963
131964
131965
131966
131967
131968
131969
131970
131971
131972
131973
131974
131975
131976
131977
131978
131979
131980
131981
131982
131983
131984
131985
131986
131987
131988
131989
131990
131991
131992
131993
131994
131995
131996
131997
131998
131999
132000
132001
132002
132003
132004
132005
132006
132007
132008
132009
132010
132011
132012
132013
132014
132015
132016
132017
132018
132019
132020
132021
132022
132023
132024
132025
132026
132027
132028
132029
132030
132031
132032
132033
132034
132035
132036
132037
132038
132039
132040
132041
132042
132043
132044
132045
132046
132047
132048
132049
132050
132051
132052
132053
132054
132055
132056
132057
132058
132059
132060
132061
132062
132063
132064
132065
132066
132067
132068
132069
132070
132071
132072
132073
132074
132075
132076
132077
132078
132079
132080
132081
132082
132083
132084
132085
132086
132087
132088
132089
132090
132091
132092
132093
132094
132095
132096
132097
132098
132099
132100
132101
132102
132103
132104
132105
132106
132107
132108
132109
132110
132111
132112
132113
132114
132115
132116
132117
132118
132119
132120
132121
132122
132123
132124
132125
132126
132127
132128
132129
132130
132131
132132
132133
132134
132135
132136
132137
132138
132139
132140
132141
132142
132143
132144
132145
132146
132147
132148
132149
132150
132151
132152
132153
132154
132155
132156
132157
132158
132159
132160
132161
132162
132163
132164
132165
132166
132167
132168
132169
132170
132171
132172
132173
132174
132175
132176
132177
132178
132179
132180
132181
132182
132183
132184
132185
132186
132187
132188
132189
132190
132191
132192
132193
132194
132195
132196
132197
132198
132199
132200
132201
132202
132203
132204
132205
132206
132207
132208
132209
132210
132211
132212
132213
132214
132215
132216
132217
132218
132219
132220
132221
132222
132223
132224
132225
132226
132227
132228
132229
132230
132231
132232
132233
132234
132235
132236
132237
132238
132239
132240
132241
132242
132243
132244
132245
132246
132247
132248
132249
132250
132251
132252
132253
132254
132255
132256
132257
132258
132259
132260
132261
132262
132263
132264
132265
132266
132267
132268
132269
132270
132271
132272
132273
132274
132275
132276
132277
132278
132279
132280
132281
132282
132283
132284
132285
132286
132287
132288
132289
132290
132291
132292
132293
132294
132295
132296
132297
132298
132299
132300
132301
132302
132303
132304
132305
132306
132307
132308
132309
132310
132311
132312
132313
132314
132315
132316
132317
132318
132319
132320
132321
132322
132323
132324
132325
132326
132327
132328
132329
132330
132331
132332
132333
132334
132335
132336
132337
132338
132339
132340
132341
132342
132343
132344
132345
132346
132347
132348
132349
132350
132351
132352
132353
132354
132355
132356
132357
132358
132359
132360
132361
132362
132363
132364
132365
132366
132367
132368
132369
132370
132371
132372
132373
132374
132375
132376
132377
132378
132379
132380
132381
132382
132383
132384
132385
132386
132387
132388
132389
132390
132391
132392
132393
132394
132395
132396
132397
132398
132399
132400
132401
132402
132403
132404
132405
132406
132407
132408
132409
132410
132411
132412
132413
132414
132415
132416
132417
132418
132419
132420
132421
132422
132423
132424
132425
132426
132427
132428
132429
132430
132431
132432
132433
132434
132435
132436
132437
132438
132439
132440
132441
132442
132443
132444
132445
132446
132447
132448
132449
132450
132451
132452
132453
132454
132455
132456
132457
132458
132459
132460
132461
132462
132463
132464
132465
132466
132467
132468
132469
132470
132471
132472
132473
132474
132475
132476
132477
132478
132479
132480
132481
132482
132483
132484
132485
132486
132487
132488
132489
132490
132491
132492
132493
132494
132495
132496
132497
132498
132499
132500
132501
132502
132503
132504
132505
132506
132507
132508
132509
132510
132511
132512
132513
132514
132515
132516
132517
132518
132519
132520
132521
132522
132523
132524
132525
132526
132527
132528
132529
132530
132531
132532
132533
132534
132535
132536
132537
132538
132539
132540
132541
132542
132543
132544
132545
132546
132547
132548
132549
132550
132551
132552
132553
132554
132555
132556
132557
132558
132559
132560
132561
132562
132563
132564
132565
132566
132567
132568
132569
132570
132571
132572
132573
132574
132575
132576
132577
132578
132579
132580
132581
132582
132583
132584
132585
132586
132587
132588
132589
132590
132591
132592
132593
132594
132595
132596
132597
132598
132599
132600
132601
132602
132603
132604
132605
132606
132607
132608
132609
132610
132611
132612
132613
132614
132615
132616
132617
132618
132619
132620
132621
132622
132623
132624
132625
132626
132627
132628
132629
132630
132631
132632
132633
132634
132635
132636
132637
132638
132639
132640
132641
132642
132643
132644
132645
132646
132647
132648
132649
132650
132651
132652
132653
132654
132655
132656
132657
132658
132659
132660
132661
132662
132663
132664
132665
132666
132667
132668
132669
132670
132671
132672
132673
132674
132675
132676
132677
132678
132679
132680
132681
132682
132683
132684
132685
132686
132687
132688
132689
132690
132691
132692
132693
132694
132695
132696
132697
132698
132699
132700
132701
132702
132703
132704
132705
132706
132707
132708
132709
132710
132711
132712
132713
132714
132715
132716
132717
132718
132719
132720
132721
132722
132723
132724
132725
132726
132727
132728
132729
132730
132731
132732
132733
132734
132735
132736
132737
132738
132739
132740
132741
132742
132743
132744
132745
132746
132747
132748
132749
132750
132751
132752
132753
132754
132755
132756
132757
132758
132759
132760
132761
132762
132763
132764
132765
132766
132767
132768
132769
132770
132771
132772
132773
132774
132775
132776
132777
132778
132779
132780
132781
132782
132783
132784
132785
132786
132787
132788
132789
132790
132791
132792
132793
132794
132795
132796
132797
132798
132799
132800
132801
132802
132803
132804
132805
132806
132807
132808
132809
132810
132811
132812
132813
132814
132815
132816
132817
132818
132819
132820
132821
132822
132823
132824
132825
132826
132827
132828
132829
132830
132831
132832
132833
132834
132835
132836
132837
132838
132839
132840
132841
132842
132843
132844
132845
132846
132847
132848
132849
132850
132851
132852
132853
132854
132855
132856
132857
132858
132859
132860
132861
132862
132863
132864
132865
132866
132867
132868
132869
132870
132871
132872
132873
132874
132875
132876
132877
132878
132879
132880
132881
132882
132883
132884
132885
132886
132887
132888
132889
132890
132891
132892
132893
132894
132895
132896
132897
132898
132899
132900
132901
132902
132903
132904
132905
132906
132907
132908
132909
132910
132911
132912
132913
132914
132915
132916
132917
132918
132919
132920
132921
132922
132923
132924
132925
132926
132927
132928
132929
132930
132931
132932
132933
132934
132935
132936
132937
132938
132939
132940
132941
132942
132943
132944
132945
132946
132947
132948
132949
132950
132951
132952
132953
132954
132955
132956
132957
132958
132959
132960
132961
132962
132963
132964
132965
132966
132967
132968
132969
132970
132971
132972
132973
132974
132975
132976
132977
132978
132979
132980
132981
132982
132983
132984
132985
132986
132987
132988
132989
132990
132991
132992
132993
132994
132995
132996
132997
132998
132999
133000
133001
133002
133003
133004
133005
133006
133007
133008
133009
133010
133011
133012
133013
133014
133015
133016
133017
133018
133019
133020
133021
133022
133023
133024
133025
133026
133027
133028
133029
133030
133031
133032
133033
133034
133035
133036
133037
133038
133039
133040
133041
133042
133043
133044
133045
133046
133047
133048
133049
133050
133051
133052
133053
133054
133055
133056
133057
133058
133059
133060
133061
133062
133063
133064
133065
133066
133067
133068
133069
133070
133071
133072
133073
133074
133075
133076
133077
133078
133079
133080
133081
133082
133083
133084
133085
133086
133087
133088
133089
133090
133091
133092
133093
133094
133095
133096
133097
133098
133099
133100
133101
133102
133103
133104
133105
133106
133107
133108
133109
133110
133111
133112
133113
133114
133115
133116
133117
133118
133119
133120
133121
133122
133123
133124
133125
133126
133127
133128
133129
133130
133131
133132
133133
133134
133135
133136
133137
133138
133139
133140
133141
133142
133143
133144
133145
133146
133147
133148
133149
133150
133151
133152
133153
133154
133155
133156
133157
133158
133159
133160
133161
133162
133163
133164
133165
133166
133167
133168
133169
133170
133171
133172
133173
133174
133175
133176
133177
133178
133179
133180
133181
133182
133183
133184
133185
133186
133187
133188
133189
133190
133191
133192
133193
133194
133195
133196
133197
133198
133199
133200
133201
133202
133203
133204
133205
133206
133207
133208
133209
133210
133211
133212
133213
133214
133215
133216
133217
133218
133219
133220
133221
133222
133223
133224
133225
133226
133227
133228
133229
133230
133231
133232
133233
133234
133235
133236
133237
133238
133239
133240
133241
133242
133243
133244
133245
133246
133247
133248
133249
133250
133251
133252
133253
133254
133255
133256
133257
133258
133259
133260
133261
133262
133263
133264
133265
133266
133267
133268
133269
133270
133271
133272
133273
133274
133275
133276
133277
133278
133279
133280
133281
133282
133283
133284
133285
133286
133287
133288
133289
133290
133291
133292
133293
133294
133295
133296
133297
133298
133299
133300
133301
133302
133303
133304
133305
133306
133307
133308
133309
133310
133311
133312
133313
133314
133315
133316
133317
133318
133319
133320
133321
133322
133323
133324
133325
133326
133327
133328
133329
133330
133331
133332
133333
133334
133335
133336
133337
133338
133339
133340
133341
133342
133343
133344
133345
133346
133347
133348
133349
133350
133351
133352
133353
133354
133355
133356
133357
133358
133359
133360
133361
133362
133363
133364
133365
133366
133367
133368
133369
133370
133371
133372
133373
133374
133375
133376
133377
133378
133379
133380
133381
133382
133383
133384
133385
133386
133387
133388
133389
133390
133391
133392
133393
133394
133395
133396
133397
133398
133399
133400
133401
133402
133403
133404
133405
133406
133407
133408
133409
133410
133411
133412
133413
133414
133415
133416
133417
133418
133419
133420
133421
133422
133423
133424
133425
133426
133427
133428
133429
133430
133431
133432
133433
133434
133435
133436
133437
133438
133439
133440
133441
133442
133443
133444
133445
133446
133447
133448
133449
133450
133451
133452
133453
133454
133455
133456
133457
133458
133459
133460
133461
133462
133463
133464
133465
133466
133467
133468
133469
133470
133471
133472
133473
133474
133475
133476
133477
133478
133479
133480
133481
133482
133483
133484
133485
133486
133487
133488
133489
133490
133491
133492
133493
133494
133495
133496
133497
133498
133499
133500
133501
133502
133503
133504
133505
133506
133507
133508
133509
133510
133511
133512
133513
133514
133515
133516
133517
133518
133519
133520
133521
133522
133523
133524
133525
133526
133527
133528
133529
133530
133531
133532
133533
133534
133535
133536
133537
133538
133539
133540
133541
133542
133543
133544
133545
133546
133547
133548
133549
133550
133551
133552
133553
133554
133555
133556
133557
133558
133559
133560
133561
133562
133563
133564
133565
133566
133567
133568
133569
133570
133571
133572
133573
133574
133575
133576
133577
133578
133579
133580
133581
133582
133583
133584
133585
133586
133587
133588
133589
133590
133591
133592
133593
133594
133595
133596
133597
133598
133599
133600
133601
133602
133603
133604
133605
133606
133607
133608
133609
133610
133611
133612
133613
133614
133615
133616
133617
133618
133619
133620
133621
133622
133623
133624
133625
133626
133627
133628
133629
133630
133631
133632
133633
133634
133635
133636
133637
133638
133639
133640
133641
133642
133643
133644
133645
133646
133647
133648
133649
133650
133651
133652
133653
133654
133655
133656
133657
133658
133659
133660
133661
133662
133663
133664
133665
133666
133667
133668
133669
133670
133671
133672
133673
133674
133675
133676
133677
133678
133679
133680
133681
133682
133683
133684
133685
133686
133687
133688
133689
133690
133691
133692
133693
133694
133695
133696
133697
133698
133699
133700
133701
133702
133703
133704
133705
133706
133707
133708
133709
133710
133711
133712
133713
133714
133715
133716
133717
133718
133719
133720
133721
133722
133723
133724
133725
133726
133727
133728
133729
133730
133731
133732
133733
133734
133735
133736
133737
133738
133739
133740
133741
133742
133743
133744
133745
133746
133747
133748
133749
133750
133751
133752
133753
133754
133755
133756
133757
133758
133759
133760
133761
133762
133763
133764
133765
133766
133767
133768
133769
133770
133771
133772
133773
133774
133775
133776
133777
133778
133779
133780
133781
133782
133783
133784
133785
133786
133787
133788
133789
133790
133791
133792
133793
133794
133795
133796
133797
133798
133799
133800
133801
133802
133803
133804
133805
133806
133807
133808
133809
133810
133811
133812
133813
133814
133815
133816
133817
133818
133819
133820
133821
133822
133823
133824
133825
133826
133827
133828
133829
133830
133831
133832
133833
133834
133835
133836
133837
133838
133839
133840
133841
133842
133843
133844
133845
133846
133847
133848
133849
133850
133851
133852
133853
133854
133855
133856
133857
133858
133859
133860
133861
133862
133863
133864
133865
133866
133867
133868
133869
133870
133871
133872
133873
133874
133875
133876
133877
133878
133879
133880
133881
133882
133883
133884
133885
133886
133887
133888
133889
133890
133891
133892
133893
133894
133895
133896
133897
133898
133899
133900
133901
133902
133903
133904
133905
133906
133907
133908
133909
133910
133911
133912
133913
133914
133915
133916
133917
133918
133919
133920
133921
133922
133923
133924
133925
133926
133927
133928
133929
133930
133931
133932
133933
133934
133935
133936
133937
133938
133939
133940
133941
133942
133943
133944
133945
133946
133947
133948
133949
133950
133951
133952
133953
133954
133955
133956
133957
133958
133959
133960
133961
133962
133963
133964
133965
133966
133967
133968
133969
133970
133971
133972
133973
133974
133975
133976
133977
133978
133979
133980
133981
133982
133983
133984
133985
133986
133987
133988
133989
133990
133991
133992
133993
133994
133995
133996
133997
133998
133999
134000
134001
134002
134003
134004
134005
134006
134007
134008
134009
134010
134011
134012
134013
134014
134015
134016
134017
134018
134019
134020
134021
134022
134023
134024
134025
134026
134027
134028
134029
134030
134031
134032
134033
134034
134035
134036
134037
134038
134039
134040
134041
134042
134043
134044
134045
134046
134047
134048
134049
134050
134051
134052
134053
134054
134055
134056
134057
134058
134059
134060
134061
134062
134063
134064
134065
134066
134067
134068
134069
134070
134071
134072
134073
134074
134075
134076
134077
134078
134079
134080
134081
134082
134083
134084
134085
134086
134087
134088
134089
134090
134091
134092
134093
134094
134095
134096
134097
134098
134099
134100
134101
134102
134103
134104
134105
134106
134107
134108
134109
134110
134111
134112
134113
134114
134115
134116
134117
134118
134119
134120
134121
134122
134123
134124
134125
134126
134127
134128
134129
134130
134131
134132
134133
134134
134135
134136
134137
134138
134139
134140
134141
134142
134143
134144
134145
134146
134147
134148
134149
134150
134151
134152
134153
134154
134155
134156
134157
134158
134159
134160
134161
134162
134163
134164
134165
134166
134167
134168
134169
134170
134171
134172
134173
134174
134175
134176
134177
134178
134179
134180
134181
134182
134183
134184
134185
134186
134187
134188
134189
134190
134191
134192
134193
134194
134195
134196
134197
134198
134199
134200
134201
134202
134203
134204
134205
134206
134207
134208
134209
134210
134211
134212
134213
134214
134215
134216
134217
134218
134219
134220
134221
134222
134223
134224
134225
134226
134227
134228
134229
134230
134231
134232
134233
134234
134235
134236
134237
134238
134239
134240
134241
134242
134243
134244
134245
134246
134247
134248
134249
134250
134251
134252
134253
134254
134255
134256
134257
134258
134259
134260
134261
134262
134263
134264
134265
134266
134267
134268
134269
134270
134271
134272
134273
134274
134275
134276
134277
134278
134279
134280
134281
134282
134283
134284
134285
134286
134287
134288
134289
134290
134291
134292
134293
134294
134295
134296
134297
134298
134299
134300
134301
134302
134303
134304
134305
134306
134307
134308
134309
134310
134311
134312
134313
134314
134315
134316
134317
134318
134319
134320
134321
134322
134323
134324
134325
134326
134327
134328
134329
134330
134331
134332
134333
134334
134335
134336
134337
134338
134339
134340
134341
134342
134343
134344
134345
134346
134347
134348
134349
134350
134351
134352
134353
134354
134355
134356
134357
134358
134359
134360
134361
134362
134363
134364
134365
134366
134367
134368
134369
134370
134371
134372
134373
134374
134375
134376
134377
134378
134379
134380
134381
134382
134383
134384
134385
134386
134387
134388
134389
134390
134391
134392
134393
134394
134395
134396
134397
134398
134399
134400
134401
134402
134403
134404
134405
134406
134407
134408
134409
134410
134411
134412
134413
134414
134415
134416
134417
134418
134419
134420
134421
134422
134423
134424
134425
134426
134427
134428
134429
134430
134431
134432
134433
134434
134435
134436
134437
134438
134439
134440
134441
134442
134443
134444
134445
134446
134447
134448
134449
134450
134451
134452
134453
134454
134455
134456
134457
134458
134459
134460
134461
134462
134463
134464
134465
134466
134467
134468
134469
134470
134471
134472
134473
134474
134475
134476
134477
134478
134479
134480
134481
134482
134483
134484
134485
134486
134487
134488
134489
134490
134491
134492
134493
134494
134495
134496
134497
134498
134499
134500
134501
134502
134503
134504
134505
134506
134507
134508
134509
134510
134511
134512
134513
134514
134515
134516
134517
134518
134519
134520
134521
134522
134523
134524
134525
134526
134527
134528
134529
134530
134531
134532
134533
134534
134535
134536
134537
134538
134539
134540
134541
134542
134543
134544
134545
134546
134547
134548
134549
134550
134551
134552
134553
134554
134555
134556
134557
134558
134559
134560
134561
134562
134563
134564
134565
134566
134567
134568
134569
134570
134571
134572
134573
134574
134575
134576
134577
134578
134579
134580
134581
134582
134583
134584
134585
134586
134587
134588
134589
134590
134591
134592
134593
134594
134595
134596
134597
134598
134599
134600
134601
134602
134603
134604
134605
134606
134607
134608
134609
134610
134611
134612
134613
134614
134615
134616
134617
134618
134619
134620
134621
134622
134623
134624
134625
134626
134627
134628
134629
134630
134631
134632
134633
134634
134635
134636
134637
134638
134639
134640
134641
134642
134643
134644
134645
134646
134647
134648
134649
134650
134651
134652
134653
134654
134655
134656
134657
134658
134659
134660
134661
134662
134663
134664
134665
134666
134667
134668
134669
134670
134671
134672
134673
134674
134675
134676
134677
134678
134679
134680
134681
134682
134683
134684
134685
134686
134687
134688
134689
134690
134691
134692
134693
134694
134695
134696
134697
134698
134699
134700
134701
134702
134703
134704
134705
134706
134707
134708
134709
134710
134711
134712
134713
134714
134715
134716
134717
134718
134719
134720
134721
134722
134723
134724
134725
134726
134727
134728
134729
134730
134731
134732
134733
134734
134735
134736
134737
134738
134739
134740
134741
134742
134743
134744
134745
134746
134747
134748
134749
134750
134751
134752
134753
134754
134755
134756
134757
134758
134759
134760
134761
134762
134763
134764
134765
134766
134767
134768
134769
134770
134771
134772
134773
134774
134775
134776
134777
134778
134779
134780
134781
134782
134783
134784
134785
134786
134787
134788
134789
134790
134791
134792
134793
134794
134795
134796
134797
134798
134799
134800
134801
134802
134803
134804
134805
134806
134807
134808
134809
134810
134811
134812
134813
134814
134815
134816
134817
134818
134819
134820
134821
134822
134823
134824
134825
134826
134827
134828
134829
134830
134831
134832
134833
134834
134835
134836
134837
134838
134839
134840
134841
134842
134843
134844
134845
134846
134847
134848
134849
134850
134851
134852
134853
134854
134855
134856
134857
134858
134859
134860
134861
134862
134863
134864
134865
134866
134867
134868
134869
134870
134871
134872
134873
134874
134875
134876
134877
134878
134879
134880
134881
134882
134883
134884
134885
134886
134887
134888
134889
134890
134891
134892
134893
134894
134895
134896
134897
134898
134899
134900
134901
134902
134903
134904
134905
134906
134907
134908
134909
134910
134911
134912
134913
134914
134915
134916
134917
134918
134919
134920
134921
134922
134923
134924
134925
134926
134927
134928
134929
134930
134931
134932
134933
134934
134935
134936
134937
134938
134939
134940
134941
134942
134943
134944
134945
134946
134947
134948
134949
134950
134951
134952
134953
134954
134955
134956
134957
134958
134959
134960
134961
134962
134963
134964
134965
134966
134967
134968
134969
134970
134971
134972
134973
134974
134975
134976
134977
134978
134979
134980
134981
134982
134983
134984
134985
134986
134987
134988
134989
134990
134991
134992
134993
134994
134995
134996
134997
134998
134999
135000
135001
135002
135003
135004
135005
135006
135007
135008
135009
135010
135011
135012
135013
135014
135015
135016
135017
135018
135019
135020
135021
135022
135023
135024
135025
135026
135027
135028
135029
135030
135031
135032
135033
135034
135035
135036
135037
135038
135039
135040
135041
135042
135043
135044
135045
135046
135047
135048
135049
135050
135051
135052
135053
135054
135055
135056
135057
135058
135059
135060
135061
135062
135063
135064
135065
135066
135067
135068
135069
135070
135071
135072
135073
135074
135075
135076
135077
135078
135079
135080
135081
135082
135083
135084
135085
135086
135087
135088
135089
135090
135091
135092
135093
135094
135095
135096
135097
135098
135099
135100
135101
135102
135103
135104
135105
135106
135107
135108
135109
135110
135111
135112
135113
135114
135115
135116
135117
135118
135119
135120
135121
135122
135123
135124
135125
135126
135127
135128
135129
135130
135131
135132
135133
135134
135135
135136
135137
135138
135139
135140
135141
135142
135143
135144
135145
135146
135147
135148
135149
135150
135151
135152
135153
135154
135155
135156
135157
135158
135159
135160
135161
135162
135163
135164
135165
135166
135167
135168
135169
135170
135171
135172
135173
135174
135175
135176
135177
135178
135179
135180
135181
135182
135183
135184
135185
135186
135187
135188
135189
135190
135191
135192
135193
135194
135195
135196
135197
135198
135199
135200
135201
135202
135203
135204
135205
135206
135207
135208
135209
135210
135211
135212
135213
135214
135215
135216
135217
135218
135219
135220
135221
135222
135223
135224
135225
135226
135227
135228
135229
135230
135231
135232
135233
135234
135235
135236
135237
135238
135239
135240
135241
135242
135243
135244
135245
135246
135247
135248
135249
135250
135251
135252
135253
135254
135255
135256
135257
135258
135259
135260
135261
135262
135263
135264
135265
135266
135267
135268
135269
135270
135271
135272
135273
135274
135275
135276
135277
135278
135279
135280
135281
135282
135283
135284
135285
135286
135287
135288
135289
135290
135291
135292
135293
135294
135295
135296
135297
135298
135299
135300
135301
135302
135303
135304
135305
135306
135307
135308
135309
135310
135311
135312
135313
135314
135315
135316
135317
135318
135319
135320
135321
135322
135323
135324
135325
135326
135327
135328
135329
135330
135331
135332
135333
135334
135335
135336
135337
135338
135339
135340
135341
135342
135343
135344
135345
135346
135347
135348
135349
135350
135351
135352
135353
135354
135355
135356
135357
135358
135359
135360
135361
135362
135363
135364
135365
135366
135367
135368
135369
135370
135371
135372
135373
135374
135375
135376
135377
135378
135379
135380
135381
135382
135383
135384
135385
135386
135387
135388
135389
135390
135391
135392
135393
135394
135395
135396
135397
135398
135399
135400
135401
135402
135403
135404
135405
135406
135407
135408
135409
135410
135411
135412
135413
135414
135415
135416
135417
135418
135419
135420
135421
135422
135423
135424
135425
135426
135427
135428
135429
135430
135431
135432
135433
135434
135435
135436
135437
135438
135439
135440
135441
135442
135443
135444
135445
135446
135447
135448
135449
135450
135451
135452
135453
135454
135455
135456
135457
135458
135459
135460
135461
135462
135463
135464
135465
135466
135467
135468
135469
135470
135471
135472
135473
135474
135475
135476
135477
135478
135479
135480
135481
135482
135483
135484
135485
135486
135487
135488
135489
135490
135491
135492
135493
135494
135495
135496
135497
135498
135499
135500
135501
135502
135503
135504
135505
135506
135507
135508
135509
135510
135511
135512
135513
135514
135515
135516
135517
135518
135519
135520
135521
135522
135523
135524
135525
135526
135527
135528
135529
135530
135531
135532
135533
135534
135535
135536
135537
135538
135539
135540
135541
135542
135543
135544
135545
135546
135547
135548
135549
135550
135551
135552
135553
135554
135555
135556
135557
135558
135559
135560
135561
135562
135563
135564
135565
135566
135567
135568
135569
135570
135571
135572
135573
135574
135575
135576
135577
135578
135579
135580
135581
135582
135583
135584
135585
135586
135587
135588
135589
135590
135591
135592
135593
135594
135595
135596
135597
135598
135599
135600
135601
135602
135603
135604
135605
135606
135607
135608
135609
135610
135611
135612
135613
135614
135615
135616
135617
135618
135619
135620
135621
135622
135623
135624
135625
135626
135627
135628
135629
135630
135631
135632
135633
135634
135635
135636
135637
135638
135639
135640
135641
135642
135643
135644
135645
135646
135647
135648
135649
135650
135651
135652
135653
135654
135655
135656
135657
135658
135659
135660
135661
135662
135663
135664
135665
135666
135667
135668
135669
135670
135671
135672
135673
135674
135675
135676
135677
135678
135679
135680
135681
135682
135683
135684
135685
135686
135687
135688
135689
135690
135691
135692
135693
135694
135695
135696
135697
135698
135699
135700
135701
135702
135703
135704
135705
135706
135707
135708
135709
135710
135711
135712
135713
135714
135715
135716
135717
135718
135719
135720
135721
135722
135723
135724
135725
135726
135727
135728
135729
135730
135731
135732
135733
135734
135735
135736
135737
135738
135739
135740
135741
135742
135743
135744
135745
135746
135747
135748
135749
135750
135751
135752
135753
135754
135755
135756
135757
135758
135759
135760
135761
135762
135763
135764
135765
135766
135767
135768
135769
135770
135771
135772
135773
135774
135775
135776
135777
135778
135779
135780
135781
135782
135783
135784
135785
135786
135787
135788
135789
135790
135791
135792
135793
135794
135795
135796
135797
135798
135799
135800
135801
135802
135803
135804
135805
135806
135807
135808
135809
135810
135811
135812
135813
135814
135815
135816
135817
135818
135819
135820
135821
135822
135823
135824
135825
135826
135827
135828
135829
135830
135831
135832
135833
135834
135835
135836
135837
135838
135839
135840
135841
135842
135843
135844
135845
135846
135847
135848
135849
135850
135851
135852
135853
135854
135855
135856
135857
135858
135859
135860
135861
135862
135863
135864
135865
135866
135867
135868
135869
135870
135871
135872
135873
135874
135875
135876
135877
135878
135879
135880
135881
135882
135883
135884
135885
135886
135887
135888
135889
135890
135891
135892
135893
135894
135895
135896
135897
135898
135899
135900
135901
135902
135903
135904
135905
135906
135907
135908
135909
135910
135911
135912
135913
135914
135915
135916
135917
135918
135919
135920
135921
135922
135923
135924
135925
135926
135927
135928
135929
135930
135931
135932
135933
135934
135935
135936
135937
135938
135939
135940
135941
135942
135943
135944
135945
135946
135947
135948
135949
135950
135951
135952
135953
135954
135955
135956
135957
135958
135959
135960
135961
135962
135963
135964
135965
135966
135967
135968
135969
135970
135971
135972
135973
135974
135975
135976
135977
135978
135979
135980
135981
135982
135983
135984
135985
135986
135987
135988
135989
135990
135991
135992
135993
135994
135995
135996
135997
135998
135999
136000
136001
136002
136003
136004
136005
136006
136007
136008
136009
136010
136011
136012
136013
136014
136015
136016
136017
136018
136019
136020
136021
136022
136023
136024
136025
136026
136027
136028
136029
136030
136031
136032
136033
136034
136035
136036
136037
136038
136039
136040
136041
136042
136043
136044
136045
136046
136047
136048
136049
136050
136051
136052
136053
136054
136055
136056
136057
136058
136059
136060
136061
136062
136063
136064
136065
136066
136067
136068
136069
136070
136071
136072
136073
136074
136075
136076
136077
136078
136079
136080
136081
136082
136083
136084
136085
136086
136087
136088
136089
136090
136091
128668
128669
128670
128671
128672
128673
128674
128675
128676
128677
128678
128679
128680
128681
128682
128683
128684
128685
128686
128687
128688
128689
128690
128691
128692
128693
128694
128695
128696
128697
128698
128699
128700
128701
128702
128703
128704
128705
128706
128707
128708
128709
128710
128711
128712
128713
128714
128715
128716
128717
128718
128719
128720
128721
128722
128723
128724
128725
128726
128727
128728
128729
128730
128731
128732
128733
128734
128735
128736
128737
128738
128739
128740
128741
128742
128743
128744
128745
128746
128747
128748
128749
128750
128751
128752
128753
128754
128755
128756
128757
128758
128759
128760
128761
128762
128763
128764
128765
128766
128767
128768
128769
128770
128771
128772
128773
128774
128775
128776
128777
128778
128779
128780
128781
128782
128783
128784
128785
128786
128787
128788
128789
128790
128791
128792
128793
128794
128795
128796
128797
128798
128799
128800
128801
128802
128803
128804
128805
128806
128807
128808
128809
128810
128811
128812
128813
128814
128815
128816
128817
128818
128819
128820
128821
128822
128823
128824
128825
128826
128827
128828
128829
128830
128831
128832
128833
128834
128835
128836
128837
128838
128839
128840
128841
128842
128843
128844
128845
128846
128847
128848
128849
128850
128851
128852
128853
128854
128855
128856
128857
128858
128859
128860
128861
128862
128863
128864
128865
128866
128867
128868
128869
128870
128871
128872
128873
128874
128875
128876
128877
128878
128879
128880
128881
128882
128883
128884
128885
128886
128887
128888
128889
128890
128891
128892
128893
128894
128895
128896
128897
128898
128899
128900
128901
128902
128903
128904
128905
128906
128907
128908
128909
128910
128911
128912
128913
128914
128915
128916
128917
128918
128919
128920
128921
128922
128923
128924
128925
128926
128927
128928
128929
128930
128931
128932
128933
128934
128935
128936
128937
128938
128939
128940
128941
128942
128943
128944
128945
128946
128947
128948
128949
128950
128951
128952
128953
128954
128955
128956
128957
128958
128959
128960
128961
128962
128963
128964
128965
128966
128967
128968
128969
128970
128971
128972
128973
128974
128975
128976
128977
128978
128979
128980
128981
128982
128983
128984
128985
128986
128987
128988
128989
128990
128991
128992
128993
128994
128995
128996
128997
128998
128999
129000
129001
129002
129003
129004
129005
129006
129007
129008
129009
129010
129011
129012
129013
129014
129015
129016
129017
129018
129019
129020
129021
129022
129023
129024
129025
129026
129027
129028
129029
129030
129031
129032
129033
129034
129035
129036
129037
129038
129039
129040
129041
129042
129043
129044
129045
129046
129047
129048
129049
129050
129051
129052
129053
129054
129055
129056
129057
129058
129059
129060
129061
129062
129063
129064
129065
129066
129067
129068
129069
129070
129071
129072
129073
129074
129075
129076
129077
129078
129079
129080
129081
129082
129083
129084
129085
129086
129087
129088
129089
129090
129091
129092
129093
129094
129095
129096
129097
129098
129099
129100
129101
129102
129103
129104
129105
129106
129107
129108
129109
129110
129111
129112
129113
129114
129115
129116
129117
129118
129119
129120
129121
129122
129123
129124
129125
129126
129127
129128
129129
129130
129131
129132
129133
129134
129135
129136
129137
129138
129139
129140
129141
129142
129143
129144
129145
129146
129147
129148
129149
129150
129151
129152
129153
129154
129155
129156
129157
129158
129159
129160
129161
129162
129163
129164
129165
129166
129167
129168
129169
129170
129171
129172
129173
129174
129175
129176
129177
129178
129179
129180
129181
129182
129183
129184
129185
129186
129187
129188
129189
129190
129191
129192
129193
129194
129195
129196
129197
129198
129199
129200
129201
129202
129203
129204
129205
129206
129207
129208
129209
129210
129211
129212
129213
129214
129215
129216
129217
129218
129219
129220
129221
129222
129223
129224
129225
129226
129227
129228
129229
129230
129231
129232
129233
129234
129235
129236
129237
129238
129239
129240
129241
129242
129243
129244
129245
129246
129247
129248
129249
129250
129251
129252
129253
129254
129255
129256
129257
129258
129259
129260
129261
129262
129263
129264
129265
129266
129267
129268
129269
129270
129271
129272
129273
129274
129275
129276
129277
129278
129279
129280
129281
129282
129283
129284
129285
129286
129287
129288
129289
129290
129291
129292
129293
129294
129295
129296
129297
129298
129299
129300
129301
129302
129303
129304
129305
129306
129307
129308
129309
129310
129311
129312
129313
129314
129315
129316
129317
129318
129319
129320
129321
129322
129323
129324
129325
129326
129327
129328
129329
129330
129331
129332
129333
129334
129335
129336
129337
129338
129339
129340
129341
129342
129343
129344
129345
129346
129347
129348
129349
129350
129351
129352
129353
129354
129355
129356
129357
129358
129359
129360
129361
129362
129363
129364
129365
129366
129367
129368
129369
129370
129371
129372
129373
129374
129375
129376
129377
129378
129379
129380
129381
129382
129383
129384
129385
129386
129387
129388
129389
129390
129391
129392
129393
129394
129395
129396
129397
129398
129399
129400
129401
129402
129403
129404
129405
129406
129407
129408
129409
129410
129411
129412
129413
129414
129415
129416
129417
129418
129419
129420
129421
129422
129423
129424
129425
129426
129427
129428
129429
129430
129431
129432
129433
129434
129435
129436
129437
129438
129439
129440
129441
129442
129443
129444
129445
129446
129447
129448
129449
129450
129451
129452
129453
129454
129455
129456
129457
129458
129459
129460
129461
129462
129463
129464
129465
129466
129467
129468
129469
129470
129471
129472
129473
129474
129475
129476
129477
129478
129479
129480
129481
129482
129483
129484
129485
129486
129487
129488
129489
129490
129491
129492
129493
129494
129495
129496
129497
129498
129499
129500
129501
129502
129503
129504
129505
129506
129507
129508
129509
129510
129511
129512
129513
129514
129515
129516
129517
129518
129519
129520
129521
129522
129523
129524
129525
129526
129527
129528
129529
129530
129531
129532
129533
129534
129535
129536
129537
129538
129539
129540
129541
129542
129543
129544
129545
129546
129547
129548
129549
129550
129551
129552
129553
129554
129555
129556
129557
129558
129559
129560
129561
129562
129563
129564
129565
129566
129567
129568
129569
129570
129571
129572
129573
129574
129575
129576
129577
129578
129579
129580
129581
129582
129583
129584
129585
129586
129587
129588
129589
129590
129591
129592
129593
129594
129595
129596
129597
129598
129599
129600
129601
129602
129603
129604
129605
129606
129607
129608
129609
129610
129611
129612
129613
129614
129615
129616
129617
129618
129619
129620
129621
129622
129623
129624
129625
129626
129627
129628
129629
129630
129631
129632
129633
129634
129635
129636
129637
129638
129639
129640
129641
129642
129643
129644
129645
129646
129647
129648
129649
129650
129651
129652
129653
129654
129655
129656
129657
129658
129659
129660
129661
129662
129663
129664
129665
129666
129667
129668
129669
129670
129671
129672
129673
129674
129675
129676
129677
129678
129679
129680
129681
129682
129683
129684
129685
129686
129687
129688
129689
129690
129691
129692
129693
129694
129695
129696
129697
129698
129699
129700
129701
129702
129703
129704
129705
129706
129707
129708
129709
129710
129711
129712
129713
129714
129715
129716
129717
129718
129719
129720
129721
129722
129723
129724
129725
129726
129727
129728
129729
129730
129731
129732
129733
129734
129735
129736
129737
129738
129739
129740
129741
129742
129743
129744
129745
129746
129747
129748
129749
129750
129751
129752
129753
129754
129755
129756
129757
129758
129759
129760
129761
129762
129763
129764
129765
129766
129767
129768
129769
129770
129771
129772
129773
129774
129775
129776
129777
129778
129779
129780
129781
129782
129783
129784
129785
129786
129787
129788
129789
129790
129791
129792
129793
129794
129795
129796
129797
129798
129799
129800
129801
129802
129803
129804
129805
129806
129807
129808
129809
129810
129811
129812
129813
129814
129815
129816
129817
129818
129819
129820
129821
129822
129823
129824
129825
129826
129827
129828
129829
129830
129831
129832
129833
129834
129835
129836
129837
129838
129839
129840
129841
129842
129843
129844
129845
129846
129847
129848
129849
129850
129851
129852
129853
129854
129855
129856
129857
129858
129859
129860
129861
129862
129863
129864
129865
129866
129867
129868
129869
129870
129871
129872
129873
129874
129875
129876
129877
129878
129879
129880
129881
129882
129883
129884
129885
129886
129887
129888
129889
129890
129891
129892
129893
129894
129895
129896
129897
129898
129899
129900
129901
129902
129903
129904
129905
129906
129907
129908
129909
129910
129911
129912
129913
129914
129915
129916
129917
129918
129919
129920
129921
129922
129923
129924
129925
129926
129927
129928
129929
129930
129931
129932
129933
129934
129935
129936
129937
129938
129939
129940
129941
129942
129943
129944
129945
129946
129947
129948
129949
129950
129951
129952
129953
129954
129955
129956
129957
129958
129959
129960
129961
129962
129963
129964
129965
129966
129967
129968
129969
129970
129971
129972
129973
129974
129975
129976
129977
129978
129979
129980
129981
129982
129983
129984
129985
129986
129987
129988
129989
129990
129991
129992
129993
129994
129995
129996
129997
129998
129999
130000
130001
130002
130003
130004
130005
130006
130007
130008
130009
130010
130011
130012
130013
130014
130015
130016
130017
130018
130019
130020
130021
130022
130023
130024
130025
130026
130027
130028
130029
130030
130031
130032
130033
130034
130035
130036
130037
130038
130039
130040
130041
130042
130043
130044
130045
130046
130047
130048
130049
130050
130051
130052
130053
130054
130055
130056
130057
130058
130059
130060
130061
130062
130063
130064
130065
130066
130067
130068
130069
130070
130071
130072
130073
130074
130075
130076
130077
130078
130079
130080
130081
130082
130083
130084
130085
130086
130087
130088
130089
130090
130091
130092
130093
130094
130095
130096
130097
130098
130099
130100
130101
130102
130103
130104
130105
130106
130107
130108
130109
130110
130111
130112
130113
130114
130115
130116
130117
130118
130119
130120
130121
130122
130123
130124
130125
130126
130127
130128
130129
130130
130131
130132
130133
130134
130135
130136
130137
130138
130139
130140
130141
130142
130143
130144
130145
130146
130147
130148
130149
130150
130151
130152
130153
130154
130155
130156
130157
130158
130159
130160
130161
130162
130163
130164
130165
130166
130167
130168
130169
130170
130171
130172
130173
130174
130175
130176
130177
130178
130179
130180
130181
130182
130183
130184
130185
130186
130187
130188
130189
130190
130191
130192
130193
130194
130195
130196
130197
130198
130199
130200
130201
130202
130203
130204
130205
130206
130207
130208
130209
130210
130211
130212
130213
130214
130215
130216
130217
130218
130219
130220
130221
130222
130223
130224
130225
130226
130227
130228
130229
130230
130231
130232
130233
130234
130235
130236
130237
130238
130239
130240
130241
130242
130243
130244
130245
130246
130247
130248
130249
130250
130251
130252
130253
130254
130255
130256
130257
130258
130259
130260
130261
130262
130263
130264
130265
130266
130267
130268
130269
130270
130271
130272
130273
130274
130275
130276
130277
130278
130279
130280
130281
130282
130283
130284
130285
130286
130287
130288
130289
130290
130291
130292
130293
130294
130295
130296
130297
130298
130299
130300
130301
130302
130303
130304
130305
130306
130307
130308
130309
130310
130311
130312
130313
130314
130315
130316
130317
130318
130319
130320
130321
130322
130323
130324
130325
130326
130327
130328
130329
130330
130331
130332
130333
130334
130335
130336
130337
130338
130339
130340
130341
130342
130343
130344
130345
130346
130347
130348
130349
130350
130351
130352
130353
130354
130355
130356
130357
130358
130359
130360
130361
130362
130363
130364
130365
130366
130367
130368
130369
130370
130371
130372
130373
130374
130375
130376
130377
130378
130379
130380
130381
130382
130383
130384
130385
130386
130387
130388
130389
130390
130391
130392
130393
130394
130395
130396
130397
130398
130399
130400
130401
130402
130403
130404
130405
130406
130407
130408
130409
130410
130411
130412
130413
130414
130415
130416
130417
130418
130419
130420
130421
130422
130423
130424
130425
130426
130427
130428
130429
130430
130431
130432
130433
130434
130435
130436
130437
130438
130439
130440
130441
130442
130443
130444
130445
130446
130447
130448
130449
130450
130451
130452
130453
130454
130455
130456
130457
130458
130459
130460
130461
130462
130463
130464
130465
130466
130467
130468
130469
130470
130471
130472
130473
130474
130475
130476
130477
130478
130479
130480
130481
130482
130483
130484
130485
130486
130487
130488
130489
130490
130491
130492
130493
130494
130495
130496
130497
130498
130499
130500
130501
130502
130503
130504
130505
130506
130507
130508
130509
130510
130511
130512
130513
130514
130515
130516
130517
130518
130519
130520
130521
130522
130523
130524
130525
130526
130527
130528
130529
130530
130531
130532
130533
130534
130535
130536
130537
130538
130539
130540
130541
130542
130543
130544
130545
130546
130547
130548
130549
130550
130551
130552
130553
130554
130555
130556
130557
130558
130559
130560
130561
130562
130563
130564
130565
130566
130567
130568
130569
130570
130571
130572
130573
130574
130575
130576
130577
130578
130579
130580
130581
130582
130583
130584
130585
130586
130587
130588
130589
130590
130591
130592
130593
130594
130595
130596
130597
130598
130599
130600
130601
130602
130603
130604
130605
130606
130607
130608
130609
130610
130611
130612
130613
130614
130615
130616
130617
130618
130619
130620
130621
130622
130623
130624
130625
130626
130627
130628
130629
130630
130631
130632
130633
130634
130635
130636
130637
130638
130639
130640
130641
130642
130643
130644
130645
130646
130647
130648
130649
130650
130651
130652
130653
130654
130655
130656
130657
130658
130659
130660
130661
130662
130663
130664
130665
130666
130667
130668
130669
130670
130671
130672
130673
130674
130675
130676
130677
130678
130679
130680
130681
130682
130683
130684
130685
130686
130687
130688
130689
130690
130691
130692
130693
130694
130695
130696
130697
130698
130699
130700
130701
130702
130703
130704
130705
130706
130707
130708
130709
130710
130711
130712
130713
130714
130715
130716
130717
130718
130719
130720
130721
130722
130723
130724
130725
130726
130727
130728
130729
130730
130731
130732
130733
130734
130735
130736
130737
130738
130739
130740
130741
130742
130743
130744
130745
130746
130747
130748
130749
130750
130751
130752
130753
130754
130755
130756
130757
130758
130759
130760
130761
130762
130763
130764
130765
130766
130767
130768
130769
130770
130771
130772
130773
130774
130775
130776
130777
130778
130779
130780
130781
130782
130783
130784
130785
130786
130787
130788
130789
130790
130791
130792
130793
130794
130795
130796
130797
130798
130799
130800
130801
130802
130803
130804
130805
130806
130807
130808
130809
130810
130811
130812
130813
130814
130815
130816
130817
130818
130819
130820
130821
130822
130823
130824
130825
130826
130827
130828
130829
130830
130831
130832
130833
130834
130835
130836
130837
130838
130839
130840
130841
130842
130843
130844
130845
130846
130847
130848
130849
130850
130851
130852
130853
130854
130855
130856
130857
130858
130859
130860
130861
130862
130863
130864
130865
130866
130867
130868
130869
130870
130871
130872
130873
130874
130875
130876
130877
130878
130879
130880
130881
130882
130883
130884
130885
130886
130887
130888
130889
130890
130891
130892
130893
130894
130895
130896
130897
130898
130899
130900
130901
130902
130903
130904
130905
130906
130907
130908
130909
130910
130911
130912
130913
130914
130915
130916
130917
130918
130919
130920
130921
130922
130923
130924
130925
130926
130927
130928
130929
130930
130931
130932
130933
130934
130935
130936
130937
130938
130939
130940
130941
130942
130943
130944
130945
130946
130947
130948
130949
130950
130951
130952
130953
130954
130955
130956
130957
130958
130959
130960
130961
130962
130963
130964
130965
130966
130967
130968
130969
130970
130971
130972
130973
130974
130975
130976
130977
130978
130979
130980
130981
130982
130983
130984
130985
130986
130987
130988
130989
130990
130991
130992
130993
130994
130995
130996
130997
130998
130999
131000
131001
131002
131003
131004
131005
131006
131007
131008
131009
131010
131011
131012
131013
131014
131015
131016
131017
131018
131019
131020
131021
131022
131023
131024
131025
131026
131027
131028
131029
131030
131031
131032
131033
131034
131035
131036
131037
131038
131039
131040
131041
131042
131043
131044
131045
131046
131047
131048
131049
131050
131051
131052
131053
131054
131055
131056
131057
131058
131059
131060
131061
131062
131063
131064
131065
131066
131067
131068
131069
131070
131071
)


// ************************************************************************* //
