/*--------------------------------*- C++ -*----------------------------------*\
| =========                 |                                                 |
| \\      /  F ield         | OpenFOAM: The Open Source CFD Toolbox           |
|  \\    /   O peration     | Version:  v2012                                 |
|   \\  /    A nd           | Website:  www.openfoam.com                      |
|    \\/     M anipulation  |                                                 |
\*---------------------------------------------------------------------------*/
FoamFile
{
    version     2.0;
    format      ascii;
    class       faceSet;
    location    "constant/polyMesh/sets";
    object      layerFaces;
}
// * * * * * * * * * * * * * * * * * * * * * * * * * * * * * * * * * * * * * //


3967
(
393218
401411
393225
401422
401432
393243
401437
393251
401445
393257
401449
401456
393266
401458
401461
393274
401471
393283
393286
401482
393291
401488
393301
401498
393309
393313
401506
393320
401513
393323
401517
393328
401524
401529
393338
393346
401538
401543
393352
393356
401552
393363
401557
393366
393371
393373
401568
401571
401573
393382
401575
401578
393387
401580
393390
401583
401584
393395
401587
401589
393399
401592
401594
401597
393406
401598
401599
401600
393409
401601
401603
401606
393416
401608
401611
401612
393421
401616
401617
393426
401623
401628
393438
393443
401637
393447
401641
393454
401648
393459
401652
393464
393467
401659
393472
401664
393473
401673
393482
401678
393490
401687
393499
401691
393502
393505
393510
393515
401712
393524
393528
401720
393535
401727
393539
401731
401733
401736
393546
401738
393549
401741
401744
393554
401748
393559
401755
401759
393568
393572
401766
401767
401768
401770
393579
401773
393583
401775
401779
393590
401782
401784
393593
401787
393598
401790
401792
393603
401795
401797
401800
401803
393612
393616
401808
401810
401813
393623
401815
401818
393627
401821
393634
401826
401828
393637
401831
401833
393642
401836
401838
393647
401841
401845
393656
393660
401852
401855
393667
401860
393670
401863
393675
401868
401870
393679
401873
401874
401875
401877
393686
401880
393689
401881
401882
401883
401884
393694
401886
393696
401889
393699
401891
401894
401895
401896
401898
401901
393710
401903
401906
393716
401908
393719
401911
401912
401913
393724
401917
393728
401924
393735
401928
393738
393743
401935
401937
393748
401940
401942
393751
401945
401946
401947
393756
393757
401950
393762
401955
401958
393770
401963
401964
401965
401966
393775
401967
393778
401970
393783
401975
401977
393787
401980
401982
401985
393794
401987
393797
401990
401992
393802
401995
401997
402000
393811
402003
402008
393817
402011
393824
402016
393825
402018
402021
393830
402022
402023
402024
402025
402027
402030
393839
402031
402032
402033
402034
393843
402035
402036
402038
402041
393850
402043
402046
402048
393857
402051
402052
393861
402053
402057
393866
393871
402064
402067
393880
402072
402074
393884
402077
402079
402082
393891
402083
402084
402086
393895
402089
402092
393902
393905
402097
402100
393910
402105
402106
393915
402107
402108
402109
402111
402114
393924
402116
402119
393928
402122
393935
402127
393939
393946
402139
393949
402142
402144
393954
402146
402147
393959
402152
402156
402159
393968
393972
393979
402173
393983
393990
393993
402186
402189
393998
402193
394003
402200
402203
394012
394016
402208
402211
394023
402216
402217
394026
402218
402221
394031
402226
402229
394038
402234
394043
402237
394046
394049
402242
402244
394054
402247
402249
394058
402252
402254
394065
402257
402259
394068
402262
394073
402265
402270
402272
394082
402275
402276
402277
394088
402280
402285
394095
402287
394096
402290
402294
402301
402303
394113
402306
402309
394120
402314
402319
394133
402328
394139
402336
402338
402341
394150
402344
394155
402349
402350
402351
402353
394164
402356
402359
402361
402364
402365
402366
402369
402374
394183
402378
394187
402385
394194
402387
402390
402392
402395
394204
402399
394209
402406
402408
394218
402411
402412
402413
394223
402416
402421
402423
394232
394237
402436
394246
394250
402446
394257
402451
394261
402456
394268
402461
394272
394279
394283
402481
394290
394297
402493
394310
394314
402511
402512
394321
394325
402518
402520
402523
394332
402525
394336
402528
402530
402533
394343
402535
402538
402539
402540
394349
402542
402545
402547
402550
394360
402552
402555
394365
402557
402560
402562
402565
394374
402567
402570
394379
402571
402572
402576
394388
402583
402585
394396
402588
394400
402592
402594
402597
394407
402599
402602
402604
402607
402608
402609
402612
394421
402617
402619
402622
402623
402624
402626
402629
402630
402631
402633
402636
402638
402641
394450
402652
394461
402657
394467
402660
402665
402668
394478
394482
402674
394489
394492
402687
394499
402692
394502
402697
394507
402703
394513
402708
394518
402711
402715
394527
394530
402722
402725
394535
402730
394539
402733
394546
394550
402746
394557
394559
402751
394562
402754
394566
402759
402760
394573
394576
402768
394581
402773
394584
402780
394589
402785
394594
402792
402793
394603
394606
402801
394611
394615
402807
402810
394622
402815
402816
402817
394626
402820
394633
394635
402829
394638
402830
394642
402835
394649
402841
394652
394657
402849
394660
402852
402856
394665
394668
394673
394676
402871
394681
394683
402875
394686
394690
402882
402886
394697
394699
402893
394702
402896
394706
402901
394713
402905
394716
402912
394721
394724
402916
394729
402923
394732
394737
402931
394740
402934
394745
402939
394749
402943
394756
402950
394760
402956
394767
402960
394769
394772
402967
394776
402970
394783
402975
394786
402978
394791
394794
402989
394799
394804
402998
403004
394813
394816
394821
394825
403019
394832
403025
403026
394836
403029
403034
394843
394845
403037
403039
394848
394852
403045
394859
403051
403052
394862
403055
394867
403060
394870
403062
403065
394875
403067
403072
394881
403076
403077
403083
394892
403084
403085
394895
403088
394900
403093
403095
394906
403098
403100
403104
403108
394917
403109
403110
394919
403113
394922
403118
403120
394930
403124
394935
403130
394940
403133
394945
403138
403140
403143
403145
403148
403150
394959
403153
394965
403157
403158
403159
394968
403162
403167
403168
394977
403169
394980
403172
394985
403177
403179
394990
403182
394992
403184
394995
403187
403189
394999
403192
403194
403197
403198
403199
403202
395013
403207
403208
403209
395019
403212
395022
403217
395027
403219
395030
403222
403224
395035
403227
395037
403229
395040
403232
403234
395044
403237
403238
403239
403242
395051
395053
403247
395056
403248
403249
395060
403252
403257
395067
403259
395070
403262
403264
395075
403267
403269
395078
403272
403274
395083
403277
395086
403278
403279
403280
403281
395091
403284
395094
403289
395099
403291
395101
403294
395104
403296
403299
395108
403300
403301
403304
395115
395117
403310
395120
403313
403315
395124
403318
403320
395131
403323
403324
403325
395134
403328
395139
403333
395142
403334
403337
395147
395150
403342
403344
395155
403347
403349
395158
403352
403354
395163
395165
403357
403359
395168
403362
403363
395172
403364
403367
395179
403372
395181
403373
403374
395184
403377
395188
403382
403384
395195
403387
403389
395198
403392
403394
395203
403397
395206
403399
403402
395211
403403
403404
395214
403407
395219
403412
403413
395222
403414
403417
395227
395229
403422
395232
403425
403427
403430
395239
403432
403435
395244
403437
395246
403440
403441
403442
395258
403450
403455
395267
403464
395275
403468
395280
403477
395288
403481
395291
395296
403488
403489
403490
395301
403493
395303
395306
403498
403502
395316
403509
403511
403514
395324
403516
395327
403519
403520
403521
403525
395336
403532
403537
395352
403546
403550
395361
403557
403562
403571
403574
403581
403586
395406
403598
403602
395415
403610
403614
395423
403621
403624
403629
395439
403631
403634
403639
395450
403648
403652
395461
403659
403664
395473
403673
395483
403677
395486
395491
403684
395494
403688
395502
403695
403698
395511
403703
395516
403708
395525
403717
395532
403727
403734
403749
403754
403757
403760
403765
395580
403775
403778
403780
395589
403783
395595
403788
403797
395606
395609
403805
395614
395617
395622
403814
403818
395628
403831
403837
403846
395659
395668
403863
395675
403869
403874
395688
403883
395695
403887
403894
403898
395708
403905
395714
403910
395725
403919
395729
403923
395736
403930
395741
403933
403938
403941
395750
403946
395755
403950
395764
403957
403959
403962
395771
403964
403967
395778
403971
395783
403978
403983
403992
403996
404003
404008
404017
404022
395836
404031
404035
395845
404042
395854
404046
404053
395864
404057
395869
404064
404067
395877
404072
395883
404076
404083
395894
404086
395898
404091
404095
395905
395910
404102
404106
395919
404113
395923
404116
404121
395930
395933
404126
395938
395942
404135
404139
395949
395952
404146
395957
404151
395961
395968
404160
395971
404163
395976
404168
395980
404173
395987
404182
395992
404186
396001
404193
404197
396006
404204
404207
396020
404212
404216
396026
404223
404226
396037
404231
396040
404235
396045
396049
404242
404247
396056
404256
404260
396072
404267
396079
404271
396083
404278
396090
404283
396092
404292
404296
404303
404307
396119
404314
404318
396128
404325
396135
404328
404333
396144
404336
404341
404343
404346
396155
404349
404354
396164
404358
396171
404365
396175
404368
404373
396182
396185
404378
396190
396193
404387
396198
404391
396202
404398
396209
404402
396214
404409
404412
396223
404417
396227
404421
396234
404428
396238
404433
396245
396249
404442
404446
396256
396259
404453
396264
404457
396269
404464
404467
396278
404472
396281
404475
396286
404480
396290
404482
404485
396297
404489
396302
404496
404499
396311
404504
396314
404508
396319
396323
404515
404519
396330
396332
404526
396335
404530
396341
404537
404541
396352
404548
396358
404551
396361
404556
396366
404559
396369
404564
396374
396376
404568
404575
404578
396389
404583
396395
404587
404594
404597
396406
404602
396411
404610
396420
404615
396424
404618
396431
404623
404626
396439
404631
404634
396445
404639
404642
404647
396456
396459
404652
396464
396467
404661
396472
404666
396477
404675
396486
404679
396490
404686
396497
404689
396502
404694
404698
396511
404705
396514
404710
396519
396524
404719
396533
396538
404732
404735
396547
404742
396551
404745
396558
404750
396561
396566
404761
396570
404765
396577
396581
404776
396588
396592
404785
404789
396599
396604
404796
404798
404801
396613
404807
396618
404811
404815
396627
404822
396631
404824
404827
396638
404830
396643
404835
404838
404843
396652
404845
396656
404848
404851
396663
404856
396667
404860
396674
404867
396677
404869
404872
396682
404874
404877
396687
404881
404882
404883
404886
396696
396699
404891
404893
396704
404896
404897
396706
404898
404900
396709
404903
396712
404905
404908
396717
404909
404910
396719
404913
396722
404918
396727
404921
404926
396736
404928
404931
396740
404933
404936
396747
404939
396751
404944
404946
404949
396758
404952
396763
404957
404958
404959
404961
396772
404964
404965
404966
396776
404969
404974
396783
404975
404976
404978
396788
404981
404983
404986
404987
404988
396797
404991
396801
404996
404998
405001
396811
405003
405006
396816
405008
405011
405012
405013
405016
396825
405021
396830
405023
405026
405028
396839
405031
396843
405035
396850
405042
405044
396855
405047
405048
405049
405052
396864
405057
405060
396869
405065
405069
396878
396881
405076
396886
405080
396891
405087
405089
396900
405092
405096
396905
405103
405105
396914
405108
396919
405111
405116
405118
396928
405121
396931
405123
405126
405127
396936
405132
396941
405141
396950
405144
396955
405149
405153
405160
396971
405163
405168
405171
396982
405176
396987
405184
396993
405188
405195
397006
405198
405203
397016
405208
405214
405217
397026
405222
397031
405227
397041
405233
405235
397046
405238
405241
405242
405245
397055
405250
397059
405252
405255
405257
405260
405261
405262
405265
405270
397080
405272
405275
405277
405280
405281
405282
397091
405285
405290
397100
405292
397103
405295
405297
397108
405300
405301
405302
397113
405305
405310
405313
397124
405316
405318
405323
397136
405333
397146
405339
397151
405351
397160
405356
405359
397170
405365
405372
397182
397189
405382
397196
405388
405394
397203
397208
405405
397217
405413
397222
405418
397231
405424
405427
397240
405435
397245
405439
397250
405446
397255
405447
405448
405454
405458
405466
397275
405469
405474
405475
405476
397288
405482
405489
397298
405494
397308
405506
397318
405516
405521
397330
397340
405535
405538
405541
397350
405544
397355
405549
405555
397364
405556
405557
405558
397369
405563
397378
405570
397383
397392
405592
405597
405603
397414
405608
405613
397424
397429
405625
397438
405637
397446
397449
405645
397458
405651
405654
397463
405659
397468
405662
397475
405667
405670
397482
405675
405676
405678
405687
397497
405696
397506
397511
405706
405709
397520
405712
397525
405717
397529
397536
405729
397540
405735
405738
397547
397550
405743
397555
405748
397559
405757
397566
405759
397570
405762
405764
405767
397577
397580
397586
405778
405786
397595
405791
405793
397602
405796
397605
397612
397617
405811
397622
397625
405817
397628
397631
397632
405825
405828
397637
405833
405837
397646
405844
405845
397654
405846
405848
405858
397667
405868
397677
405872
405878
397688
405882
397693
405889
405890
405891
397706
405899
397709
405909
397719
405913
397724
405919
397730
405922
397733
405927
405928
397737
405929
405930
397740
405933
397745
405939
405941
397750
405944
397754
397756
397759
405951
405955
397766
397769
405961
405963
405966
397775
405970
397781
405977
405980
397791
405985
397796
405989
405996
406000
397811
406007
397818
406012
397826
397830
406024
406027
397837
406032
397841
406035
397848
406040
397851
406045
397856
406054
397864
406058
397868
406065
406067
397877
406070
406075
397889
406084
406088
397897
406095
397905
406098
406103
406106
397915
406111
406113
397923
406116
406118
406121
397931
406123
406126
406128
397939
406131
406133
397943
406136
406138
406141
397950
406142
406143
406145
397954
406150
397961
397964
397969
397973
406166
406168
406171
397980
397984
406176
406179
397991
406183
397994
406190
397999
406193
398003
406198
406200
398010
406203
398014
406206
406211
398021
406213
398024
398029
406226
406229
398041
406238
398049
406243
398053
398060
406252
406254
398065
406257
406261
406263
398074
406266
406268
398078
406271
406274
398085
398087
406279
398090
406282
398093
406287
398098
406290
398102
406295
406298
398109
406303
406306
398116
406311
406314
398124
406319
398129
406321
406324
406327
398138
406332
406333
398142
406334
406337
406342
406345
398155
398158
406350
406351
406352
398163
406355
398167
406360
406364
398174
398177
406371
406373
398182
406376
398186
406379
406384
398193
406387
398196
406392
398201
406394
398205
406397
406399
406402
398212
406406
398215
398220
406413
398224
406417
398231
406424
398235
406427
406432
398242
406435
398246
406440
406443
398253
406448
398257
406450
406453
406455
398264
406458
398269
406461
406466
406468
398278
406471
398282
406474
406479
398289
406482
398293
406487
406489
398300
406492
398304
406496
398311
406503
406506
398315
406511
398322
406515
398326
406522
398333
406525
398336
406530
406532
398341
406535
398345
406538
406543
398352
406545
398355
406548
406551
398360
398364
406556
406559
398371
406564
406565
398374
406566
406568
398379
406571
406573
398382
406576
406580
398391
406587
406589
398398
406592
398402
406597
398409
406601
406604
406607
398419
406612
406614
398424
406617
406619
406622
398433
406625
398437
406630
398444
406639
398448
390258
406642
390268
406653
398462
398465
406658
406663
406668
390291
406675
406683
390302
406686
406691
398503
390314
398506
406698
406701
398511
398514
398519
406712
390330
398523
406716
406720
398530
398533
406727
398538
406731
398543
390353
406738
406739
398548
406740
406743
406748
398557
398560
406752
390369
406759
398570
406763
398578
406770
390388
406773
398583
390394
406778
406780
406783
398592
406786
390405
398597
406791
406796
398606
390416
390419
398611
406805
406807
406810
398620
406812
390430
406815
398624
390433
406820
398631
406829
398641
406834
390454
390459
398651
406843
406846
406851
390468
398660
406854
406859
406863
398673
398678
406870
406875
390493
398687
398692
406884
390502
398695
406887
390507
398700
406892
406894
398703
406897
390516
398708
406901
398713
406908
406912
398722
398725
406919
398730
406922
398735
406927
406929
406932
406933
406934
398744
390553
406937
398747
406942
398752
398754
406947
398757
398760
390572
406956
398765
406958
406961
398770
406963
406966
390586
398779
406971
398782
390591
406978
398787
406980
406982
390600
398792
406985
406986
406987
390604
406990
398801
390611
406995
398804
406998
390616
398809
407003
398812
407004
407005
390625
398817
407009
390629
398822
407016
398827
407019
390636
407024
390641
407025
398834
407026
407028
407031
398841
390650
407034
390654
407039
407042
398851
390661
407047
398857
407049
390666
407052
398861
407053
407054
407055
407056
407058
390675
398868
407061
390679
407063
398872
390686
407070
398879
398882
390691
398887
407081
398891
390700
398898
390707
398900
398903
407095
390714
398906
407100
398911
407105
390723
398915
407110
407111
390728
407112
407113
398922
398926
407119
390737
407121
407124
398933
398936
407128
390745
398941
407135
398944
407138
390755
398949
390759
407144
407148
390766
407151
398960
390771
407156
407159
390780
407164
398974
407166
407169
407171
390788
407174
398984
407177
390797
398990
407182
407184
390801
398995
407187
407189
390808
407192
399003
407195
390813
407200
399009
407202
399011
407205
390824
407208
399017
399018
399020
407213
407214
399023
407215
407216
399025
407217
407219
399028
399030
407222
399033
407226
390843
399036
390848
399041
407233
407236
399045
407241
390859
399052
407244
399054
390863
399057
407249
399060
407253
407254
407255
399065
390874
407258
399068
407263
399073
399074
407266
399075
390884
399079
407271
390888
407272
407273
407275
399086
407278
390895
407280
399089
407283
390900
407285
399094
399096
407288
399099
407291
390909
399101
399104
407296
390913
407297
399106
407298
399109
407301
399110
399111
390920
399112
399113
407306
390924
399116
407308
407311
407312
399121
407313
390931
407316
399125
390936
407321
407323
399132
407326
399136
407329
390948
407334
399143
407335
390952
407336
407337
399146
407338
407341
390959
399151
399154
407346
390964
407348
399159
407351
399162
407354
390973
399167
407359
399168
399169
407361
390980
407364
399173
407366
407369
399180
407372
399183
390992
407377
407378
407379
390996
399188
407381
399190
407384
399193
407386
399195
407389
399198
407391
399200
407394
399203
407395
399204
407396
391013
399205
399206
399207
407399
391017
399209
407404
399213
407407
391028
407412
399221
407414
391032
407417
407420
399230
407425
407427
407430
399239
391048
407433
407438
407439
407440
399249
407442
391061
407445
399254
407448
407453
399263
391072
407456
399268
407461
407464
399277
407469
407471
391090
399282
407474
407476
407479
407481
391098
399291
407484
407487
399296
391107
407492
407494
399305
407497
407499
391118
399310
407502
407505
391121
407510
399319
407514
391130
399324
391135
407521
391138
407523
399333
407526
391143
399336
407529
391149
399341
407534
399343
407536
399346
407539
407540
407541
407543
391160
407546
399355
407549
391165
407554
399364
407557
391177
407562
407564
399373
407567
391183
399376
407569
407572
399381
407575
399385
407580
407582
391199
399392
407585
399394
407588
391204
407593
399403
407597
391213
391218
407604
399413
407606
407609
391227
407612
407617
391233
407619
399427
407622
407623
407624
399432
407626
391244
407629
407632
391248
399441
407637
399446
391255
407640
391260
407645
407647
407650
407652
391269
407655
407658
391274
399470
407663
407665
399473
391283
407668
407670
399478
407673
391289
399481
407676
399486
407681
399489
391300
407685
399494
391304
399497
407692
407694
399502
391311
407697
399507
391316
407701
399514
407708
391325
399517
407711
391330
407716
407719
399527
391339
407724
407726
391343
407729
399538
407732
391350
399543
407737
407738
391354
407739
407740
399548
407741
407744
399552
391361
407749
391366
407751
399559
407754
407755
407756
399564
407759
391375
391378
407764
407766
391383
399576
407769
407771
391389
407774
399583
407777
407782
407783
407784
391400
407786
391404
407789
399598
407791
407794
391411
407796
399606
407799
407800
391416
407801
399610
407804
391425
391430
399624
407818
399628
391439
407824
399635
391445
407830
399639
407832
407834
407837
407838
399646
407839
391456
399649
407842
391460
399654
407847
407848
407849
399658
407851
391467
407854
407856
391472
399665
407859
407861
399669
407864
391481
407867
399676
391486
399678
407872
399681
407874
407877
399685
391495
407883
399692
407885
407888
399696
407891
399703
391513
399706
407903
399711
407905
391521
399715
407908
391524
407910
407913
391529
399722
407916
391533
399726
407921
407922
407923
407924
407925
399733
391542
407927
399736
407930
407933
391549
399741
391552
407938
399748
391557
407942
407944
391561
399753
407947
407949
407952
391568
399760
407954
407957
407959
391577
407962
399771
407964
391582
407970
407975
391591
399784
407978
391594
399789
407983
391599
407985
391603
407988
399796
399800
407993
391610
391614
399807
408002
399811
391621
408006
391626
399818
408013
399822
408016
391635
408021
399829
391638
408024
399832
391643
408029
399837
391647
408034
399842
391654
391658
408043
399851
399854
408047
391665
399859
408054
408057
399865
391676
408062
399870
391679
408064
408067
391684
408070
399879
408075
399883
391692
408077
408080
408082
391700
408085
408086
408087
408088
391706
408092
399900
391711
408098
391718
408104
408107
391724
399916
408112
408116
391732
399926
391737
408123
399931
408124
408125
399934
408127
408130
399938
408134
391751
399945
399946
399947
408141
399950
408144
399955
391764
408149
399958
408151
408154
408155
399963
408156
391773
399965
408160
399968
399971
391780
408167
399976
408171
399982
391791
399985
408178
408181
399990
399992
391801
408186
408187
399995
408188
408190
399999
408193
391809
408195
408198
400006
408199
400007
400008
408201
408203
391820
408206
408208
391826
408211
408214
400029
408222
408228
391844
400040
408233
400043
408236
391853
400048
408241
408244
400052
391861
408249
400059
408252
391870
400064
408257
408262
408265
400073
400083
408277
408278
400086
408279
391899
408284
408285
408288
391904
408292
408295
391913
408300
408302
391918
400111
408305
408308
400116
391927
400119
408313
408316
391932
400124
408321
400132
391941
400135
391945
408330
400140
408336
391952
400146
391957
408342
408345
400154
408348
391966
408351
391971
408356
408361
408364
391980
408366
408369
391985
408371
408374
400184
391994
408379
400189
408383
391999
400197
408390
392008
408394
400202
408396
392013
408399
408403
408406
392022
408408
400217
408411
392027
400221
408414
408417
392036
400228
408422
408424
400233
408427
408429
408432
408435
408437
408440
400250
408443
392059
408446
400254
392064
408451
392069
400261
408454
408456
400266
408459
392078
408465
408466
392083
408469
400278
408474
400282
408478
392096
408485
400294
408488
400299
392108
408493
408494
408495
408497
408500
392116
400308
408505
400314
408507
392123
400318
408511
408514
392130
400325
408519
408521
400329
408524
408525
408526
408527
408528
400336
400341
408534
392154
408540
400350
408545
400353
408548
392164
400358
408551
392169
400362
408558
408559
400369
400373
408567
408568
392185
408571
400380
408573
408576
400385
408579
408584
400394
408588
400397
408590
392207
408593
400402
408595
392212
408598
400406
408600
408603
392221
400413
408606
400417
392226
408611
408612
408613
408615
400424
408618
392235
408620
400429
408623
392240
408625
408628
408630
400438
408633
392249
400441
408635
408638
392254
400446
408639
408640
408641
408642
400450
408645
392263
408648
400457
408651
408652
392268
408653
400461
408654
408655
408656
408657
408658
408661
392277
408664
408665
392282
400474
408668
400477
408672
408673
408674
400482
392291
400486
408679
408680
392296
408681
408684
400493
408689
392305
408691
400501
408694
392311
408697
400506
408702
408704
408707
400515
408709
392326
400518
408712
408714
400523
408717
400527
408726
400534
408727
408729
392345
400538
408734
392351
400545
408739
408740
408741
400550
392359
408746
408747
408748
408751
400559
408752
408753
400562
408757
408758
408759
392375
400567
400571
408764
408766
408769
392386
400578
408772
408773
408774
400582
392391
408776
408779
408780
408781
400589
408784
392404
408789
408790
408791
400599
408793
400602
408796
392412
408797
408800
392417
408805
408806
408807
392424
400616
408809
408812
400621
408814
408817
408818
408819
392435
408820
408822
400630
408825
408827
392443
408830
400639
408832
392449
408835
400643
408836
408837
392453
408838
408839
408840
408841
400650
392460
400654
408848
392464
400661
392471
408856
392474
408859
408861
400669
392479
408864
408865
408866
392484
408871
408872
408873
408876
400684
392493
408879
400687
392497
408883
400692
392504
400696
408890
392508
408893
400703
408898
400706
408899
392515
408901
392519
400711
408904
408907
392526
408912
392530
400722
408915
400727
408920
408921
392537
408922
408923
408924
392541
408928
400739
392548
408935
392551
400743
408938
392556
400750
408943
392560
408945
400753
408948
400758
408951
392567
400761
392570
408956
408957
408958
400766
392575
408961
400770
392579
408966
408969
400777
392586
408974
392590
400782
408975
408976
408977
408978
408981
392597
400791
392601
408986
400795
408989
392608
408994
400802
408995
392611
408996
408997
400805
408998
392616
409001
392620
400812
409006
400815
409010
392627
392632
409017
409018
409019
409021
409024
392641
409027
400835
392645
409032
400842
409036
392652
392656
409043
409045
392663
400855
409048
409049
409050
392667
409054
392674
400868
409061
392678
409065
400876
392685
409072
392688
400881
409074
409077
392693
409080
392696
400890
409083
392701
409088
392705
400898
409091
400902
409096
392712
409097
409098
409099
392715
409100
400909
409103
392720
400914
409108
392724
409111
392731
400923
409116
409117
409118
392734
409119
400927
409123
392739
400934
392743
409128
409129
409130
400938
409131
392750
409136
392753
400945
409139
409140
409141
400949
392758
409144
409145
400956
409151
400959
409152
409154
409157
409159
392775
409162
409164
409167
409168
409169
392785
409170
400978
409171
409172
409173
409175
392791
409178
409180
400990
409183
392800
409185
409188
409189
400997
409190
409191
392807
409192
409193
409194
401002
409197
392817
409202
401010
409203
409204
409205
392821
409206
401014
409208
409211
392828
409213
409216
392832
409218
401028
409221
409222
409223
392839
409225
409228
392845
409230
409233
401041
409234
409235
409236
409237
409238
409239
392856
409241
401049
409244
392861
409246
409249
409250
409251
409252
401060
409253
409254
392870
409255
409257
392875
409260
401068
409262
409265
409266
409267
409268
392884
409269
409271
392888
409274
401082
409276
409279
392895
409281
401090
409284
392900
409285
409286
409287
409288
401096
409289
409290
409292
392909
401101
409295
401103
392912
409297
401106
409300
409301
392917
401109
409302
409303
409304
392920
409306
401114
409309
392925
401118
409312
409313
392929
409314
409316
401125
409319
392936
409321
401129
409324
409325
392941
409326
409328
401136
409331
401139
409332
409334
392950
401144
409337
401145
401146
409339
401149
409342
409343
409344
392960
401154
409347
392965
401157
409352
409353
409354
401162
409355
409356
401165
392976
409361
409362
401170
409363
409365
401174
392985
409371
409372
409373
401181
409374
401185
392995
401192
409385
401194
409387
401197
409390
409391
409392
401200
409393
393009
409394
409395
409396
409397
393013
401205
409398
409399
401207
409400
409401
409402
401210
409403
393020
401212
409406
409407
401215
409408
409409
393025
409410
401218
409411
393027
409412
409414
393030
401223
401225
409419
409420
401228
409422
393038
401231
409425
409426
409428
393044
401236
409431
401239
409432
393049
401249
393058
401253
393062
401260
393069
401263
393074
401268
401271
393083
401276
393087
401279
401284
393094
401287
393097
401292
393102
401297
393106
393113
401306
401310
393121
401317
393129
401321
393135
401328
401330
393140
401338
393149
401343
393153
393160
401352
393164
401359
393171
401364
393175
393182
393185
401378
393190
401382
401389
401392
401397
401400
393211
401407
)


// ************************************************************************* //
