FoamFile
{
    version 2.0; format ascii;
    class dictionary; object blockMeshDict;
}

scale 1;

vertices
(
    (0.0000000e+00 0.0000000e+00 0.0000000e+00)
    (5.2500000e-03 0.0000000e+00 0.0000000e+00)
    (6.7500000e-03 0.0000000e+00 0.0000000e+00)
    (9.2500000e-03 0.0000000e+00 0.0000000e+00)
    (1.0750000e-02 0.0000000e+00 0.0000000e+00)
    (1.3250000e-02 0.0000000e+00 0.0000000e+00)
    (1.4750000e-02 0.0000000e+00 0.0000000e+00)
    (1.7250000e-02 0.0000000e+00 0.0000000e+00)
    (1.8750000e-02 0.0000000e+00 0.0000000e+00)
    (2.1250000e-02 0.0000000e+00 0.0000000e+00)
    (2.2750000e-02 0.0000000e+00 0.0000000e+00)
    (2.5250000e-02 0.0000000e+00 0.0000000e+00)
    (2.6750000e-02 0.0000000e+00 0.0000000e+00)
    (2.9250000e-02 0.0000000e+00 0.0000000e+00)
    (3.0750000e-02 0.0000000e+00 0.0000000e+00)
    (3.3250000e-02 0.0000000e+00 0.0000000e+00)
    (3.4750000e-02 0.0000000e+00 0.0000000e+00)
    (3.7250000e-02 0.0000000e+00 0.0000000e+00)
    (3.8750000e-02 0.0000000e+00 0.0000000e+00)
    (4.1250000e-02 0.0000000e+00 0.0000000e+00)
    (4.2750000e-02 0.0000000e+00 0.0000000e+00)
    (4.5250000e-02 0.0000000e+00 0.0000000e+00)
    (4.6750000e-02 0.0000000e+00 0.0000000e+00)
    (4.9250000e-02 0.0000000e+00 0.0000000e+00)
    (5.0750000e-02 0.0000000e+00 0.0000000e+00)
    (5.3250000e-02 0.0000000e+00 0.0000000e+00)
    (5.4750000e-02 0.0000000e+00 0.0000000e+00)
    (5.7250000e-02 0.0000000e+00 0.0000000e+00)
    (5.8750000e-02 0.0000000e+00 0.0000000e+00)
    (6.1250000e-02 0.0000000e+00 0.0000000e+00)
    (6.2750000e-02 0.0000000e+00 0.0000000e+00)
    (6.5250000e-02 0.0000000e+00 0.0000000e+00)
    (6.6750000e-02 0.0000000e+00 0.0000000e+00)
    (6.9250000e-02 0.0000000e+00 0.0000000e+00)
    (7.0750000e-02 0.0000000e+00 0.0000000e+00)
    (7.3250000e-02 0.0000000e+00 0.0000000e+00)
    (7.4750000e-02 0.0000000e+00 0.0000000e+00)
    (8.0000000e-02 0.0000000e+00 0.0000000e+00)
    (0.0000000e+00 5.0000000e-03 0.0000000e+00)
    (5.2500000e-03 5.0000000e-03 0.0000000e+00)
    (6.7500000e-03 5.0000000e-03 0.0000000e+00)
    (9.2500000e-03 5.0000000e-03 0.0000000e+00)
    (1.0750000e-02 5.0000000e-03 0.0000000e+00)
    (1.3250000e-02 5.0000000e-03 0.0000000e+00)
    (1.4750000e-02 5.0000000e-03 0.0000000e+00)
    (1.7250000e-02 5.0000000e-03 0.0000000e+00)
    (1.8750000e-02 5.0000000e-03 0.0000000e+00)
    (2.1250000e-02 5.0000000e-03 0.0000000e+00)
    (2.2750000e-02 5.0000000e-03 0.0000000e+00)
    (2.5250000e-02 5.0000000e-03 0.0000000e+00)
    (2.6750000e-02 5.0000000e-03 0.0000000e+00)
    (2.9250000e-02 5.0000000e-03 0.0000000e+00)
    (3.0750000e-02 5.0000000e-03 0.0000000e+00)
    (3.3250000e-02 5.0000000e-03 0.0000000e+00)
    (3.4750000e-02 5.0000000e-03 0.0000000e+00)
    (3.7250000e-02 5.0000000e-03 0.0000000e+00)
    (3.8750000e-02 5.0000000e-03 0.0000000e+00)
    (4.1250000e-02 5.0000000e-03 0.0000000e+00)
    (4.2750000e-02 5.0000000e-03 0.0000000e+00)
    (4.5250000e-02 5.0000000e-03 0.0000000e+00)
    (4.6750000e-02 5.0000000e-03 0.0000000e+00)
    (4.9250000e-02 5.0000000e-03 0.0000000e+00)
    (5.0750000e-02 5.0000000e-03 0.0000000e+00)
    (5.3250000e-02 5.0000000e-03 0.0000000e+00)
    (5.4750000e-02 5.0000000e-03 0.0000000e+00)
    (5.7250000e-02 5.0000000e-03 0.0000000e+00)
    (5.8750000e-02 5.0000000e-03 0.0000000e+00)
    (6.1250000e-02 5.0000000e-03 0.0000000e+00)
    (6.2750000e-02 5.0000000e-03 0.0000000e+00)
    (6.5250000e-02 5.0000000e-03 0.0000000e+00)
    (6.6750000e-02 5.0000000e-03 0.0000000e+00)
    (6.9250000e-02 5.0000000e-03 0.0000000e+00)
    (7.0750000e-02 5.0000000e-03 0.0000000e+00)
    (7.3250000e-02 5.0000000e-03 0.0000000e+00)
    (7.4750000e-02 5.0000000e-03 0.0000000e+00)
    (8.0000000e-02 5.0000000e-03 0.0000000e+00)
    (0.0000000e+00 4.0000000e-02 0.0000000e+00)
    (5.2500000e-03 4.0000000e-02 0.0000000e+00)
    (6.7500000e-03 4.0000000e-02 0.0000000e+00)
    (9.2500000e-03 4.0000000e-02 0.0000000e+00)
    (1.0750000e-02 4.0000000e-02 0.0000000e+00)
    (1.3250000e-02 4.0000000e-02 0.0000000e+00)
    (1.4750000e-02 4.0000000e-02 0.0000000e+00)
    (1.7250000e-02 4.0000000e-02 0.0000000e+00)
    (1.8750000e-02 4.0000000e-02 0.0000000e+00)
    (2.1250000e-02 4.0000000e-02 0.0000000e+00)
    (2.2750000e-02 4.0000000e-02 0.0000000e+00)
    (2.5250000e-02 4.0000000e-02 0.0000000e+00)
    (2.6750000e-02 4.0000000e-02 0.0000000e+00)
    (2.9250000e-02 4.0000000e-02 0.0000000e+00)
    (3.0750000e-02 4.0000000e-02 0.0000000e+00)
    (3.3250000e-02 4.0000000e-02 0.0000000e+00)
    (3.4750000e-02 4.0000000e-02 0.0000000e+00)
    (3.7250000e-02 4.0000000e-02 0.0000000e+00)
    (3.8750000e-02 4.0000000e-02 0.0000000e+00)
    (4.1250000e-02 4.0000000e-02 0.0000000e+00)
    (4.2750000e-02 4.0000000e-02 0.0000000e+00)
    (4.5250000e-02 4.0000000e-02 0.0000000e+00)
    (4.6750000e-02 4.0000000e-02 0.0000000e+00)
    (4.9250000e-02 4.0000000e-02 0.0000000e+00)
    (5.0750000e-02 4.0000000e-02 0.0000000e+00)
    (5.3250000e-02 4.0000000e-02 0.0000000e+00)
    (5.4750000e-02 4.0000000e-02 0.0000000e+00)
    (5.7250000e-02 4.0000000e-02 0.0000000e+00)
    (5.8750000e-02 4.0000000e-02 0.0000000e+00)
    (6.1250000e-02 4.0000000e-02 0.0000000e+00)
    (6.2750000e-02 4.0000000e-02 0.0000000e+00)
    (6.5250000e-02 4.0000000e-02 0.0000000e+00)
    (6.6750000e-02 4.0000000e-02 0.0000000e+00)
    (6.9250000e-02 4.0000000e-02 0.0000000e+00)
    (7.0750000e-02 4.0000000e-02 0.0000000e+00)
    (7.3250000e-02 4.0000000e-02 0.0000000e+00)
    (7.4750000e-02 4.0000000e-02 0.0000000e+00)
    (8.0000000e-02 4.0000000e-02 0.0000000e+00)
    (0.0000000e+00 8.0000000e-02 0.0000000e+00)
    (5.2500000e-03 8.0000000e-02 0.0000000e+00)
    (6.7500000e-03 8.0000000e-02 0.0000000e+00)
    (9.2500000e-03 8.0000000e-02 0.0000000e+00)
    (1.0750000e-02 8.0000000e-02 0.0000000e+00)
    (1.3250000e-02 8.0000000e-02 0.0000000e+00)
    (1.4750000e-02 8.0000000e-02 0.0000000e+00)
    (1.7250000e-02 8.0000000e-02 0.0000000e+00)
    (1.8750000e-02 8.0000000e-02 0.0000000e+00)
    (2.1250000e-02 8.0000000e-02 0.0000000e+00)
    (2.2750000e-02 8.0000000e-02 0.0000000e+00)
    (2.5250000e-02 8.0000000e-02 0.0000000e+00)
    (2.6750000e-02 8.0000000e-02 0.0000000e+00)
    (2.9250000e-02 8.0000000e-02 0.0000000e+00)
    (3.0750000e-02 8.0000000e-02 0.0000000e+00)
    (3.3250000e-02 8.0000000e-02 0.0000000e+00)
    (3.4750000e-02 8.0000000e-02 0.0000000e+00)
    (3.7250000e-02 8.0000000e-02 0.0000000e+00)
    (3.8750000e-02 8.0000000e-02 0.0000000e+00)
    (4.1250000e-02 8.0000000e-02 0.0000000e+00)
    (4.2750000e-02 8.0000000e-02 0.0000000e+00)
    (4.5250000e-02 8.0000000e-02 0.0000000e+00)
    (4.6750000e-02 8.0000000e-02 0.0000000e+00)
    (4.9250000e-02 8.0000000e-02 0.0000000e+00)
    (5.0750000e-02 8.0000000e-02 0.0000000e+00)
    (5.3250000e-02 8.0000000e-02 0.0000000e+00)
    (5.4750000e-02 8.0000000e-02 0.0000000e+00)
    (5.7250000e-02 8.0000000e-02 0.0000000e+00)
    (5.8750000e-02 8.0000000e-02 0.0000000e+00)
    (6.1250000e-02 8.0000000e-02 0.0000000e+00)
    (6.2750000e-02 8.0000000e-02 0.0000000e+00)
    (6.5250000e-02 8.0000000e-02 0.0000000e+00)
    (6.6750000e-02 8.0000000e-02 0.0000000e+00)
    (6.9250000e-02 8.0000000e-02 0.0000000e+00)
    (7.0750000e-02 8.0000000e-02 0.0000000e+00)
    (7.3250000e-02 8.0000000e-02 0.0000000e+00)
    (7.4750000e-02 8.0000000e-02 0.0000000e+00)
    (8.0000000e-02 8.0000000e-02 0.0000000e+00)
    (0.0000000e+00 0.0000000e+00 1.0500000e-01)
    (5.2500000e-03 0.0000000e+00 1.0500000e-01)
    (6.7500000e-03 0.0000000e+00 1.0500000e-01)
    (9.2500000e-03 0.0000000e+00 1.0500000e-01)
    (1.0750000e-02 0.0000000e+00 1.0500000e-01)
    (1.3250000e-02 0.0000000e+00 1.0500000e-01)
    (1.4750000e-02 0.0000000e+00 1.0500000e-01)
    (1.7250000e-02 0.0000000e+00 1.0500000e-01)
    (1.8750000e-02 0.0000000e+00 1.0500000e-01)
    (2.1250000e-02 0.0000000e+00 1.0500000e-01)
    (2.2750000e-02 0.0000000e+00 1.0500000e-01)
    (2.5250000e-02 0.0000000e+00 1.0500000e-01)
    (2.6750000e-02 0.0000000e+00 1.0500000e-01)
    (2.9250000e-02 0.0000000e+00 1.0500000e-01)
    (3.0750000e-02 0.0000000e+00 1.0500000e-01)
    (3.3250000e-02 0.0000000e+00 1.0500000e-01)
    (3.4750000e-02 0.0000000e+00 1.0500000e-01)
    (3.7250000e-02 0.0000000e+00 1.0500000e-01)
    (3.8750000e-02 0.0000000e+00 1.0500000e-01)
    (4.1250000e-02 0.0000000e+00 1.0500000e-01)
    (4.2750000e-02 0.0000000e+00 1.0500000e-01)
    (4.5250000e-02 0.0000000e+00 1.0500000e-01)
    (4.6750000e-02 0.0000000e+00 1.0500000e-01)
    (4.9250000e-02 0.0000000e+00 1.0500000e-01)
    (5.0750000e-02 0.0000000e+00 1.0500000e-01)
    (5.3250000e-02 0.0000000e+00 1.0500000e-01)
    (5.4750000e-02 0.0000000e+00 1.0500000e-01)
    (5.7250000e-02 0.0000000e+00 1.0500000e-01)
    (5.8750000e-02 0.0000000e+00 1.0500000e-01)
    (6.1250000e-02 0.0000000e+00 1.0500000e-01)
    (6.2750000e-02 0.0000000e+00 1.0500000e-01)
    (6.5250000e-02 0.0000000e+00 1.0500000e-01)
    (6.6750000e-02 0.0000000e+00 1.0500000e-01)
    (6.9250000e-02 0.0000000e+00 1.0500000e-01)
    (7.0750000e-02 0.0000000e+00 1.0500000e-01)
    (7.3250000e-02 0.0000000e+00 1.0500000e-01)
    (7.4750000e-02 0.0000000e+00 1.0500000e-01)
    (8.0000000e-02 0.0000000e+00 1.0500000e-01)
    (0.0000000e+00 5.0000000e-03 1.0500000e-01)
    (5.2500000e-03 5.0000000e-03 1.0500000e-01)
    (6.7500000e-03 5.0000000e-03 1.0500000e-01)
    (9.2500000e-03 5.0000000e-03 1.0500000e-01)
    (1.0750000e-02 5.0000000e-03 1.0500000e-01)
    (1.3250000e-02 5.0000000e-03 1.0500000e-01)
    (1.4750000e-02 5.0000000e-03 1.0500000e-01)
    (1.7250000e-02 5.0000000e-03 1.0500000e-01)
    (1.8750000e-02 5.0000000e-03 1.0500000e-01)
    (2.1250000e-02 5.0000000e-03 1.0500000e-01)
    (2.2750000e-02 5.0000000e-03 1.0500000e-01)
    (2.5250000e-02 5.0000000e-03 1.0500000e-01)
    (2.6750000e-02 5.0000000e-03 1.0500000e-01)
    (2.9250000e-02 5.0000000e-03 1.0500000e-01)
    (3.0750000e-02 5.0000000e-03 1.0500000e-01)
    (3.3250000e-02 5.0000000e-03 1.0500000e-01)
    (3.4750000e-02 5.0000000e-03 1.0500000e-01)
    (3.7250000e-02 5.0000000e-03 1.0500000e-01)
    (3.8750000e-02 5.0000000e-03 1.0500000e-01)
    (4.1250000e-02 5.0000000e-03 1.0500000e-01)
    (4.2750000e-02 5.0000000e-03 1.0500000e-01)
    (4.5250000e-02 5.0000000e-03 1.0500000e-01)
    (4.6750000e-02 5.0000000e-03 1.0500000e-01)
    (4.9250000e-02 5.0000000e-03 1.0500000e-01)
    (5.0750000e-02 5.0000000e-03 1.0500000e-01)
    (5.3250000e-02 5.0000000e-03 1.0500000e-01)
    (5.4750000e-02 5.0000000e-03 1.0500000e-01)
    (5.7250000e-02 5.0000000e-03 1.0500000e-01)
    (5.8750000e-02 5.0000000e-03 1.0500000e-01)
    (6.1250000e-02 5.0000000e-03 1.0500000e-01)
    (6.2750000e-02 5.0000000e-03 1.0500000e-01)
    (6.5250000e-02 5.0000000e-03 1.0500000e-01)
    (6.6750000e-02 5.0000000e-03 1.0500000e-01)
    (6.9250000e-02 5.0000000e-03 1.0500000e-01)
    (7.0750000e-02 5.0000000e-03 1.0500000e-01)
    (7.3250000e-02 5.0000000e-03 1.0500000e-01)
    (7.4750000e-02 5.0000000e-03 1.0500000e-01)
    (8.0000000e-02 5.0000000e-03 1.0500000e-01)
    (0.0000000e+00 4.0000000e-02 1.0500000e-01)
    (5.2500000e-03 4.0000000e-02 1.0500000e-01)
    (6.7500000e-03 4.0000000e-02 1.0500000e-01)
    (9.2500000e-03 4.0000000e-02 1.0500000e-01)
    (1.0750000e-02 4.0000000e-02 1.0500000e-01)
    (1.3250000e-02 4.0000000e-02 1.0500000e-01)
    (1.4750000e-02 4.0000000e-02 1.0500000e-01)
    (1.7250000e-02 4.0000000e-02 1.0500000e-01)
    (1.8750000e-02 4.0000000e-02 1.0500000e-01)
    (2.1250000e-02 4.0000000e-02 1.0500000e-01)
    (2.2750000e-02 4.0000000e-02 1.0500000e-01)
    (2.5250000e-02 4.0000000e-02 1.0500000e-01)
    (2.6750000e-02 4.0000000e-02 1.0500000e-01)
    (2.9250000e-02 4.0000000e-02 1.0500000e-01)
    (3.0750000e-02 4.0000000e-02 1.0500000e-01)
    (3.3250000e-02 4.0000000e-02 1.0500000e-01)
    (3.4750000e-02 4.0000000e-02 1.0500000e-01)
    (3.7250000e-02 4.0000000e-02 1.0500000e-01)
    (3.8750000e-02 4.0000000e-02 1.0500000e-01)
    (4.1250000e-02 4.0000000e-02 1.0500000e-01)
    (4.2750000e-02 4.0000000e-02 1.0500000e-01)
    (4.5250000e-02 4.0000000e-02 1.0500000e-01)
    (4.6750000e-02 4.0000000e-02 1.0500000e-01)
    (4.9250000e-02 4.0000000e-02 1.0500000e-01)
    (5.0750000e-02 4.0000000e-02 1.0500000e-01)
    (5.3250000e-02 4.0000000e-02 1.0500000e-01)
    (5.4750000e-02 4.0000000e-02 1.0500000e-01)
    (5.7250000e-02 4.0000000e-02 1.0500000e-01)
    (5.8750000e-02 4.0000000e-02 1.0500000e-01)
    (6.1250000e-02 4.0000000e-02 1.0500000e-01)
    (6.2750000e-02 4.0000000e-02 1.0500000e-01)
    (6.5250000e-02 4.0000000e-02 1.0500000e-01)
    (6.6750000e-02 4.0000000e-02 1.0500000e-01)
    (6.9250000e-02 4.0000000e-02 1.0500000e-01)
    (7.0750000e-02 4.0000000e-02 1.0500000e-01)
    (7.3250000e-02 4.0000000e-02 1.0500000e-01)
    (7.4750000e-02 4.0000000e-02 1.0500000e-01)
    (8.0000000e-02 4.0000000e-02 1.0500000e-01)
    (0.0000000e+00 8.0000000e-02 1.0500000e-01)
    (5.2500000e-03 8.0000000e-02 1.0500000e-01)
    (6.7500000e-03 8.0000000e-02 1.0500000e-01)
    (9.2500000e-03 8.0000000e-02 1.0500000e-01)
    (1.0750000e-02 8.0000000e-02 1.0500000e-01)
    (1.3250000e-02 8.0000000e-02 1.0500000e-01)
    (1.4750000e-02 8.0000000e-02 1.0500000e-01)
    (1.7250000e-02 8.0000000e-02 1.0500000e-01)
    (1.8750000e-02 8.0000000e-02 1.0500000e-01)
    (2.1250000e-02 8.0000000e-02 1.0500000e-01)
    (2.2750000e-02 8.0000000e-02 1.0500000e-01)
    (2.5250000e-02 8.0000000e-02 1.0500000e-01)
    (2.6750000e-02 8.0000000e-02 1.0500000e-01)
    (2.9250000e-02 8.0000000e-02 1.0500000e-01)
    (3.0750000e-02 8.0000000e-02 1.0500000e-01)
    (3.3250000e-02 8.0000000e-02 1.0500000e-01)
    (3.4750000e-02 8.0000000e-02 1.0500000e-01)
    (3.7250000e-02 8.0000000e-02 1.0500000e-01)
    (3.8750000e-02 8.0000000e-02 1.0500000e-01)
    (4.1250000e-02 8.0000000e-02 1.0500000e-01)
    (4.2750000e-02 8.0000000e-02 1.0500000e-01)
    (4.5250000e-02 8.0000000e-02 1.0500000e-01)
    (4.6750000e-02 8.0000000e-02 1.0500000e-01)
    (4.9250000e-02 8.0000000e-02 1.0500000e-01)
    (5.0750000e-02 8.0000000e-02 1.0500000e-01)
    (5.3250000e-02 8.0000000e-02 1.0500000e-01)
    (5.4750000e-02 8.0000000e-02 1.0500000e-01)
    (5.7250000e-02 8.0000000e-02 1.0500000e-01)
    (5.8750000e-02 8.0000000e-02 1.0500000e-01)
    (6.1250000e-02 8.0000000e-02 1.0500000e-01)
    (6.2750000e-02 8.0000000e-02 1.0500000e-01)
    (6.5250000e-02 8.0000000e-02 1.0500000e-01)
    (6.6750000e-02 8.0000000e-02 1.0500000e-01)
    (6.9250000e-02 8.0000000e-02 1.0500000e-01)
    (7.0750000e-02 8.0000000e-02 1.0500000e-01)
    (7.3250000e-02 8.0000000e-02 1.0500000e-01)
    (7.4750000e-02 8.0000000e-02 1.0500000e-01)
    (8.0000000e-02 8.0000000e-02 1.0500000e-01)
    (0.0000000e+00 0.0000000e+00 1.8500000e-01)
    (5.2500000e-03 0.0000000e+00 1.8500000e-01)
    (6.7500000e-03 0.0000000e+00 1.8500000e-01)
    (9.2500000e-03 0.0000000e+00 1.8500000e-01)
    (1.0750000e-02 0.0000000e+00 1.8500000e-01)
    (1.3250000e-02 0.0000000e+00 1.8500000e-01)
    (1.4750000e-02 0.0000000e+00 1.8500000e-01)
    (1.7250000e-02 0.0000000e+00 1.8500000e-01)
    (1.8750000e-02 0.0000000e+00 1.8500000e-01)
    (2.1250000e-02 0.0000000e+00 1.8500000e-01)
    (2.2750000e-02 0.0000000e+00 1.8500000e-01)
    (2.5250000e-02 0.0000000e+00 1.8500000e-01)
    (2.6750000e-02 0.0000000e+00 1.8500000e-01)
    (2.9250000e-02 0.0000000e+00 1.8500000e-01)
    (3.0750000e-02 0.0000000e+00 1.8500000e-01)
    (3.3250000e-02 0.0000000e+00 1.8500000e-01)
    (3.4750000e-02 0.0000000e+00 1.8500000e-01)
    (3.7250000e-02 0.0000000e+00 1.8500000e-01)
    (3.8750000e-02 0.0000000e+00 1.8500000e-01)
    (4.1250000e-02 0.0000000e+00 1.8500000e-01)
    (4.2750000e-02 0.0000000e+00 1.8500000e-01)
    (4.5250000e-02 0.0000000e+00 1.8500000e-01)
    (4.6750000e-02 0.0000000e+00 1.8500000e-01)
    (4.9250000e-02 0.0000000e+00 1.8500000e-01)
    (5.0750000e-02 0.0000000e+00 1.8500000e-01)
    (5.3250000e-02 0.0000000e+00 1.8500000e-01)
    (5.4750000e-02 0.0000000e+00 1.8500000e-01)
    (5.7250000e-02 0.0000000e+00 1.8500000e-01)
    (5.8750000e-02 0.0000000e+00 1.8500000e-01)
    (6.1250000e-02 0.0000000e+00 1.8500000e-01)
    (6.2750000e-02 0.0000000e+00 1.8500000e-01)
    (6.5250000e-02 0.0000000e+00 1.8500000e-01)
    (6.6750000e-02 0.0000000e+00 1.8500000e-01)
    (6.9250000e-02 0.0000000e+00 1.8500000e-01)
    (7.0750000e-02 0.0000000e+00 1.8500000e-01)
    (7.3250000e-02 0.0000000e+00 1.8500000e-01)
    (7.4750000e-02 0.0000000e+00 1.8500000e-01)
    (8.0000000e-02 0.0000000e+00 1.8500000e-01)
    (0.0000000e+00 5.0000000e-03 1.8500000e-01)
    (5.2500000e-03 5.0000000e-03 1.8500000e-01)
    (6.7500000e-03 5.0000000e-03 1.8500000e-01)
    (9.2500000e-03 5.0000000e-03 1.8500000e-01)
    (1.0750000e-02 5.0000000e-03 1.8500000e-01)
    (1.3250000e-02 5.0000000e-03 1.8500000e-01)
    (1.4750000e-02 5.0000000e-03 1.8500000e-01)
    (1.7250000e-02 5.0000000e-03 1.8500000e-01)
    (1.8750000e-02 5.0000000e-03 1.8500000e-01)
    (2.1250000e-02 5.0000000e-03 1.8500000e-01)
    (2.2750000e-02 5.0000000e-03 1.8500000e-01)
    (2.5250000e-02 5.0000000e-03 1.8500000e-01)
    (2.6750000e-02 5.0000000e-03 1.8500000e-01)
    (2.9250000e-02 5.0000000e-03 1.8500000e-01)
    (3.0750000e-02 5.0000000e-03 1.8500000e-01)
    (3.3250000e-02 5.0000000e-03 1.8500000e-01)
    (3.4750000e-02 5.0000000e-03 1.8500000e-01)
    (3.7250000e-02 5.0000000e-03 1.8500000e-01)
    (3.8750000e-02 5.0000000e-03 1.8500000e-01)
    (4.1250000e-02 5.0000000e-03 1.8500000e-01)
    (4.2750000e-02 5.0000000e-03 1.8500000e-01)
    (4.5250000e-02 5.0000000e-03 1.8500000e-01)
    (4.6750000e-02 5.0000000e-03 1.8500000e-01)
    (4.9250000e-02 5.0000000e-03 1.8500000e-01)
    (5.0750000e-02 5.0000000e-03 1.8500000e-01)
    (5.3250000e-02 5.0000000e-03 1.8500000e-01)
    (5.4750000e-02 5.0000000e-03 1.8500000e-01)
    (5.7250000e-02 5.0000000e-03 1.8500000e-01)
    (5.8750000e-02 5.0000000e-03 1.8500000e-01)
    (6.1250000e-02 5.0000000e-03 1.8500000e-01)
    (6.2750000e-02 5.0000000e-03 1.8500000e-01)
    (6.5250000e-02 5.0000000e-03 1.8500000e-01)
    (6.6750000e-02 5.0000000e-03 1.8500000e-01)
    (6.9250000e-02 5.0000000e-03 1.8500000e-01)
    (7.0750000e-02 5.0000000e-03 1.8500000e-01)
    (7.3250000e-02 5.0000000e-03 1.8500000e-01)
    (7.4750000e-02 5.0000000e-03 1.8500000e-01)
    (8.0000000e-02 5.0000000e-03 1.8500000e-01)
    (0.0000000e+00 4.0000000e-02 1.8500000e-01)
    (5.2500000e-03 4.0000000e-02 1.8500000e-01)
    (6.7500000e-03 4.0000000e-02 1.8500000e-01)
    (9.2500000e-03 4.0000000e-02 1.8500000e-01)
    (1.0750000e-02 4.0000000e-02 1.8500000e-01)
    (1.3250000e-02 4.0000000e-02 1.8500000e-01)
    (1.4750000e-02 4.0000000e-02 1.8500000e-01)
    (1.7250000e-02 4.0000000e-02 1.8500000e-01)
    (1.8750000e-02 4.0000000e-02 1.8500000e-01)
    (2.1250000e-02 4.0000000e-02 1.8500000e-01)
    (2.2750000e-02 4.0000000e-02 1.8500000e-01)
    (2.5250000e-02 4.0000000e-02 1.8500000e-01)
    (2.6750000e-02 4.0000000e-02 1.8500000e-01)
    (2.9250000e-02 4.0000000e-02 1.8500000e-01)
    (3.0750000e-02 4.0000000e-02 1.8500000e-01)
    (3.3250000e-02 4.0000000e-02 1.8500000e-01)
    (3.4750000e-02 4.0000000e-02 1.8500000e-01)
    (3.7250000e-02 4.0000000e-02 1.8500000e-01)
    (3.8750000e-02 4.0000000e-02 1.8500000e-01)
    (4.1250000e-02 4.0000000e-02 1.8500000e-01)
    (4.2750000e-02 4.0000000e-02 1.8500000e-01)
    (4.5250000e-02 4.0000000e-02 1.8500000e-01)
    (4.6750000e-02 4.0000000e-02 1.8500000e-01)
    (4.9250000e-02 4.0000000e-02 1.8500000e-01)
    (5.0750000e-02 4.0000000e-02 1.8500000e-01)
    (5.3250000e-02 4.0000000e-02 1.8500000e-01)
    (5.4750000e-02 4.0000000e-02 1.8500000e-01)
    (5.7250000e-02 4.0000000e-02 1.8500000e-01)
    (5.8750000e-02 4.0000000e-02 1.8500000e-01)
    (6.1250000e-02 4.0000000e-02 1.8500000e-01)
    (6.2750000e-02 4.0000000e-02 1.8500000e-01)
    (6.5250000e-02 4.0000000e-02 1.8500000e-01)
    (6.6750000e-02 4.0000000e-02 1.8500000e-01)
    (6.9250000e-02 4.0000000e-02 1.8500000e-01)
    (7.0750000e-02 4.0000000e-02 1.8500000e-01)
    (7.3250000e-02 4.0000000e-02 1.8500000e-01)
    (7.4750000e-02 4.0000000e-02 1.8500000e-01)
    (8.0000000e-02 4.0000000e-02 1.8500000e-01)
    (0.0000000e+00 8.0000000e-02 1.8500000e-01)
    (5.2500000e-03 8.0000000e-02 1.8500000e-01)
    (6.7500000e-03 8.0000000e-02 1.8500000e-01)
    (9.2500000e-03 8.0000000e-02 1.8500000e-01)
    (1.0750000e-02 8.0000000e-02 1.8500000e-01)
    (1.3250000e-02 8.0000000e-02 1.8500000e-01)
    (1.4750000e-02 8.0000000e-02 1.8500000e-01)
    (1.7250000e-02 8.0000000e-02 1.8500000e-01)
    (1.8750000e-02 8.0000000e-02 1.8500000e-01)
    (2.1250000e-02 8.0000000e-02 1.8500000e-01)
    (2.2750000e-02 8.0000000e-02 1.8500000e-01)
    (2.5250000e-02 8.0000000e-02 1.8500000e-01)
    (2.6750000e-02 8.0000000e-02 1.8500000e-01)
    (2.9250000e-02 8.0000000e-02 1.8500000e-01)
    (3.0750000e-02 8.0000000e-02 1.8500000e-01)
    (3.3250000e-02 8.0000000e-02 1.8500000e-01)
    (3.4750000e-02 8.0000000e-02 1.8500000e-01)
    (3.7250000e-02 8.0000000e-02 1.8500000e-01)
    (3.8750000e-02 8.0000000e-02 1.8500000e-01)
    (4.1250000e-02 8.0000000e-02 1.8500000e-01)
    (4.2750000e-02 8.0000000e-02 1.8500000e-01)
    (4.5250000e-02 8.0000000e-02 1.8500000e-01)
    (4.6750000e-02 8.0000000e-02 1.8500000e-01)
    (4.9250000e-02 8.0000000e-02 1.8500000e-01)
    (5.0750000e-02 8.0000000e-02 1.8500000e-01)
    (5.3250000e-02 8.0000000e-02 1.8500000e-01)
    (5.4750000e-02 8.0000000e-02 1.8500000e-01)
    (5.7250000e-02 8.0000000e-02 1.8500000e-01)
    (5.8750000e-02 8.0000000e-02 1.8500000e-01)
    (6.1250000e-02 8.0000000e-02 1.8500000e-01)
    (6.2750000e-02 8.0000000e-02 1.8500000e-01)
    (6.5250000e-02 8.0000000e-02 1.8500000e-01)
    (6.6750000e-02 8.0000000e-02 1.8500000e-01)
    (6.9250000e-02 8.0000000e-02 1.8500000e-01)
    (7.0750000e-02 8.0000000e-02 1.8500000e-01)
    (7.3250000e-02 8.0000000e-02 1.8500000e-01)
    (7.4750000e-02 8.0000000e-02 1.8500000e-01)
    (8.0000000e-02 8.0000000e-02 1.8500000e-01)
    (0.0000000e+00 0.0000000e+00 2.9000000e-01)
    (5.2500000e-03 0.0000000e+00 2.9000000e-01)
    (6.7500000e-03 0.0000000e+00 2.9000000e-01)
    (9.2500000e-03 0.0000000e+00 2.9000000e-01)
    (1.0750000e-02 0.0000000e+00 2.9000000e-01)
    (1.3250000e-02 0.0000000e+00 2.9000000e-01)
    (1.4750000e-02 0.0000000e+00 2.9000000e-01)
    (1.7250000e-02 0.0000000e+00 2.9000000e-01)
    (1.8750000e-02 0.0000000e+00 2.9000000e-01)
    (2.1250000e-02 0.0000000e+00 2.9000000e-01)
    (2.2750000e-02 0.0000000e+00 2.9000000e-01)
    (2.5250000e-02 0.0000000e+00 2.9000000e-01)
    (2.6750000e-02 0.0000000e+00 2.9000000e-01)
    (2.9250000e-02 0.0000000e+00 2.9000000e-01)
    (3.0750000e-02 0.0000000e+00 2.9000000e-01)
    (3.3250000e-02 0.0000000e+00 2.9000000e-01)
    (3.4750000e-02 0.0000000e+00 2.9000000e-01)
    (3.7250000e-02 0.0000000e+00 2.9000000e-01)
    (3.8750000e-02 0.0000000e+00 2.9000000e-01)
    (4.1250000e-02 0.0000000e+00 2.9000000e-01)
    (4.2750000e-02 0.0000000e+00 2.9000000e-01)
    (4.5250000e-02 0.0000000e+00 2.9000000e-01)
    (4.6750000e-02 0.0000000e+00 2.9000000e-01)
    (4.9250000e-02 0.0000000e+00 2.9000000e-01)
    (5.0750000e-02 0.0000000e+00 2.9000000e-01)
    (5.3250000e-02 0.0000000e+00 2.9000000e-01)
    (5.4750000e-02 0.0000000e+00 2.9000000e-01)
    (5.7250000e-02 0.0000000e+00 2.9000000e-01)
    (5.8750000e-02 0.0000000e+00 2.9000000e-01)
    (6.1250000e-02 0.0000000e+00 2.9000000e-01)
    (6.2750000e-02 0.0000000e+00 2.9000000e-01)
    (6.5250000e-02 0.0000000e+00 2.9000000e-01)
    (6.6750000e-02 0.0000000e+00 2.9000000e-01)
    (6.9250000e-02 0.0000000e+00 2.9000000e-01)
    (7.0750000e-02 0.0000000e+00 2.9000000e-01)
    (7.3250000e-02 0.0000000e+00 2.9000000e-01)
    (7.4750000e-02 0.0000000e+00 2.9000000e-01)
    (8.0000000e-02 0.0000000e+00 2.9000000e-01)
    (0.0000000e+00 5.0000000e-03 2.9000000e-01)
    (5.2500000e-03 5.0000000e-03 2.9000000e-01)
    (6.7500000e-03 5.0000000e-03 2.9000000e-01)
    (9.2500000e-03 5.0000000e-03 2.9000000e-01)
    (1.0750000e-02 5.0000000e-03 2.9000000e-01)
    (1.3250000e-02 5.0000000e-03 2.9000000e-01)
    (1.4750000e-02 5.0000000e-03 2.9000000e-01)
    (1.7250000e-02 5.0000000e-03 2.9000000e-01)
    (1.8750000e-02 5.0000000e-03 2.9000000e-01)
    (2.1250000e-02 5.0000000e-03 2.9000000e-01)
    (2.2750000e-02 5.0000000e-03 2.9000000e-01)
    (2.5250000e-02 5.0000000e-03 2.9000000e-01)
    (2.6750000e-02 5.0000000e-03 2.9000000e-01)
    (2.9250000e-02 5.0000000e-03 2.9000000e-01)
    (3.0750000e-02 5.0000000e-03 2.9000000e-01)
    (3.3250000e-02 5.0000000e-03 2.9000000e-01)
    (3.4750000e-02 5.0000000e-03 2.9000000e-01)
    (3.7250000e-02 5.0000000e-03 2.9000000e-01)
    (3.8750000e-02 5.0000000e-03 2.9000000e-01)
    (4.1250000e-02 5.0000000e-03 2.9000000e-01)
    (4.2750000e-02 5.0000000e-03 2.9000000e-01)
    (4.5250000e-02 5.0000000e-03 2.9000000e-01)
    (4.6750000e-02 5.0000000e-03 2.9000000e-01)
    (4.9250000e-02 5.0000000e-03 2.9000000e-01)
    (5.0750000e-02 5.0000000e-03 2.9000000e-01)
    (5.3250000e-02 5.0000000e-03 2.9000000e-01)
    (5.4750000e-02 5.0000000e-03 2.9000000e-01)
    (5.7250000e-02 5.0000000e-03 2.9000000e-01)
    (5.8750000e-02 5.0000000e-03 2.9000000e-01)
    (6.1250000e-02 5.0000000e-03 2.9000000e-01)
    (6.2750000e-02 5.0000000e-03 2.9000000e-01)
    (6.5250000e-02 5.0000000e-03 2.9000000e-01)
    (6.6750000e-02 5.0000000e-03 2.9000000e-01)
    (6.9250000e-02 5.0000000e-03 2.9000000e-01)
    (7.0750000e-02 5.0000000e-03 2.9000000e-01)
    (7.3250000e-02 5.0000000e-03 2.9000000e-01)
    (7.4750000e-02 5.0000000e-03 2.9000000e-01)
    (8.0000000e-02 5.0000000e-03 2.9000000e-01)
    (0.0000000e+00 4.0000000e-02 2.9000000e-01)
    (5.2500000e-03 4.0000000e-02 2.9000000e-01)
    (6.7500000e-03 4.0000000e-02 2.9000000e-01)
    (9.2500000e-03 4.0000000e-02 2.9000000e-01)
    (1.0750000e-02 4.0000000e-02 2.9000000e-01)
    (1.3250000e-02 4.0000000e-02 2.9000000e-01)
    (1.4750000e-02 4.0000000e-02 2.9000000e-01)
    (1.7250000e-02 4.0000000e-02 2.9000000e-01)
    (1.8750000e-02 4.0000000e-02 2.9000000e-01)
    (2.1250000e-02 4.0000000e-02 2.9000000e-01)
    (2.2750000e-02 4.0000000e-02 2.9000000e-01)
    (2.5250000e-02 4.0000000e-02 2.9000000e-01)
    (2.6750000e-02 4.0000000e-02 2.9000000e-01)
    (2.9250000e-02 4.0000000e-02 2.9000000e-01)
    (3.0750000e-02 4.0000000e-02 2.9000000e-01)
    (3.3250000e-02 4.0000000e-02 2.9000000e-01)
    (3.4750000e-02 4.0000000e-02 2.9000000e-01)
    (3.7250000e-02 4.0000000e-02 2.9000000e-01)
    (3.8750000e-02 4.0000000e-02 2.9000000e-01)
    (4.1250000e-02 4.0000000e-02 2.9000000e-01)
    (4.2750000e-02 4.0000000e-02 2.9000000e-01)
    (4.5250000e-02 4.0000000e-02 2.9000000e-01)
    (4.6750000e-02 4.0000000e-02 2.9000000e-01)
    (4.9250000e-02 4.0000000e-02 2.9000000e-01)
    (5.0750000e-02 4.0000000e-02 2.9000000e-01)
    (5.3250000e-02 4.0000000e-02 2.9000000e-01)
    (5.4750000e-02 4.0000000e-02 2.9000000e-01)
    (5.7250000e-02 4.0000000e-02 2.9000000e-01)
    (5.8750000e-02 4.0000000e-02 2.9000000e-01)
    (6.1250000e-02 4.0000000e-02 2.9000000e-01)
    (6.2750000e-02 4.0000000e-02 2.9000000e-01)
    (6.5250000e-02 4.0000000e-02 2.9000000e-01)
    (6.6750000e-02 4.0000000e-02 2.9000000e-01)
    (6.9250000e-02 4.0000000e-02 2.9000000e-01)
    (7.0750000e-02 4.0000000e-02 2.9000000e-01)
    (7.3250000e-02 4.0000000e-02 2.9000000e-01)
    (7.4750000e-02 4.0000000e-02 2.9000000e-01)
    (8.0000000e-02 4.0000000e-02 2.9000000e-01)
    (0.0000000e+00 8.0000000e-02 2.9000000e-01)
    (5.2500000e-03 8.0000000e-02 2.9000000e-01)
    (6.7500000e-03 8.0000000e-02 2.9000000e-01)
    (9.2500000e-03 8.0000000e-02 2.9000000e-01)
    (1.0750000e-02 8.0000000e-02 2.9000000e-01)
    (1.3250000e-02 8.0000000e-02 2.9000000e-01)
    (1.4750000e-02 8.0000000e-02 2.9000000e-01)
    (1.7250000e-02 8.0000000e-02 2.9000000e-01)
    (1.8750000e-02 8.0000000e-02 2.9000000e-01)
    (2.1250000e-02 8.0000000e-02 2.9000000e-01)
    (2.2750000e-02 8.0000000e-02 2.9000000e-01)
    (2.5250000e-02 8.0000000e-02 2.9000000e-01)
    (2.6750000e-02 8.0000000e-02 2.9000000e-01)
    (2.9250000e-02 8.0000000e-02 2.9000000e-01)
    (3.0750000e-02 8.0000000e-02 2.9000000e-01)
    (3.3250000e-02 8.0000000e-02 2.9000000e-01)
    (3.4750000e-02 8.0000000e-02 2.9000000e-01)
    (3.7250000e-02 8.0000000e-02 2.9000000e-01)
    (3.8750000e-02 8.0000000e-02 2.9000000e-01)
    (4.1250000e-02 8.0000000e-02 2.9000000e-01)
    (4.2750000e-02 8.0000000e-02 2.9000000e-01)
    (4.5250000e-02 8.0000000e-02 2.9000000e-01)
    (4.6750000e-02 8.0000000e-02 2.9000000e-01)
    (4.9250000e-02 8.0000000e-02 2.9000000e-01)
    (5.0750000e-02 8.0000000e-02 2.9000000e-01)
    (5.3250000e-02 8.0000000e-02 2.9000000e-01)
    (5.4750000e-02 8.0000000e-02 2.9000000e-01)
    (5.7250000e-02 8.0000000e-02 2.9000000e-01)
    (5.8750000e-02 8.0000000e-02 2.9000000e-01)
    (6.1250000e-02 8.0000000e-02 2.9000000e-01)
    (6.2750000e-02 8.0000000e-02 2.9000000e-01)
    (6.5250000e-02 8.0000000e-02 2.9000000e-01)
    (6.6750000e-02 8.0000000e-02 2.9000000e-01)
    (6.9250000e-02 8.0000000e-02 2.9000000e-01)
    (7.0750000e-02 8.0000000e-02 2.9000000e-01)
    (7.3250000e-02 8.0000000e-02 2.9000000e-01)
    (7.4750000e-02 8.0000000e-02 2.9000000e-01)
    (8.0000000e-02 8.0000000e-02 2.9000000e-01)
);

blocks
(
    hex (0 1 39 38 152 153 191 190) fluid (4 4 25) simpleGrading (1 1 1)
    hex (1 2 40 39 153 154 192 191) fluid (4 4 25) simpleGrading (1 1 1)
    hex (2 3 41 40 154 155 193 192) fluid (8 4 25) simpleGrading (1 1 1)
    hex (3 4 42 41 155 156 194 193) fluid (4 4 25) simpleGrading (1 1 1)
    hex (4 5 43 42 156 157 195 194) fluid (8 4 25) simpleGrading (1 1 1)
    hex (5 6 44 43 157 158 196 195) fluid (4 4 25) simpleGrading (1 1 1)
    hex (6 7 45 44 158 159 197 196) fluid (8 4 25) simpleGrading (1 1 1)
    hex (7 8 46 45 159 160 198 197) fluid (4 4 25) simpleGrading (1 1 1)
    hex (8 9 47 46 160 161 199 198) fluid (8 4 25) simpleGrading (1 1 1)
    hex (9 10 48 47 161 162 200 199) fluid (4 4 25) simpleGrading (1 1 1)
    hex (10 11 49 48 162 163 201 200) fluid (8 4 25) simpleGrading (1 1 1)
    hex (11 12 50 49 163 164 202 201) fluid (4 4 25) simpleGrading (1 1 1)
    hex (12 13 51 50 164 165 203 202) fluid (8 4 25) simpleGrading (1 1 1)
    hex (13 14 52 51 165 166 204 203) fluid (4 4 25) simpleGrading (1 1 1)
    hex (14 15 53 52 166 167 205 204) fluid (8 4 25) simpleGrading (1 1 1)
    hex (15 16 54 53 167 168 206 205) fluid (4 4 25) simpleGrading (1 1 1)
    hex (16 17 55 54 168 169 207 206) fluid (8 4 25) simpleGrading (1 1 1)
    hex (17 18 56 55 169 170 208 207) fluid (4 4 25) simpleGrading (1 1 1)
    hex (18 19 57 56 170 171 209 208) fluid (8 4 25) simpleGrading (1 1 1)
    hex (19 20 58 57 171 172 210 209) fluid (4 4 25) simpleGrading (1 1 1)
    hex (20 21 59 58 172 173 211 210) fluid (8 4 25) simpleGrading (1 1 1)
    hex (21 22 60 59 173 174 212 211) fluid (4 4 25) simpleGrading (1 1 1)
    hex (22 23 61 60 174 175 213 212) fluid (8 4 25) simpleGrading (1 1 1)
    hex (23 24 62 61 175 176 214 213) fluid (4 4 25) simpleGrading (1 1 1)
    hex (24 25 63 62 176 177 215 214) fluid (8 4 25) simpleGrading (1 1 1)
    hex (25 26 64 63 177 178 216 215) fluid (4 4 25) simpleGrading (1 1 1)
    hex (26 27 65 64 178 179 217 216) fluid (8 4 25) simpleGrading (1 1 1)
    hex (27 28 66 65 179 180 218 217) fluid (4 4 25) simpleGrading (1 1 1)
    hex (28 29 67 66 180 181 219 218) fluid (8 4 25) simpleGrading (1 1 1)
    hex (29 30 68 67 181 182 220 219) fluid (4 4 25) simpleGrading (1 1 1)
    hex (30 31 69 68 182 183 221 220) fluid (8 4 25) simpleGrading (1 1 1)
    hex (31 32 70 69 183 184 222 221) fluid (4 4 25) simpleGrading (1 1 1)
    hex (32 33 71 70 184 185 223 222) fluid (8 4 25) simpleGrading (1 1 1)
    hex (33 34 72 71 185 186 224 223) fluid (4 4 25) simpleGrading (1 1 1)
    hex (34 35 73 72 186 187 225 224) fluid (8 4 25) simpleGrading (1 1 1)
    hex (35 36 74 73 187 188 226 225) fluid (4 4 25) simpleGrading (1 1 1)
    hex (36 37 75 74 188 189 227 226) fluid (4 4 25) simpleGrading (1 1 1)
    hex (38 39 77 76 190 191 229 228) fluid (4 18 25) simpleGrading (1 1 1)
    hex (39 40 78 77 191 192 230 229) fluid (4 18 25) simpleGrading (1 1 1)
    hex (40 41 79 78 192 193 231 230) fluid (8 18 25) simpleGrading (1 1 1)
    hex (41 42 80 79 193 194 232 231) fluid (4 18 25) simpleGrading (1 1 1)
    hex (42 43 81 80 194 195 233 232) fluid (8 18 25) simpleGrading (1 1 1)
    hex (43 44 82 81 195 196 234 233) fluid (4 18 25) simpleGrading (1 1 1)
    hex (44 45 83 82 196 197 235 234) fluid (8 18 25) simpleGrading (1 1 1)
    hex (45 46 84 83 197 198 236 235) fluid (4 18 25) simpleGrading (1 1 1)
    hex (46 47 85 84 198 199 237 236) fluid (8 18 25) simpleGrading (1 1 1)
    hex (47 48 86 85 199 200 238 237) fluid (4 18 25) simpleGrading (1 1 1)
    hex (48 49 87 86 200 201 239 238) fluid (8 18 25) simpleGrading (1 1 1)
    hex (49 50 88 87 201 202 240 239) fluid (4 18 25) simpleGrading (1 1 1)
    hex (50 51 89 88 202 203 241 240) fluid (8 18 25) simpleGrading (1 1 1)
    hex (51 52 90 89 203 204 242 241) fluid (4 18 25) simpleGrading (1 1 1)
    hex (52 53 91 90 204 205 243 242) fluid (8 18 25) simpleGrading (1 1 1)
    hex (53 54 92 91 205 206 244 243) fluid (4 18 25) simpleGrading (1 1 1)
    hex (54 55 93 92 206 207 245 244) fluid (8 18 25) simpleGrading (1 1 1)
    hex (55 56 94 93 207 208 246 245) fluid (4 18 25) simpleGrading (1 1 1)
    hex (56 57 95 94 208 209 247 246) fluid (8 18 25) simpleGrading (1 1 1)
    hex (57 58 96 95 209 210 248 247) fluid (4 18 25) simpleGrading (1 1 1)
    hex (58 59 97 96 210 211 249 248) fluid (8 18 25) simpleGrading (1 1 1)
    hex (59 60 98 97 211 212 250 249) fluid (4 18 25) simpleGrading (1 1 1)
    hex (60 61 99 98 212 213 251 250) fluid (8 18 25) simpleGrading (1 1 1)
    hex (61 62 100 99 213 214 252 251) fluid (4 18 25) simpleGrading (1 1 1)
    hex (62 63 101 100 214 215 253 252) fluid (8 18 25) simpleGrading (1 1 1)
    hex (63 64 102 101 215 216 254 253) fluid (4 18 25) simpleGrading (1 1 1)
    hex (64 65 103 102 216 217 255 254) fluid (8 18 25) simpleGrading (1 1 1)
    hex (65 66 104 103 217 218 256 255) fluid (4 18 25) simpleGrading (1 1 1)
    hex (66 67 105 104 218 219 257 256) fluid (8 18 25) simpleGrading (1 1 1)
    hex (67 68 106 105 219 220 258 257) fluid (4 18 25) simpleGrading (1 1 1)
    hex (68 69 107 106 220 221 259 258) fluid (8 18 25) simpleGrading (1 1 1)
    hex (69 70 108 107 221 222 260 259) fluid (4 18 25) simpleGrading (1 1 1)
    hex (70 71 109 108 222 223 261 260) fluid (8 18 25) simpleGrading (1 1 1)
    hex (71 72 110 109 223 224 262 261) fluid (4 18 25) simpleGrading (1 1 1)
    hex (72 73 111 110 224 225 263 262) fluid (8 18 25) simpleGrading (1 1 1)
    hex (73 74 112 111 225 226 264 263) fluid (4 18 25) simpleGrading (1 1 1)
    hex (74 75 113 112 226 227 265 264) fluid (4 18 25) simpleGrading (1 1 1)
    hex (76 77 115 114 228 229 267 266) fluid (4 12 25) simpleGrading (1 1 1)
    hex (77 78 116 115 229 230 268 267) fluid (4 12 25) simpleGrading (1 1 1)
    hex (78 79 117 116 230 231 269 268) fluid (8 12 25) simpleGrading (1 1 1)
    hex (79 80 118 117 231 232 270 269) fluid (4 12 25) simpleGrading (1 1 1)
    hex (80 81 119 118 232 233 271 270) fluid (8 12 25) simpleGrading (1 1 1)
    hex (81 82 120 119 233 234 272 271) fluid (4 12 25) simpleGrading (1 1 1)
    hex (82 83 121 120 234 235 273 272) fluid (8 12 25) simpleGrading (1 1 1)
    hex (83 84 122 121 235 236 274 273) fluid (4 12 25) simpleGrading (1 1 1)
    hex (84 85 123 122 236 237 275 274) fluid (8 12 25) simpleGrading (1 1 1)
    hex (85 86 124 123 237 238 276 275) fluid (4 12 25) simpleGrading (1 1 1)
    hex (86 87 125 124 238 239 277 276) fluid (8 12 25) simpleGrading (1 1 1)
    hex (87 88 126 125 239 240 278 277) fluid (4 12 25) simpleGrading (1 1 1)
    hex (88 89 127 126 240 241 279 278) fluid (8 12 25) simpleGrading (1 1 1)
    hex (89 90 128 127 241 242 280 279) fluid (4 12 25) simpleGrading (1 1 1)
    hex (90 91 129 128 242 243 281 280) fluid (8 12 25) simpleGrading (1 1 1)
    hex (91 92 130 129 243 244 282 281) fluid (4 12 25) simpleGrading (1 1 1)
    hex (92 93 131 130 244 245 283 282) fluid (8 12 25) simpleGrading (1 1 1)
    hex (93 94 132 131 245 246 284 283) fluid (4 12 25) simpleGrading (1 1 1)
    hex (94 95 133 132 246 247 285 284) fluid (8 12 25) simpleGrading (1 1 1)
    hex (95 96 134 133 247 248 286 285) fluid (4 12 25) simpleGrading (1 1 1)
    hex (96 97 135 134 248 249 287 286) fluid (8 12 25) simpleGrading (1 1 1)
    hex (97 98 136 135 249 250 288 287) fluid (4 12 25) simpleGrading (1 1 1)
    hex (98 99 137 136 250 251 289 288) fluid (8 12 25) simpleGrading (1 1 1)
    hex (99 100 138 137 251 252 290 289) fluid (4 12 25) simpleGrading (1 1 1)
    hex (100 101 139 138 252 253 291 290) fluid (8 12 25) simpleGrading (1 1 1)
    hex (101 102 140 139 253 254 292 291) fluid (4 12 25) simpleGrading (1 1 1)
    hex (102 103 141 140 254 255 293 292) fluid (8 12 25) simpleGrading (1 1 1)
    hex (103 104 142 141 255 256 294 293) fluid (4 12 25) simpleGrading (1 1 1)
    hex (104 105 143 142 256 257 295 294) fluid (8 12 25) simpleGrading (1 1 1)
    hex (105 106 144 143 257 258 296 295) fluid (4 12 25) simpleGrading (1 1 1)
    hex (106 107 145 144 258 259 297 296) fluid (8 12 25) simpleGrading (1 1 1)
    hex (107 108 146 145 259 260 298 297) fluid (4 12 25) simpleGrading (1 1 1)
    hex (108 109 147 146 260 261 299 298) fluid (8 12 25) simpleGrading (1 1 1)
    hex (109 110 148 147 261 262 300 299) fluid (4 12 25) simpleGrading (1 1 1)
    hex (110 111 149 148 262 263 301 300) fluid (8 12 25) simpleGrading (1 1 1)
    hex (111 112 150 149 263 264 302 301) fluid (4 12 25) simpleGrading (1 1 1)
    hex (112 113 151 150 264 265 303 302) fluid (4 12 25) simpleGrading (1 1 1)
    hex (152 153 191 190 304 305 343 342) solid (4 4 40) simpleGrading (1 1 1)
    hex (153 154 192 191 305 306 344 343) solid (4 4 40) simpleGrading (1 1 1)
    hex (154 155 193 192 306 307 345 344) solid (8 4 40) simpleGrading (1 1 1)
    hex (155 156 194 193 307 308 346 345) solid (4 4 40) simpleGrading (1 1 1)
    hex (156 157 195 194 308 309 347 346) solid (8 4 40) simpleGrading (1 1 1)
    hex (157 158 196 195 309 310 348 347) solid (4 4 40) simpleGrading (1 1 1)
    hex (158 159 197 196 310 311 349 348) solid (8 4 40) simpleGrading (1 1 1)
    hex (159 160 198 197 311 312 350 349) solid (4 4 40) simpleGrading (1 1 1)
    hex (160 161 199 198 312 313 351 350) solid (8 4 40) simpleGrading (1 1 1)
    hex (161 162 200 199 313 314 352 351) solid (4 4 40) simpleGrading (1 1 1)
    hex (162 163 201 200 314 315 353 352) solid (8 4 40) simpleGrading (1 1 1)
    hex (163 164 202 201 315 316 354 353) solid (4 4 40) simpleGrading (1 1 1)
    hex (164 165 203 202 316 317 355 354) solid (8 4 40) simpleGrading (1 1 1)
    hex (165 166 204 203 317 318 356 355) solid (4 4 40) simpleGrading (1 1 1)
    hex (166 167 205 204 318 319 357 356) solid (8 4 40) simpleGrading (1 1 1)
    hex (167 168 206 205 319 320 358 357) solid (4 4 40) simpleGrading (1 1 1)
    hex (168 169 207 206 320 321 359 358) solid (8 4 40) simpleGrading (1 1 1)
    hex (169 170 208 207 321 322 360 359) solid (4 4 40) simpleGrading (1 1 1)
    hex (170 171 209 208 322 323 361 360) solid (8 4 40) simpleGrading (1 1 1)
    hex (171 172 210 209 323 324 362 361) solid (4 4 40) simpleGrading (1 1 1)
    hex (172 173 211 210 324 325 363 362) solid (8 4 40) simpleGrading (1 1 1)
    hex (173 174 212 211 325 326 364 363) solid (4 4 40) simpleGrading (1 1 1)
    hex (174 175 213 212 326 327 365 364) solid (8 4 40) simpleGrading (1 1 1)
    hex (175 176 214 213 327 328 366 365) solid (4 4 40) simpleGrading (1 1 1)
    hex (176 177 215 214 328 329 367 366) solid (8 4 40) simpleGrading (1 1 1)
    hex (177 178 216 215 329 330 368 367) solid (4 4 40) simpleGrading (1 1 1)
    hex (178 179 217 216 330 331 369 368) solid (8 4 40) simpleGrading (1 1 1)
    hex (179 180 218 217 331 332 370 369) solid (4 4 40) simpleGrading (1 1 1)
    hex (180 181 219 218 332 333 371 370) solid (8 4 40) simpleGrading (1 1 1)
    hex (181 182 220 219 333 334 372 371) solid (4 4 40) simpleGrading (1 1 1)
    hex (182 183 221 220 334 335 373 372) solid (8 4 40) simpleGrading (1 1 1)
    hex (183 184 222 221 335 336 374 373) solid (4 4 40) simpleGrading (1 1 1)
    hex (184 185 223 222 336 337 375 374) solid (8 4 40) simpleGrading (1 1 1)
    hex (185 186 224 223 337 338 376 375) solid (4 4 40) simpleGrading (1 1 1)
    hex (186 187 225 224 338 339 377 376) solid (8 4 40) simpleGrading (1 1 1)
    hex (187 188 226 225 339 340 378 377) solid (4 4 40) simpleGrading (1 1 1)
    hex (188 189 227 226 340 341 379 378) solid (4 4 40) simpleGrading (1 1 1)
    hex (190 191 229 228 342 343 381 380) fluid (4 18 40) simpleGrading (1 1 1)
    hex (191 192 230 229 343 344 382 381) solid (4 18 40) simpleGrading (1 1 1)
    hex (192 193 231 230 344 345 383 382) fluid (8 18 40) simpleGrading (1 1 1)
    hex (193 194 232 231 345 346 384 383) solid (4 18 40) simpleGrading (1 1 1)
    hex (194 195 233 232 346 347 385 384) fluid (8 18 40) simpleGrading (1 1 1)
    hex (195 196 234 233 347 348 386 385) solid (4 18 40) simpleGrading (1 1 1)
    hex (196 197 235 234 348 349 387 386) fluid (8 18 40) simpleGrading (1 1 1)
    hex (197 198 236 235 349 350 388 387) solid (4 18 40) simpleGrading (1 1 1)
    hex (198 199 237 236 350 351 389 388) fluid (8 18 40) simpleGrading (1 1 1)
    hex (199 200 238 237 351 352 390 389) solid (4 18 40) simpleGrading (1 1 1)
    hex (200 201 239 238 352 353 391 390) fluid (8 18 40) simpleGrading (1 1 1)
    hex (201 202 240 239 353 354 392 391) solid (4 18 40) simpleGrading (1 1 1)
    hex (202 203 241 240 354 355 393 392) fluid (8 18 40) simpleGrading (1 1 1)
    hex (203 204 242 241 355 356 394 393) solid (4 18 40) simpleGrading (1 1 1)
    hex (204 205 243 242 356 357 395 394) fluid (8 18 40) simpleGrading (1 1 1)
    hex (205 206 244 243 357 358 396 395) solid (4 18 40) simpleGrading (1 1 1)
    hex (206 207 245 244 358 359 397 396) fluid (8 18 40) simpleGrading (1 1 1)
    hex (207 208 246 245 359 360 398 397) solid (4 18 40) simpleGrading (1 1 1)
    hex (208 209 247 246 360 361 399 398) fluid (8 18 40) simpleGrading (1 1 1)
    hex (209 210 248 247 361 362 400 399) solid (4 18 40) simpleGrading (1 1 1)
    hex (210 211 249 248 362 363 401 400) fluid (8 18 40) simpleGrading (1 1 1)
    hex (211 212 250 249 363 364 402 401) solid (4 18 40) simpleGrading (1 1 1)
    hex (212 213 251 250 364 365 403 402) fluid (8 18 40) simpleGrading (1 1 1)
    hex (213 214 252 251 365 366 404 403) solid (4 18 40) simpleGrading (1 1 1)
    hex (214 215 253 252 366 367 405 404) fluid (8 18 40) simpleGrading (1 1 1)
    hex (215 216 254 253 367 368 406 405) solid (4 18 40) simpleGrading (1 1 1)
    hex (216 217 255 254 368 369 407 406) fluid (8 18 40) simpleGrading (1 1 1)
    hex (217 218 256 255 369 370 408 407) solid (4 18 40) simpleGrading (1 1 1)
    hex (218 219 257 256 370 371 409 408) fluid (8 18 40) simpleGrading (1 1 1)
    hex (219 220 258 257 371 372 410 409) solid (4 18 40) simpleGrading (1 1 1)
    hex (220 221 259 258 372 373 411 410) fluid (8 18 40) simpleGrading (1 1 1)
    hex (221 222 260 259 373 374 412 411) solid (4 18 40) simpleGrading (1 1 1)
    hex (222 223 261 260 374 375 413 412) fluid (8 18 40) simpleGrading (1 1 1)
    hex (223 224 262 261 375 376 414 413) solid (4 18 40) simpleGrading (1 1 1)
    hex (224 225 263 262 376 377 415 414) fluid (8 18 40) simpleGrading (1 1 1)
    hex (225 226 264 263 377 378 416 415) solid (4 18 40) simpleGrading (1 1 1)
    hex (226 227 265 264 378 379 417 416) fluid (4 18 40) simpleGrading (1 1 1)
    hex (228 229 267 266 380 381 419 418) fluid (4 12 40) simpleGrading (1 1 1)
    hex (229 230 268 267 381 382 420 419) fluid (4 12 40) simpleGrading (1 1 1)
    hex (230 231 269 268 382 383 421 420) fluid (8 12 40) simpleGrading (1 1 1)
    hex (231 232 270 269 383 384 422 421) fluid (4 12 40) simpleGrading (1 1 1)
    hex (232 233 271 270 384 385 423 422) fluid (8 12 40) simpleGrading (1 1 1)
    hex (233 234 272 271 385 386 424 423) fluid (4 12 40) simpleGrading (1 1 1)
    hex (234 235 273 272 386 387 425 424) fluid (8 12 40) simpleGrading (1 1 1)
    hex (235 236 274 273 387 388 426 425) fluid (4 12 40) simpleGrading (1 1 1)
    hex (236 237 275 274 388 389 427 426) fluid (8 12 40) simpleGrading (1 1 1)
    hex (237 238 276 275 389 390 428 427) fluid (4 12 40) simpleGrading (1 1 1)
    hex (238 239 277 276 390 391 429 428) fluid (8 12 40) simpleGrading (1 1 1)
    hex (239 240 278 277 391 392 430 429) fluid (4 12 40) simpleGrading (1 1 1)
    hex (240 241 279 278 392 393 431 430) fluid (8 12 40) simpleGrading (1 1 1)
    hex (241 242 280 279 393 394 432 431) fluid (4 12 40) simpleGrading (1 1 1)
    hex (242 243 281 280 394 395 433 432) fluid (8 12 40) simpleGrading (1 1 1)
    hex (243 244 282 281 395 396 434 433) fluid (4 12 40) simpleGrading (1 1 1)
    hex (244 245 283 282 396 397 435 434) fluid (8 12 40) simpleGrading (1 1 1)
    hex (245 246 284 283 397 398 436 435) fluid (4 12 40) simpleGrading (1 1 1)
    hex (246 247 285 284 398 399 437 436) fluid (8 12 40) simpleGrading (1 1 1)
    hex (247 248 286 285 399 400 438 437) fluid (4 12 40) simpleGrading (1 1 1)
    hex (248 249 287 286 400 401 439 438) fluid (8 12 40) simpleGrading (1 1 1)
    hex (249 250 288 287 401 402 440 439) fluid (4 12 40) simpleGrading (1 1 1)
    hex (250 251 289 288 402 403 441 440) fluid (8 12 40) simpleGrading (1 1 1)
    hex (251 252 290 289 403 404 442 441) fluid (4 12 40) simpleGrading (1 1 1)
    hex (252 253 291 290 404 405 443 442) fluid (8 12 40) simpleGrading (1 1 1)
    hex (253 254 292 291 405 406 444 443) fluid (4 12 40) simpleGrading (1 1 1)
    hex (254 255 293 292 406 407 445 444) fluid (8 12 40) simpleGrading (1 1 1)
    hex (255 256 294 293 407 408 446 445) fluid (4 12 40) simpleGrading (1 1 1)
    hex (256 257 295 294 408 409 447 446) fluid (8 12 40) simpleGrading (1 1 1)
    hex (257 258 296 295 409 410 448 447) fluid (4 12 40) simpleGrading (1 1 1)
    hex (258 259 297 296 410 411 449 448) fluid (8 12 40) simpleGrading (1 1 1)
    hex (259 260 298 297 411 412 450 449) fluid (4 12 40) simpleGrading (1 1 1)
    hex (260 261 299 298 412 413 451 450) fluid (8 12 40) simpleGrading (1 1 1)
    hex (261 262 300 299 413 414 452 451) fluid (4 12 40) simpleGrading (1 1 1)
    hex (262 263 301 300 414 415 453 452) fluid (8 12 40) simpleGrading (1 1 1)
    hex (263 264 302 301 415 416 454 453) fluid (4 12 40) simpleGrading (1 1 1)
    hex (264 265 303 302 416 417 455 454) fluid (4 12 40) simpleGrading (1 1 1)
    hex (304 305 343 342 456 457 495 494) fluid (4 4 25) simpleGrading (1 1 1)
    hex (305 306 344 343 457 458 496 495) fluid (4 4 25) simpleGrading (1 1 1)
    hex (306 307 345 344 458 459 497 496) fluid (8 4 25) simpleGrading (1 1 1)
    hex (307 308 346 345 459 460 498 497) fluid (4 4 25) simpleGrading (1 1 1)
    hex (308 309 347 346 460 461 499 498) fluid (8 4 25) simpleGrading (1 1 1)
    hex (309 310 348 347 461 462 500 499) fluid (4 4 25) simpleGrading (1 1 1)
    hex (310 311 349 348 462 463 501 500) fluid (8 4 25) simpleGrading (1 1 1)
    hex (311 312 350 349 463 464 502 501) fluid (4 4 25) simpleGrading (1 1 1)
    hex (312 313 351 350 464 465 503 502) fluid (8 4 25) simpleGrading (1 1 1)
    hex (313 314 352 351 465 466 504 503) fluid (4 4 25) simpleGrading (1 1 1)
    hex (314 315 353 352 466 467 505 504) fluid (8 4 25) simpleGrading (1 1 1)
    hex (315 316 354 353 467 468 506 505) fluid (4 4 25) simpleGrading (1 1 1)
    hex (316 317 355 354 468 469 507 506) fluid (8 4 25) simpleGrading (1 1 1)
    hex (317 318 356 355 469 470 508 507) fluid (4 4 25) simpleGrading (1 1 1)
    hex (318 319 357 356 470 471 509 508) fluid (8 4 25) simpleGrading (1 1 1)
    hex (319 320 358 357 471 472 510 509) fluid (4 4 25) simpleGrading (1 1 1)
    hex (320 321 359 358 472 473 511 510) fluid (8 4 25) simpleGrading (1 1 1)
    hex (321 322 360 359 473 474 512 511) fluid (4 4 25) simpleGrading (1 1 1)
    hex (322 323 361 360 474 475 513 512) fluid (8 4 25) simpleGrading (1 1 1)
    hex (323 324 362 361 475 476 514 513) fluid (4 4 25) simpleGrading (1 1 1)
    hex (324 325 363 362 476 477 515 514) fluid (8 4 25) simpleGrading (1 1 1)
    hex (325 326 364 363 477 478 516 515) fluid (4 4 25) simpleGrading (1 1 1)
    hex (326 327 365 364 478 479 517 516) fluid (8 4 25) simpleGrading (1 1 1)
    hex (327 328 366 365 479 480 518 517) fluid (4 4 25) simpleGrading (1 1 1)
    hex (328 329 367 366 480 481 519 518) fluid (8 4 25) simpleGrading (1 1 1)
    hex (329 330 368 367 481 482 520 519) fluid (4 4 25) simpleGrading (1 1 1)
    hex (330 331 369 368 482 483 521 520) fluid (8 4 25) simpleGrading (1 1 1)
    hex (331 332 370 369 483 484 522 521) fluid (4 4 25) simpleGrading (1 1 1)
    hex (332 333 371 370 484 485 523 522) fluid (8 4 25) simpleGrading (1 1 1)
    hex (333 334 372 371 485 486 524 523) fluid (4 4 25) simpleGrading (1 1 1)
    hex (334 335 373 372 486 487 525 524) fluid (8 4 25) simpleGrading (1 1 1)
    hex (335 336 374 373 487 488 526 525) fluid (4 4 25) simpleGrading (1 1 1)
    hex (336 337 375 374 488 489 527 526) fluid (8 4 25) simpleGrading (1 1 1)
    hex (337 338 376 375 489 490 528 527) fluid (4 4 25) simpleGrading (1 1 1)
    hex (338 339 377 376 490 491 529 528) fluid (8 4 25) simpleGrading (1 1 1)
    hex (339 340 378 377 491 492 530 529) fluid (4 4 25) simpleGrading (1 1 1)
    hex (340 341 379 378 492 493 531 530) fluid (4 4 25) simpleGrading (1 1 1)
    hex (342 343 381 380 494 495 533 532) fluid (4 18 25) simpleGrading (1 1 1)
    hex (343 344 382 381 495 496 534 533) fluid (4 18 25) simpleGrading (1 1 1)
    hex (344 345 383 382 496 497 535 534) fluid (8 18 25) simpleGrading (1 1 1)
    hex (345 346 384 383 497 498 536 535) fluid (4 18 25) simpleGrading (1 1 1)
    hex (346 347 385 384 498 499 537 536) fluid (8 18 25) simpleGrading (1 1 1)
    hex (347 348 386 385 499 500 538 537) fluid (4 18 25) simpleGrading (1 1 1)
    hex (348 349 387 386 500 501 539 538) fluid (8 18 25) simpleGrading (1 1 1)
    hex (349 350 388 387 501 502 540 539) fluid (4 18 25) simpleGrading (1 1 1)
    hex (350 351 389 388 502 503 541 540) fluid (8 18 25) simpleGrading (1 1 1)
    hex (351 352 390 389 503 504 542 541) fluid (4 18 25) simpleGrading (1 1 1)
    hex (352 353 391 390 504 505 543 542) fluid (8 18 25) simpleGrading (1 1 1)
    hex (353 354 392 391 505 506 544 543) fluid (4 18 25) simpleGrading (1 1 1)
    hex (354 355 393 392 506 507 545 544) fluid (8 18 25) simpleGrading (1 1 1)
    hex (355 356 394 393 507 508 546 545) fluid (4 18 25) simpleGrading (1 1 1)
    hex (356 357 395 394 508 509 547 546) fluid (8 18 25) simpleGrading (1 1 1)
    hex (357 358 396 395 509 510 548 547) fluid (4 18 25) simpleGrading (1 1 1)
    hex (358 359 397 396 510 511 549 548) fluid (8 18 25) simpleGrading (1 1 1)
    hex (359 360 398 397 511 512 550 549) fluid (4 18 25) simpleGrading (1 1 1)
    hex (360 361 399 398 512 513 551 550) fluid (8 18 25) simpleGrading (1 1 1)
    hex (361 362 400 399 513 514 552 551) fluid (4 18 25) simpleGrading (1 1 1)
    hex (362 363 401 400 514 515 553 552) fluid (8 18 25) simpleGrading (1 1 1)
    hex (363 364 402 401 515 516 554 553) fluid (4 18 25) simpleGrading (1 1 1)
    hex (364 365 403 402 516 517 555 554) fluid (8 18 25) simpleGrading (1 1 1)
    hex (365 366 404 403 517 518 556 555) fluid (4 18 25) simpleGrading (1 1 1)
    hex (366 367 405 404 518 519 557 556) fluid (8 18 25) simpleGrading (1 1 1)
    hex (367 368 406 405 519 520 558 557) fluid (4 18 25) simpleGrading (1 1 1)
    hex (368 369 407 406 520 521 559 558) fluid (8 18 25) simpleGrading (1 1 1)
    hex (369 370 408 407 521 522 560 559) fluid (4 18 25) simpleGrading (1 1 1)
    hex (370 371 409 408 522 523 561 560) fluid (8 18 25) simpleGrading (1 1 1)
    hex (371 372 410 409 523 524 562 561) fluid (4 18 25) simpleGrading (1 1 1)
    hex (372 373 411 410 524 525 563 562) fluid (8 18 25) simpleGrading (1 1 1)
    hex (373 374 412 411 525 526 564 563) fluid (4 18 25) simpleGrading (1 1 1)
    hex (374 375 413 412 526 527 565 564) fluid (8 18 25) simpleGrading (1 1 1)
    hex (375 376 414 413 527 528 566 565) fluid (4 18 25) simpleGrading (1 1 1)
    hex (376 377 415 414 528 529 567 566) fluid (8 18 25) simpleGrading (1 1 1)
    hex (377 378 416 415 529 530 568 567) fluid (4 18 25) simpleGrading (1 1 1)
    hex (378 379 417 416 530 531 569 568) fluid (4 18 25) simpleGrading (1 1 1)
    hex (380 381 419 418 532 533 571 570) fluid (4 12 25) simpleGrading (1 1 1)
    hex (381 382 420 419 533 534 572 571) fluid (4 12 25) simpleGrading (1 1 1)
    hex (382 383 421 420 534 535 573 572) fluid (8 12 25) simpleGrading (1 1 1)
    hex (383 384 422 421 535 536 574 573) fluid (4 12 25) simpleGrading (1 1 1)
    hex (384 385 423 422 536 537 575 574) fluid (8 12 25) simpleGrading (1 1 1)
    hex (385 386 424 423 537 538 576 575) fluid (4 12 25) simpleGrading (1 1 1)
    hex (386 387 425 424 538 539 577 576) fluid (8 12 25) simpleGrading (1 1 1)
    hex (387 388 426 425 539 540 578 577) fluid (4 12 25) simpleGrading (1 1 1)
    hex (388 389 427 426 540 541 579 578) fluid (8 12 25) simpleGrading (1 1 1)
    hex (389 390 428 427 541 542 580 579) fluid (4 12 25) simpleGrading (1 1 1)
    hex (390 391 429 428 542 543 581 580) fluid (8 12 25) simpleGrading (1 1 1)
    hex (391 392 430 429 543 544 582 581) fluid (4 12 25) simpleGrading (1 1 1)
    hex (392 393 431 430 544 545 583 582) fluid (8 12 25) simpleGrading (1 1 1)
    hex (393 394 432 431 545 546 584 583) fluid (4 12 25) simpleGrading (1 1 1)
    hex (394 395 433 432 546 547 585 584) fluid (8 12 25) simpleGrading (1 1 1)
    hex (395 396 434 433 547 548 586 585) fluid (4 12 25) simpleGrading (1 1 1)
    hex (396 397 435 434 548 549 587 586) fluid (8 12 25) simpleGrading (1 1 1)
    hex (397 398 436 435 549 550 588 587) fluid (4 12 25) simpleGrading (1 1 1)
    hex (398 399 437 436 550 551 589 588) fluid (8 12 25) simpleGrading (1 1 1)
    hex (399 400 438 437 551 552 590 589) fluid (4 12 25) simpleGrading (1 1 1)
    hex (400 401 439 438 552 553 591 590) fluid (8 12 25) simpleGrading (1 1 1)
    hex (401 402 440 439 553 554 592 591) fluid (4 12 25) simpleGrading (1 1 1)
    hex (402 403 441 440 554 555 593 592) fluid (8 12 25) simpleGrading (1 1 1)
    hex (403 404 442 441 555 556 594 593) fluid (4 12 25) simpleGrading (1 1 1)
    hex (404 405 443 442 556 557 595 594) fluid (8 12 25) simpleGrading (1 1 1)
    hex (405 406 444 443 557 558 596 595) fluid (4 12 25) simpleGrading (1 1 1)
    hex (406 407 445 444 558 559 597 596) fluid (8 12 25) simpleGrading (1 1 1)
    hex (407 408 446 445 559 560 598 597) fluid (4 12 25) simpleGrading (1 1 1)
    hex (408 409 447 446 560 561 599 598) fluid (8 12 25) simpleGrading (1 1 1)
    hex (409 410 448 447 561 562 600 599) fluid (4 12 25) simpleGrading (1 1 1)
    hex (410 411 449 448 562 563 601 600) fluid (8 12 25) simpleGrading (1 1 1)
    hex (411 412 450 449 563 564 602 601) fluid (4 12 25) simpleGrading (1 1 1)
    hex (412 413 451 450 564 565 603 602) fluid (8 12 25) simpleGrading (1 1 1)
    hex (413 414 452 451 565 566 604 603) fluid (4 12 25) simpleGrading (1 1 1)
    hex (414 415 453 452 566 567 605 604) fluid (8 12 25) simpleGrading (1 1 1)
    hex (415 416 454 453 567 568 606 605) fluid (4 12 25) simpleGrading (1 1 1)
    hex (416 417 455 454 568 569 607 606) fluid (4 12 25) simpleGrading (1 1 1)
);

edges
(
);

boundary
(
    fan1_half0
    {
        type cyclic;
        neighbourPatch fan1_half1;
        faces
        (
        (0 38 39 1)
        (1 39 40 2)
        (2 40 41 3)
        (3 41 42 4)
        (4 42 43 5)
        (5 43 44 6)
        (6 44 45 7)
        (7 45 46 8)
        (8 46 47 9)
        (9 47 48 10)
        (10 48 49 11)
        (11 49 50 12)
        (12 50 51 13)
        (13 51 52 14)
        (14 52 53 15)
        (15 53 54 16)
        (16 54 55 17)
        (17 55 56 18)
        (18 56 57 19)
        (19 57 58 20)
        (20 58 59 21)
        (21 59 60 22)
        (22 60 61 23)
        (23 61 62 24)
        (24 62 63 25)
        (25 63 64 26)
        (26 64 65 27)
        (27 65 66 28)
        (28 66 67 29)
        (29 67 68 30)
        (30 68 69 31)
        (31 69 70 32)
        (32 70 71 33)
        (33 71 72 34)
        (34 72 73 35)
        (35 73 74 36)
        (36 74 75 37)
        (38 76 77 39)
        (39 77 78 40)
        (40 78 79 41)
        (41 79 80 42)
        (42 80 81 43)
        (43 81 82 44)
        (44 82 83 45)
        (45 83 84 46)
        (46 84 85 47)
        (47 85 86 48)
        (48 86 87 49)
        (49 87 88 50)
        (50 88 89 51)
        (51 89 90 52)
        (52 90 91 53)
        (53 91 92 54)
        (54 92 93 55)
        (55 93 94 56)
        (56 94 95 57)
        (57 95 96 58)
        (58 96 97 59)
        (59 97 98 60)
        (60 98 99 61)
        (61 99 100 62)
        (62 100 101 63)
        (63 101 102 64)
        (64 102 103 65)
        (65 103 104 66)
        (66 104 105 67)
        (67 105 106 68)
        (68 106 107 69)
        (69 107 108 70)
        (70 108 109 71)
        (71 109 110 72)
        (72 110 111 73)
        (73 111 112 74)
        (74 112 113 75)
        (76 114 115 77)
        (77 115 116 78)
        (78 116 117 79)
        (79 117 118 80)
        (80 118 119 81)
        (81 119 120 82)
        (82 120 121 83)
        (83 121 122 84)
        (84 122 123 85)
        (85 123 124 86)
        (86 124 125 87)
        (87 125 126 88)
        (88 126 127 89)
        (89 127 128 90)
        (90 128 129 91)
        (91 129 130 92)
        (92 130 131 93)
        (93 131 132 94)
        (94 132 133 95)
        (95 133 134 96)
        (96 134 135 97)
        (97 135 136 98)
        (98 136 137 99)
        (99 137 138 100)
        (100 138 139 101)
        (101 139 140 102)
        (102 140 141 103)
        (103 141 142 104)
        (104 142 143 105)
        (105 143 144 106)
        (106 144 145 107)
        (107 145 146 108)
        (108 146 147 109)
        (109 147 148 110)
        (110 148 149 111)
        (111 149 150 112)
        (112 150 151 113)
        );
    }
    fan1_half1
    {
        type cyclic;
        neighbourPatch fan1_half0;
        faces
        (
        (0 38 39 1)
        (1 39 40 2)
        (2 40 41 3)
        (3 41 42 4)
        (4 42 43 5)
        (5 43 44 6)
        (6 44 45 7)
        (7 45 46 8)
        (8 46 47 9)
        (9 47 48 10)
        (10 48 49 11)
        (11 49 50 12)
        (12 50 51 13)
        (13 51 52 14)
        (14 52 53 15)
        (15 53 54 16)
        (16 54 55 17)
        (17 55 56 18)
        (18 56 57 19)
        (19 57 58 20)
        (20 58 59 21)
        (21 59 60 22)
        (22 60 61 23)
        (23 61 62 24)
        (24 62 63 25)
        (25 63 64 26)
        (26 64 65 27)
        (27 65 66 28)
        (28 66 67 29)
        (29 67 68 30)
        (30 68 69 31)
        (31 69 70 32)
        (32 70 71 33)
        (33 71 72 34)
        (34 72 73 35)
        (35 73 74 36)
        (36 74 75 37)
        (38 76 77 39)
        (39 77 78 40)
        (40 78 79 41)
        (41 79 80 42)
        (42 80 81 43)
        (43 81 82 44)
        (44 82 83 45)
        (45 83 84 46)
        (46 84 85 47)
        (47 85 86 48)
        (48 86 87 49)
        (49 87 88 50)
        (50 88 89 51)
        (51 89 90 52)
        (52 90 91 53)
        (53 91 92 54)
        (54 92 93 55)
        (55 93 94 56)
        (56 94 95 57)
        (57 95 96 58)
        (58 96 97 59)
        (59 97 98 60)
        (60 98 99 61)
        (61 99 100 62)
        (62 100 101 63)
        (63 101 102 64)
        (64 102 103 65)
        (65 103 104 66)
        (66 104 105 67)
        (67 105 106 68)
        (68 106 107 69)
        (69 107 108 70)
        (70 108 109 71)
        (71 109 110 72)
        (72 110 111 73)
        (73 111 112 74)
        (74 112 113 75)
        (76 114 115 77)
        (77 115 116 78)
        (78 116 117 79)
        (79 117 118 80)
        (80 118 119 81)
        (81 119 120 82)
        (82 120 121 83)
        (83 121 122 84)
        (84 122 123 85)
        (85 123 124 86)
        (86 124 125 87)
        (87 125 126 88)
        (88 126 127 89)
        (89 127 128 90)
        (90 128 129 91)
        (91 129 130 92)
        (92 130 131 93)
        (93 131 132 94)
        (94 132 133 95)
        (95 133 134 96)
        (96 134 135 97)
        (97 135 136 98)
        (98 136 137 99)
        (99 137 138 100)
        (100 138 139 101)
        (101 139 140 102)
        (102 140 141 103)
        (103 141 142 104)
        (104 142 143 105)
        (105 143 144 106)
        (106 144 145 107)
        (107 145 146 108)
        (108 146 147 109)
        (109 147 148 110)
        (110 148 149 111)
        (111 149 150 112)
        (112 150 151 113)
        );
    }
    fan2_half0
    {
        type cyclic;
        neighbourPatch fan2_half1;
        faces
        (
        (456 457 495 494)
        (457 458 496 495)
        (458 459 497 496)
        (459 460 498 497)
        (460 461 499 498)
        (461 462 500 499)
        (462 463 501 500)
        (463 464 502 501)
        (464 465 503 502)
        (465 466 504 503)
        (466 467 505 504)
        (467 468 506 505)
        (468 469 507 506)
        (469 470 508 507)
        (470 471 509 508)
        (471 472 510 509)
        (472 473 511 510)
        (473 474 512 511)
        (474 475 513 512)
        (475 476 514 513)
        (476 477 515 514)
        (477 478 516 515)
        (478 479 517 516)
        (479 480 518 517)
        (480 481 519 518)
        (481 482 520 519)
        (482 483 521 520)
        (483 484 522 521)
        (484 485 523 522)
        (485 486 524 523)
        (486 487 525 524)
        (487 488 526 525)
        (488 489 527 526)
        (489 490 528 527)
        (490 491 529 528)
        (491 492 530 529)
        (492 493 531 530)
        (494 495 533 532)
        (495 496 534 533)
        (496 497 535 534)
        (497 498 536 535)
        (498 499 537 536)
        (499 500 538 537)
        (500 501 539 538)
        (501 502 540 539)
        (502 503 541 540)
        (503 504 542 541)
        (504 505 543 542)
        (505 506 544 543)
        (506 507 545 544)
        (507 508 546 545)
        (508 509 547 546)
        (509 510 548 547)
        (510 511 549 548)
        (511 512 550 549)
        (512 513 551 550)
        (513 514 552 551)
        (514 515 553 552)
        (515 516 554 553)
        (516 517 555 554)
        (517 518 556 555)
        (518 519 557 556)
        (519 520 558 557)
        (520 521 559 558)
        (521 522 560 559)
        (522 523 561 560)
        (523 524 562 561)
        (524 525 563 562)
        (525 526 564 563)
        (526 527 565 564)
        (527 528 566 565)
        (528 529 567 566)
        (529 530 568 567)
        (530 531 569 568)
        (532 533 571 570)
        (533 534 572 571)
        (534 535 573 572)
        (535 536 574 573)
        (536 537 575 574)
        (537 538 576 575)
        (538 539 577 576)
        (539 540 578 577)
        (540 541 579 578)
        (541 542 580 579)
        (542 543 581 580)
        (543 544 582 581)
        (544 545 583 582)
        (545 546 584 583)
        (546 547 585 584)
        (547 548 586 585)
        (548 549 587 586)
        (549 550 588 587)
        (550 551 589 588)
        (551 552 590 589)
        (552 553 591 590)
        (553 554 592 591)
        (554 555 593 592)
        (555 556 594 593)
        (556 557 595 594)
        (557 558 596 595)
        (558 559 597 596)
        (559 560 598 597)
        (560 561 599 598)
        (561 562 600 599)
        (562 563 601 600)
        (563 564 602 601)
        (564 565 603 602)
        (565 566 604 603)
        (566 567 605 604)
        (567 568 606 605)
        (568 569 607 606)
        );
    }
    fan2_half1
    {
        type cyclic;
        neighbourPatch fan2_half0;
        faces
        (
        (456 457 495 494)
        (457 458 496 495)
        (458 459 497 496)
        (459 460 498 497)
        (460 461 499 498)
        (461 462 500 499)
        (462 463 501 500)
        (463 464 502 501)
        (464 465 503 502)
        (465 466 504 503)
        (466 467 505 504)
        (467 468 506 505)
        (468 469 507 506)
        (469 470 508 507)
        (470 471 509 508)
        (471 472 510 509)
        (472 473 511 510)
        (473 474 512 511)
        (474 475 513 512)
        (475 476 514 513)
        (476 477 515 514)
        (477 478 516 515)
        (478 479 517 516)
        (479 480 518 517)
        (480 481 519 518)
        (481 482 520 519)
        (482 483 521 520)
        (483 484 522 521)
        (484 485 523 522)
        (485 486 524 523)
        (486 487 525 524)
        (487 488 526 525)
        (488 489 527 526)
        (489 490 528 527)
        (490 491 529 528)
        (491 492 530 529)
        (492 493 531 530)
        (494 495 533 532)
        (495 496 534 533)
        (496 497 535 534)
        (497 498 536 535)
        (498 499 537 536)
        (499 500 538 537)
        (500 501 539 538)
        (501 502 540 539)
        (502 503 541 540)
        (503 504 542 541)
        (504 505 543 542)
        (505 506 544 543)
        (506 507 545 544)
        (507 508 546 545)
        (508 509 547 546)
        (509 510 548 547)
        (510 511 549 548)
        (511 512 550 549)
        (512 513 551 550)
        (513 514 552 551)
        (514 515 553 552)
        (515 516 554 553)
        (516 517 555 554)
        (517 518 556 555)
        (518 519 557 556)
        (519 520 558 557)
        (520 521 559 558)
        (521 522 560 559)
        (522 523 561 560)
        (523 524 562 561)
        (524 525 563 562)
        (525 526 564 563)
        (526 527 565 564)
        (527 528 566 565)
        (528 529 567 566)
        (529 530 568 567)
        (530 531 569 568)
        (532 533 571 570)
        (533 534 572 571)
        (534 535 573 572)
        (535 536 574 573)
        (536 537 575 574)
        (537 538 576 575)
        (538 539 577 576)
        (539 540 578 577)
        (540 541 579 578)
        (541 542 580 579)
        (542 543 581 580)
        (543 544 582 581)
        (544 545 583 582)
        (545 546 584 583)
        (546 547 585 584)
        (547 548 586 585)
        (548 549 587 586)
        (549 550 588 587)
        (550 551 589 588)
        (551 552 590 589)
        (552 553 591 590)
        (553 554 592 591)
        (554 555 593 592)
        (555 556 594 593)
        (556 557 595 594)
        (557 558 596 595)
        (558 559 597 596)
        (559 560 598 597)
        (560 561 599 598)
        (561 562 600 599)
        (562 563 601 600)
        (563 564 602 601)
        (564 565 603 602)
        (565 566 604 603)
        (566 567 605 604)
        (567 568 606 605)
        (568 569 607 606)
        );
    }
    base_bottom
    {
        type wall;
        faces
        (
        (0 1 153 152)
        (1 2 154 153)
        (2 3 155 154)
        (3 4 156 155)
        (4 5 157 156)
        (5 6 158 157)
        (6 7 159 158)
        (7 8 160 159)
        (8 9 161 160)
        (9 10 162 161)
        (10 11 163 162)
        (11 12 164 163)
        (12 13 165 164)
        (13 14 166 165)
        (14 15 167 166)
        (15 16 168 167)
        (16 17 169 168)
        (17 18 170 169)
        (18 19 171 170)
        (19 20 172 171)
        (20 21 173 172)
        (21 22 174 173)
        (22 23 175 174)
        (23 24 176 175)
        (24 25 177 176)
        (25 26 178 177)
        (26 27 179 178)
        (27 28 180 179)
        (28 29 181 180)
        (29 30 182 181)
        (30 31 183 182)
        (31 32 184 183)
        (32 33 185 184)
        (33 34 186 185)
        (34 35 187 186)
        (35 36 188 187)
        (36 37 189 188)
        (152 153 305 304)
        (153 154 306 305)
        (154 155 307 306)
        (155 156 308 307)
        (156 157 309 308)
        (157 158 310 309)
        (158 159 311 310)
        (159 160 312 311)
        (160 161 313 312)
        (161 162 314 313)
        (162 163 315 314)
        (163 164 316 315)
        (164 165 317 316)
        (165 166 318 317)
        (166 167 319 318)
        (167 168 320 319)
        (168 169 321 320)
        (169 170 322 321)
        (170 171 323 322)
        (171 172 324 323)
        (172 173 325 324)
        (173 174 326 325)
        (174 175 327 326)
        (175 176 328 327)
        (176 177 329 328)
        (177 178 330 329)
        (178 179 331 330)
        (179 180 332 331)
        (180 181 333 332)
        (181 182 334 333)
        (182 183 335 334)
        (183 184 336 335)
        (184 185 337 336)
        (185 186 338 337)
        (186 187 339 338)
        (187 188 340 339)
        (188 189 341 340)
        (304 305 457 456)
        (305 306 458 457)
        (306 307 459 458)
        (307 308 460 459)
        (308 309 461 460)
        (309 310 462 461)
        (310 311 463 462)
        (311 312 464 463)
        (312 313 465 464)
        (313 314 466 465)
        (314 315 467 466)
        (315 316 468 467)
        (316 317 469 468)
        (317 318 470 469)
        (318 319 471 470)
        (319 320 472 471)
        (320 321 473 472)
        (321 322 474 473)
        (322 323 475 474)
        (323 324 476 475)
        (324 325 477 476)
        (325 326 478 477)
        (326 327 479 478)
        (327 328 480 479)
        (328 329 481 480)
        (329 330 482 481)
        (330 331 483 482)
        (331 332 484 483)
        (332 333 485 484)
        (333 334 486 485)
        (334 335 487 486)
        (335 336 488 487)
        (336 337 489 488)
        (337 338 490 489)
        (338 339 491 490)
        (339 340 492 491)
        (340 341 493 492)
        );
    }
    top_wall
    {
        type wall;
        faces
        (
        (114 266 267 115)
        (115 267 268 116)
        (116 268 269 117)
        (117 269 270 118)
        (118 270 271 119)
        (119 271 272 120)
        (120 272 273 121)
        (121 273 274 122)
        (122 274 275 123)
        (123 275 276 124)
        (124 276 277 125)
        (125 277 278 126)
        (126 278 279 127)
        (127 279 280 128)
        (128 280 281 129)
        (129 281 282 130)
        (130 282 283 131)
        (131 283 284 132)
        (132 284 285 133)
        (133 285 286 134)
        (134 286 287 135)
        (135 287 288 136)
        (136 288 289 137)
        (137 289 290 138)
        (138 290 291 139)
        (139 291 292 140)
        (140 292 293 141)
        (141 293 294 142)
        (142 294 295 143)
        (143 295 296 144)
        (144 296 297 145)
        (145 297 298 146)
        (146 298 299 147)
        (147 299 300 148)
        (148 300 301 149)
        (149 301 302 150)
        (150 302 303 151)
        (266 418 419 267)
        (267 419 420 268)
        (268 420 421 269)
        (269 421 422 270)
        (270 422 423 271)
        (271 423 424 272)
        (272 424 425 273)
        (273 425 426 274)
        (274 426 427 275)
        (275 427 428 276)
        (276 428 429 277)
        (277 429 430 278)
        (278 430 431 279)
        (279 431 432 280)
        (280 432 433 281)
        (281 433 434 282)
        (282 434 435 283)
        (283 435 436 284)
        (284 436 437 285)
        (285 437 438 286)
        (286 438 439 287)
        (287 439 440 288)
        (288 440 441 289)
        (289 441 442 290)
        (290 442 443 291)
        (291 443 444 292)
        (292 444 445 293)
        (293 445 446 294)
        (294 446 447 295)
        (295 447 448 296)
        (296 448 449 297)
        (297 449 450 298)
        (298 450 451 299)
        (299 451 452 300)
        (300 452 453 301)
        (301 453 454 302)
        (302 454 455 303)
        (418 570 571 419)
        (419 571 572 420)
        (420 572 573 421)
        (421 573 574 422)
        (422 574 575 423)
        (423 575 576 424)
        (424 576 577 425)
        (425 577 578 426)
        (426 578 579 427)
        (427 579 580 428)
        (428 580 581 429)
        (429 581 582 430)
        (430 582 583 431)
        (431 583 584 432)
        (432 584 585 433)
        (433 585 586 434)
        (434 586 587 435)
        (435 587 588 436)
        (436 588 589 437)
        (437 589 590 438)
        (438 590 591 439)
        (439 591 592 440)
        (440 592 593 441)
        (441 593 594 442)
        (442 594 595 443)
        (443 595 596 444)
        (444 596 597 445)
        (445 597 598 446)
        (446 598 599 447)
        (447 599 600 448)
        (448 600 601 449)
        (449 601 602 450)
        (450 602 603 451)
        (451 603 604 452)
        (452 604 605 453)
        (453 605 606 454)
        (454 606 607 455)
        );
    }
    side_walls
    {
        type wall;
        faces
        (
        (0 152 190 38)
        (37 75 227 189)
        (38 190 228 76)
        (75 113 265 227)
        (76 228 266 114)
        (113 151 303 265)
        (152 304 342 190)
        (189 227 379 341)
        (190 342 380 228)
        (227 265 417 379)
        (228 380 418 266)
        (265 303 455 417)
        (304 456 494 342)
        (341 379 531 493)
        (342 494 532 380)
        (379 417 569 531)
        (380 532 570 418)
        (417 455 607 569)
        );
    }
);

mergePatchPairs
(
);