/*--------------------------------*- C++ -*----------------------------------*\
| =========                 |                                                 |
| \\      /  F ield         | OpenFOAM: The Open Source CFD Toolbox           |
|  \\    /   O peration     | Version:  v2012                                 |
|   \\  /    A nd           | Website:  www.openfoam.com                      |
|    \\/     M anipulation  |                                                 |
\*---------------------------------------------------------------------------*/
FoamFile
{
    version     2.0;
    format      ascii;
    class       volScalarField;
    location    "2000";
    object      T;
}
// * * * * * * * * * * * * * * * * * * * * * * * * * * * * * * * * * * * * * //

dimensions      [0 0 0 1 0 0 0];


internalField   nonuniform List<scalar> 
6250
(
300
300
300
300
300
300.00001
300.00005
300.00008
299.99968
299.99751
299.99162
299.9826
299.98197
300.02514
300.18504
300.57943
301.36693
302.73161
304.86254
307.93732
312.11693
317.55474
324.41753
332.915
343.33414
299.99999
299.99999
299.99999
299.99999
300
300.00002
299.99991
299.99907
299.99638
299.99303
300.00223
300.0682
300.2896
300.83348
301.92425
303.80129
306.65516
310.56417
315.45445
321.09704
327.14272
333.18585
338.84436
343.84323
348.09068
299.99999
299.99999
299.99999
299.99999
300
299.9999
299.99928
299.99776
299.99914
300.02425
300.13493
300.46001
301.20295
302.61128
304.90731
308.2045
312.44799
317.40978
322.74423
328.08183
333.12226
337.69072
341.74166
345.31971
348.50413
299.99999
299.99999
299.99999
299.99999
299.99993
299.9996
299.99903
300.00229
300.03003
300.14373
300.47295
301.22241
302.63613
304.91924
308.15023
312.23095
316.90535
321.83953
326.72136
331.33131
335.56013
339.38361
342.82292
345.9139
348.69252
299.99998
299.99998
299.99998
299.99996
299.99982
299.99963
300.00223
300.02306
300.11199
300.38168
301.02059
302.26395
304.31816
307.27106
311.04028
315.39312
320.02673
324.66101
329.09693
333.22554
337.00552
340.43465
343.52966
346.31569
348.82107
299.99998
299.99998
299.99997
299.99992
299.99985
300.00123
300.01348
300.07122
300.26183
300.74646
301.74559
303.47488
306.05549
309.45146
313.47512
317.85562
322.32591
326.68117
330.79364
334.59888
338.07471
341.22426
344.06479
346.62063
348.91865
299.99998
299.99998
299.99996
299.99993
300.00048
300.00639
300.03839
300.15692
300.48863
301.22933
302.59925
304.75933
307.73552
311.40023
315.52083
319.83972
324.13843
328.26415
332.12649
335.68237
338.92058
341.84953
344.48856
346.86208
348.99592
299.99998
299.99997
299.99996
300.00013
300.00248
300.01766
300.08249
300.2869
300.79171
301.808
303.52898
306.04657
309.30569
313.12493
317.26389
321.4926
325.6318
329.5624
333.21728
336.5678
339.61103
342.35951
344.83405
347.05891
349.0589
299.99997
299.99997
300.00001
300.00079
300.00692
300.03786
300.15029
300.46368
301.16314
302.45588
304.49184
307.29533
310.75216
314.65515
318.77271
322.90228
326.89443
330.65419
334.13138
337.30811
340.18751
342.785
345.12221
347.22306
349.11143
299.99997
299.99998
300.00019
300.0023
300.01507
300.06965
300.24482
300.68629
301.5916
303.14895
305.45851
308.4866
312.07983
316.02222
320.09679
324.12519
327.98157
331.58961
334.91206
337.93912
340.67832
343.14703
345.36732
347.36267
349.1561
299.99997
300.00003
300.00065
300.00518
300.02831
300.11535
300.36755
300.95125
302.06492
303.86776
306.41061
309.61366
313.29937
317.25228
321.27158
325.2
328.931
332.4031
335.58916
338.48551
341.10291
343.46007
345.57921
347.48335
349.19472
299.99999
300.00015
300.00154
300.01004
300.04801
300.17665
300.51846
301.25352
302.57155
304.59747
307.33712
310.67567
314.42186
318.36588
322.32299
326.15435
329.76952
333.11903
336.18372
338.96462
341.47492
343.73422
345.76475
347.58901
349.22853
300.00004
300.00041
300.00313
300.01755
300.07539
300.25465
300.69638
301.58746
303.10142
305.32734
308.23196
311.67468
315.4577
319.37954
323.27089
327.00906
330.51712
333.75543
336.71122
339.3892
341.80437
343.97693
345.92897
347.68254
349.25846
300.00015
300.0009
300.00567
300.02839
300.1115
300.34982
300.8994
301.94742
303.64626
306.0499
309.09221
312.61418
316.41631
320.3069
324.13108
327.78033
331.18918
334.32611
337.18349
339.76896
342.09888
344.19382
346.07572
347.7661
349.2852
300.00035
300.00171
300.0095
300.04324
300.15716
300.4621
301.12515
302.32818
304.19947
306.76011
309.91689
313.49818
317.30607
321.15926
324.91624
328.48097
331.79772
334.84174
337.60962
340.11134
342.36427
344.38923
346.2079
347.84137
349.30928
300.00071
300.00298
300.01496
300.06273
300.21293
300.59102
301.37104
302.72506
304.75586
307.45462
310.70619
314.33078
318.13431
321.94599
325.63665
329.12117
332.35221
335.31071
337.99675
340.42215
342.60509
344.5665
346.32782
347.90965
349.33113
300.00128
300.00486
300.02239
300.0874
300.27915
300.73581
301.63447
303.13398
305.31144
308.1313
311.46099
315.11596
318.90743
322.675
326.30073
329.70921
332.86029
335.73973
338.35053
340.70602
342.82496
344.72832
346.43726
347.97197
349.35107
300.00216
300.00753
300.03216
300.11773
300.35592
300.89547
301.91293
303.55149
305.86316
308.78894
312.18259
315.85747
319.63103
323.35293
326.91549
330.25185
333.32814
336.13425
338.67557
340.96667
343.02678
344.87684
346.53771
348.02915
349.36937
300.00345
300.01118
300.0446
300.15409
300.4432
301.06889
302.20406
303.97464
306.40873
309.42691
312.87251
316.55879
320.31002
323.98545
327.48676
330.75471
333.76088
336.49869
338.9756
341.20716
343.21294
345.01381
346.63033
348.08189
349.38625
300.00525
300.01599
300.06004
300.19675
300.54077
301.25488
302.50573
304.40103
306.94644
310.04504
313.53238
317.22313
320.94868
324.57739
328.01948
331.22248
334.16275
336.83676
339.25371
341.42999
343.38539
345.14067
346.71612
348.13073
349.40188
300.0077
300.02218
300.07878
300.24593
300.6483
301.45225
302.81598
304.82862
307.47506
310.64347
314.16384
317.8534
321.55077
325.13291
328.51783
331.65909
334.53729
337.15154
339.51251
341.63726
343.54575
345.25863
346.79588
348.17615
349.41641
300.01095
300.02994
300.10106
300.30171
300.76538
301.65982
303.13309
305.25576
307.99372
311.22255
314.76851
318.45225
322.11961
325.65562
328.98538
332.06791
334.88752
337.44562
339.75415
341.83072
343.69541
345.36871
346.87031
348.21852
349.42997
300.01513
300.03949
300.12712
300.36414
300.89153
301.87645
303.45552
305.68112
308.50183
311.78277
315.34796
319.02208
322.65811
326.14862
329.42522
332.45181
335.216
337.72122
339.98049
342.01188
343.83553
345.47175
346.93998
348.25819
349.44266
300.0204
300.05102
300.15715
300.43319
301.02623
302.10107
303.78194
306.10359
308.99902
312.3247
315.90368
319.56509
323.16886
326.61465
329.84002
332.81326
335.52493
337.98023
340.1931
342.182
343.96708
345.5685
347.00539
348.29542
349.45457
300.02693
300.06471
300.19131
300.50877
301.16894
302.33267
304.11117
306.5223
309.48509
312.84899
316.43707
320.08325
323.65416
327.05611
330.2321
333.1544
335.81621
338.22428
340.39335
342.34219
344.09094
345.65957
347.06696
348.33048
349.46579
300.03488
300.08075
300.2297
300.59074
301.31911
302.57033
304.44219
306.93654
309.95998
313.35631
316.94947
320.57835
324.11606
327.47509
330.60348
333.4771
336.09148
338.45478
340.58242
342.4934
344.20784
345.74552
347.12507
348.36356
349.47638
300.04441
300.0993
300.27242
300.67896
301.47618
302.81317
304.77413
307.34578
310.42371
313.84734
317.44212
321.05201
324.55637
327.87348
330.95596
333.78299
336.3522
338.67297
340.76132
342.63644
344.31841
345.82682
347.18003
348.39485
349.48639
300.05566
300.12051
300.31952
300.7732
301.63961
303.06041
305.10621
307.74958
310.87639
314.32276
317.91618
321.50573
324.97674
328.25291
331.29112
334.07351
336.59963
338.87992
340.93096
342.77206
344.42323
345.90387
347.23212
348.4245
349.49588
300.06881
300.14451
300.37103
300.87326
301.80887
303.31133
305.43779
308.14762
311.31819
314.78323
318.37273
321.94085
325.37865
328.61488
331.61036
334.34993
336.83488
339.0766
341.09212
342.90087
344.52278
345.97706
347.28159
348.45266
349.50489
300.084
300.17143
300.42694
300.97889
301.98347
303.56528
305.7683
308.53966
311.74932
315.22942
318.81276
322.3586
325.7634
328.96071
331.91492
334.61339
337.05894
339.26385
341.24551
343.02345
344.6175
346.04669
347.32866
348.47946
349.51346
300.10135
300.20136
300.48724
301.08986
302.1629
303.82167
306.09728
308.92554
312.17002
315.66195
319.23723
322.76009
326.13222
329.29157
332.20591
334.86488
337.27269
339.44241
341.39175
343.1403
344.70779
346.11305
347.37352
348.505
349.52163
300.12102
300.2344
300.55189
301.2059
302.34672
304.07996
306.42432
309.30514
312.58054
316.08143
319.647
323.14637
326.48617
329.60854
332.48434
335.1053
337.47693
339.61295
341.53138
343.25185
344.79398
346.1764
347.41634
348.52938
349.52943
300.1431
300.27062
300.62082
301.32676
302.53449
304.33969
306.74907
309.67841
312.98116
316.48844
320.04287
323.51836
326.82626
329.91259
332.75111
335.33547
337.67234
339.77607
341.66491
343.35852
344.87638
346.23697
347.45728
348.55268
349.53689
300.16773
300.31007
300.69397
301.45217
302.7258
304.60042
307.07125
310.04532
313.37216
316.88353
320.42561
323.87694
327.15337
330.20459
333.00703
335.55612
337.85957
339.93231
341.79278
343.46064
344.95527
346.29495
347.49648
348.57499
349.54403
300.19498
300.3528
300.77124
301.5819
302.92027
304.86177
307.39062
310.40588
313.75383
317.26725
320.79591
324.2229
327.46832
330.48533
333.25283
335.76789
338.03919
340.08214
341.91539
343.55856
345.03091
346.35054
347.53405
348.59638
349.55087
300.22496
300.39885
300.85255
301.71567
303.11754
305.12338
307.70699
310.76013
314.12647
317.64009
321.15443
324.55697
327.77187
330.75553
333.48918
335.97138
338.21171
340.22602
342.03309
343.65255
345.1035
346.40389
347.57011
348.61691
349.55744
300.25773
300.44822
300.9378
301.85325
303.31727
305.38497
308.02019
311.10813
314.49035
318.00252
321.50177
324.87982
328.0647
331.01586
333.71669
336.16714
338.37761
340.36433
342.14623
343.74287
345.17327
346.45516
347.60476
348.63663
349.56375
300.29337
300.50094
301.02686
301.99441
303.51916
305.64625
308.33009
311.44994
314.84575
318.35501
321.83851
325.19208
328.34745
331.26692
333.9359
336.35565
338.5373
340.49743
342.25508
343.82978
345.24038
346.50448
347.6381
348.65561
349.56983
300.33193
300.55698
301.11963
302.1389
303.72293
305.90699
308.63659
311.78566
315.19296
318.69799
322.16517
325.49433
328.62068
331.50925
334.14733
336.53737
338.69118
340.62566
342.35994
343.91348
345.30502
346.55198
347.6702
348.67389
349.57567
300.37345
300.61635
301.216
302.2865
303.9283
306.16696
308.93962
312.11539
315.53225
319.03185
322.48225
325.78709
328.88495
331.74338
334.35145
336.71271
338.8396
340.74931
342.46103
343.99417
345.36734
346.59777
347.70115
348.6915
349.58131
300.41796
300.67902
301.31583
302.43701
304.13503
306.42599
309.2391
312.43923
315.86388
319.357
322.79021
326.07087
329.14073
331.96976
334.54867
336.88204
338.98289
340.86866
342.5586
344.07205
345.42747
346.64196
347.73101
348.7085
349.58675
300.4655
300.74496
301.41901
302.59022
304.34289
306.6839
309.53501
312.75729
316.18811
319.67379
323.08948
326.34613
329.3885
332.18883
334.73938
337.04571
339.12135
340.98396
342.65284
344.14726
345.48554
346.68463
347.75985
348.72492
349.592
300.51608
300.81414
301.52541
302.74592
304.55168
306.94054
309.82732
313.06969
316.50518
319.98257
323.38048
326.6133
329.62866
332.40098
334.92396
337.20405
339.25525
341.09545
342.74396
344.21996
345.54168
346.72588
347.78773
348.74079
349.59708
300.56971
300.88651
301.63491
302.90395
304.76121
307.1958
310.11601
313.37656
316.81534
320.28368
323.66358
326.87277
329.86162
332.60659
335.10273
337.35733
339.38484
341.20333
342.83211
344.29031
345.59599
346.76579
347.8147
348.75614
349.60199
300.62638
300.96202
301.74739
303.06411
304.97129
307.44955
310.40108
313.67801
317.11882
320.57742
323.93915
327.12491
330.08774
332.80599
335.276
337.50585
339.51037
341.3078
342.91747
344.35842
345.64858
346.80442
347.84081
348.77101
349.60675
300.68608
301.04063
301.86273
303.22624
305.18176
307.7017
310.68254
313.97417
317.41584
320.86409
324.20751
327.37009
330.30736
332.9995
335.44407
337.64984
339.63204
341.40905
343.00019
344.42441
345.69953
346.84186
347.86611
348.78541
349.61136
300.74881
301.12227
301.9808
303.39019
305.39248
307.95217
310.9604
314.26515
317.70662
321.14397
324.46898
327.60862
330.5208
333.18742
335.60719
337.78954
339.75006
341.50724
343.08041
344.48841
345.74893
346.87816
347.89064
348.79937
349.61583
300.81454
301.20689
302.1015
303.5558
305.60332
308.20089
311.2347
314.55109
317.99137
321.41732
324.72386
327.8408
330.72835
333.37002
335.76561
337.92517
339.86461
341.60254
343.15825
344.5505
345.79687
346.91337
347.91445
348.81292
349.62016
300.88324
301.29442
302.2247
303.72292
305.81413
308.44779
311.50545
314.83211
318.27028
321.68441
324.97243
328.06693
330.93028
333.54756
335.91956
338.05693
339.97587
341.69508
343.23383
344.6108
345.84341
346.94757
347.93755
348.82607
349.62437
300.95489
301.38479
302.35029
303.89142
306.02482
308.69282
311.77269
315.10833
318.54355
321.94547
325.21496
328.28727
331.12686
333.72028
336.06926
338.18502
340.084
341.785
343.30727
344.66937
345.88863
346.98079
347.96
348.83885
349.62846
301.02944
301.47795
302.47817
304.06118
306.23528
308.93594
312.03647
315.37986
318.81137
322.20072
325.45169
328.50208
331.31833
333.8884
336.21491
338.30959
340.18915
341.87244
343.37867
344.72632
345.93259
347.01308
347.98183
348.85128
349.63244
301.10685
301.57381
302.60822
304.23208
306.44541
309.17711
312.29682
315.64683
319.0739
322.45039
325.68286
328.71159
331.50492
334.05213
336.3567
338.43083
340.29146
341.9575
343.44812
344.78172
345.97534
347.0445
348.00306
348.86336
349.6363
301.18708
301.6723
302.74035
304.40399
306.65512
309.41632
312.55379
315.90934
319.33133
322.69467
325.9087
328.91603
331.68683
334.21167
336.4948
338.54888
340.39106
342.04029
343.51572
344.83563
346.01696
347.07507
348.02372
348.87512
349.64007
301.27008
301.77336
302.87445
304.57682
306.86434
309.65352
312.80742
316.16752
319.58381
322.93378
326.1294
329.1156
331.86428
334.36719
336.62937
338.66388
340.48807
342.12093
343.58156
344.88813
346.05748
347.10484
348.04384
348.88657
349.64373
301.35581
301.87691
303.01042
304.75046
307.073
309.88872
313.05777
316.42147
319.8315
323.16788
326.34518
329.31051
332.03744
334.51889
336.76057
338.77598
340.58261
342.19951
343.6457
344.93929
346.09696
347.13384
348.06344
348.89773
349.6473
301.44419
301.98288
303.14817
304.92482
307.28102
310.12189
313.30488
316.6713
320.07456
323.39717
326.55621
329.50093
332.2065
334.66691
336.88856
338.8853
340.67479
342.27611
343.70823
344.98915
346.13545
347.16211
348.08254
348.90861
349.65078
301.53519
302.09119
303.2876
305.09981
307.48836
310.35303
313.54881
316.91711
320.31312
323.62181
326.76269
329.68706
332.37163
334.81141
337.01345
338.99195
340.76471
342.35083
343.76922
345.03778
346.17298
347.18968
348.10117
348.91921
349.65417
301.62874
302.20178
303.42864
305.27534
307.69496
310.58213
313.78961
317.15902
320.54734
323.84196
326.96478
329.86906
332.53298
334.95253
337.13538
339.09605
340.85247
342.42374
343.82873
345.08523
346.2096
347.21659
348.11935
348.92956
349.65748
301.72478
302.31456
303.57118
305.45134
307.90077
310.80921
314.02733
317.39711
320.77733
324.05777
327.16263
330.04708
332.69069
335.09042
337.25448
339.1977
340.93815
342.49492
343.88682
345.13155
346.24534
347.24284
348.1371
348.93966
349.66072
301.82326
302.42946
303.71516
305.62773
308.10575
311.03425
314.26203
317.63149
321.00324
324.2694
327.35641
330.22128
332.84493
335.22519
337.37085
339.29701
341.02184
342.56444
343.94356
345.17678
346.28025
347.26849
348.15443
348.94952
349.66387
301.9241
302.54642
303.86048
305.80445
308.30986
311.25727
314.49376
317.86225
321.22518
324.47698
327.54626
330.3918
332.99581
335.35698
337.48461
339.39407
341.10362
342.63237
343.99899
345.22098
346.31436
347.29354
348.17136
348.95916
349.66696
302.02726
302.66536
304.00708
305.98142
308.51307
311.47828
314.72258
318.08948
321.44328
324.68065
327.73232
330.55878
333.14346
335.4859
337.59586
339.48896
341.18357
342.69877
344.05317
345.26417
346.34769
347.31803
348.1879
348.96858
349.66997
302.13266
302.78622
304.15488
306.15858
308.71534
311.69728
314.94853
318.31327
321.65765
324.88053
327.91472
330.72233
333.28801
335.61205
337.70469
339.58178
341.26175
342.7637
344.10615
345.30641
346.38029
347.34197
348.20408
348.97779
349.67292
302.24024
302.90891
304.3038
306.33589
308.91664
311.91429
315.17167
318.53371
321.86839
325.07675
328.09358
330.8826
333.42957
335.73555
337.8112
339.67259
341.33825
342.82722
344.15797
345.34772
346.41217
347.36539
348.21991
348.9868
349.6758
302.34994
303.03338
304.45378
306.51328
309.11696
312.12932
315.39206
318.75089
322.07562
325.26943
328.26903
331.03968
333.56825
335.85648
337.91547
339.76148
341.41311
342.88938
344.20869
345.38815
346.44336
347.3883
348.23539
348.99561
349.67862
302.4617
303.15955
304.60475
306.6907
309.31627
312.3424
315.60975
318.96488
322.27944
325.45867
328.44118
331.1937
333.70414
335.97494
338.01758
339.84852
341.4864
342.95023
344.25833
345.42772
346.4739
347.41073
348.25055
349.00424
349.68138
302.57546
303.28737
304.75666
306.86811
309.51456
312.55352
315.82478
319.17576
322.47994
325.64459
328.61015
331.34476
333.83736
336.09102
338.11762
339.93377
341.55818
343.00983
344.30695
345.46648
346.5038
347.43269
348.26539
349.01269
349.68408
302.69114
303.41676
304.90943
307.04546
309.7118
312.76273
316.03721
319.38362
322.67722
325.82729
328.77602
331.49295
333.96798
336.20481
338.21565
340.0173
341.6285
343.0682
344.35457
345.50443
346.53309
347.45421
348.27993
349.02096
349.68673
302.80869
303.54766
305.06301
307.22271
309.90799
312.97003
316.2471
319.58853
322.87137
326.00686
328.93891
331.63838
334.09611
336.31638
338.31175
340.09918
341.69742
343.12541
344.40123
345.54163
346.56179
347.47529
348.29417
349.02907
349.68933
302.92805
303.68002
305.21734
307.39981
310.1031
313.17544
316.45448
319.79055
323.06249
326.18341
329.09891
331.78114
334.22182
336.42582
338.40599
340.17945
341.76499
343.18149
344.44697
345.57809
346.58992
347.49595
348.30814
349.03702
349.69187
303.04916
303.81376
305.37237
307.57674
310.29714
313.37898
316.65941
319.98977
323.25064
326.35702
329.25611
331.9213
334.34519
336.53318
338.49843
340.25817
341.83124
343.23648
344.49182
345.61384
346.6175
347.51621
348.32183
349.04481
349.69436
303.17195
303.94883
305.52804
307.75346
310.4901
313.58068
316.86194
320.18624
323.43592
326.52777
329.41059
332.05897
334.46631
336.63855
338.58913
340.33541
341.89624
343.29042
344.53582
345.6489
346.64455
347.53608
348.33525
349.05245
349.69681
303.29636
304.08517
305.68431
307.92994
310.68196
313.78056
317.06211
320.38004
323.6184
326.69577
329.56245
332.19421
334.58525
336.74199
338.67814
340.41119
341.96001
343.34334
344.57898
345.6833
346.67109
347.55557
348.34842
349.05995
349.69921
303.42235
304.22273
305.84113
308.10614
310.87272
313.97864
317.25997
320.57123
323.79816
326.86107
329.71176
332.3271
334.70207
336.84355
338.76553
340.48559
342.0226
343.39528
344.62134
345.71705
346.69714
347.5747
348.36135
349.06731
349.70156
303.54984
304.36144
305.99845
308.28204
311.06238
314.17494
317.45556
320.75988
323.97527
327.02377
329.8586
332.45772
334.81685
336.94331
338.85135
340.55863
342.08405
343.44627
344.66292
345.75019
346.72271
347.59348
348.37404
349.07453
349.70387
303.67878
304.50126
306.15623
308.45761
311.25093
314.36948
317.64893
320.94603
324.1498
327.18393
330.00304
332.58614
334.92964
337.04132
338.93564
340.63037
342.1444
343.49634
344.70375
345.78273
346.74781
347.61192
348.3865
349.08162
349.70614
303.80912
304.64213
306.31442
308.63283
311.43838
314.56229
317.84013
321.12976
324.32182
327.34162
330.14515
332.71242
335.04051
337.13764
339.01846
340.70085
342.20368
343.54552
344.74385
345.81469
346.77247
347.63003
348.39874
349.08859
349.70837
303.9408
304.784
306.47298
308.80767
311.62473
314.75339
318.0292
321.31112
324.4914
327.49693
330.28501
332.83662
335.14953
337.23231
339.09986
340.7701
342.26193
343.59384
344.78325
345.84609
346.7967
347.64783
348.41076
349.09543
349.71056
304.07376
304.92683
306.63188
308.98211
311.80996
314.94281
318.21617
321.49016
324.6586
327.6499
330.42267
332.95881
335.25673
337.32539
339.17987
340.83817
342.31917
343.64133
344.82198
345.87695
346.8205
347.66531
348.42258
349.10216
349.71271
304.20796
305.07055
306.79107
309.15613
311.9941
315.13056
318.40109
321.66694
324.82347
327.80061
330.55819
333.07905
335.36219
337.41693
339.25854
340.90509
342.37544
343.68801
344.86004
345.90728
346.8439
347.6825
348.43419
349.10877
349.71483
304.34334
305.21513
306.95053
309.32972
312.17713
315.31666
318.584
321.84152
324.98609
327.94912
330.69165
333.1974
335.46595
337.50697
339.33591
340.97089
342.43078
343.73391
344.89746
345.9371
346.86691
347.69939
348.44561
349.11527
349.71691
304.47985
305.36052
307.1102
309.50285
312.35906
315.50115
318.76494
322.01393
325.1465
328.09548
330.82309
333.3139
335.56805
337.59556
339.41202
341.03562
342.4852
343.77905
344.93426
345.96642
346.88953
347.71601
348.45683
349.12166
349.71895
304.61745
305.50667
307.27008
309.67551
312.53989
315.68404
318.94394
322.18424
325.30476
328.23976
330.95258
333.42862
335.66856
337.68274
339.4869
341.09929
342.53873
343.82345
344.97046
345.99527
346.91178
347.73235
348.46788
349.12794
349.72096
304.75608
305.65355
307.43011
309.84769
312.71964
315.86536
319.12105
322.35248
325.46093
328.38201
331.08016
333.5416
335.76751
337.76855
339.5606
341.16195
342.59141
343.86713
345.00607
346.02365
346.93367
347.74843
348.47874
349.13413
349.72294
304.89569
305.8011
307.59027
310.01936
312.89829
316.04513
319.2963
322.51871
325.61505
328.52227
331.20589
333.65288
335.86495
337.85302
339.63314
341.22363
342.64325
343.91013
345.04112
346.05157
346.95522
347.76425
348.48943
349.14021
349.72489
305.03624
305.94929
307.75052
310.19052
313.07587
316.22337
319.46973
322.68297
325.76718
328.66061
331.32982
333.76253
335.96092
337.93621
339.70457
341.28434
342.69428
343.95245
345.07562
346.07906
346.97642
347.77983
348.49996
349.1462
349.72681
305.17769
306.09808
307.91086
310.36116
313.25237
316.4001
319.64136
322.8453
325.91736
328.79707
331.45199
333.87057
336.05547
338.01814
339.7749
341.34412
342.74453
343.99412
345.10959
346.10612
346.9973
347.79516
348.51032
349.1521
349.72869
305.31999
306.24743
308.07123
310.53126
313.42779
316.57534
319.81125
323.00575
326.06564
328.9317
331.57246
333.97706
336.14862
338.09886
339.84418
341.403
342.79401
344.03515
345.14304
346.13277
347.01786
347.81026
348.52052
349.15791
349.73055
305.46309
306.3973
308.23162
310.7008
313.60215
316.74912
319.97941
323.16435
326.21207
329.06454
331.69126
334.08204
336.24043
338.17838
339.91243
341.461
342.84275
344.07556
345.17598
346.15902
347.03811
347.82513
348.53057
349.16363
349.73238
305.60696
306.54766
308.39201
310.8698
313.77545
316.92146
320.14588
323.32116
326.3567
329.19565
331.80844
334.18555
336.33092
338.25675
339.97968
341.51814
342.89077
344.11537
345.20843
346.18487
347.05805
347.83978
348.54046
349.16926
349.73418
305.75155
306.69847
308.55237
311.03822
313.9477
317.09238
320.3107
323.4762
326.49955
329.32505
331.92404
334.28762
336.42013
338.334
340.04595
341.57445
342.93809
344.1546
345.24041
346.21035
347.0777
347.85421
348.55022
349.17481
349.73596
305.89683
306.84969
308.71267
311.20607
314.11891
317.26189
320.47389
323.62951
326.64068
329.4528
332.0381
334.38829
336.50809
338.41015
340.11128
341.62995
342.98472
344.19326
345.27192
346.23546
347.09707
347.86843
348.55983
349.18028
349.73771
306.04276
307.0013
308.8729
311.37333
314.28908
317.43002
320.63548
323.78113
326.78012
329.57894
332.15067
334.4876
336.59485
338.48524
340.17569
341.68467
343.03069
344.23137
345.30298
346.2602
347.11616
347.88245
348.5693
349.18567
349.73943
306.18929
307.15326
309.03303
311.54001
314.45822
317.59679
320.79551
323.93111
326.91791
329.7035
332.26176
334.58558
336.68042
338.5593
340.2392
341.73861
343.07601
344.26894
345.3336
346.2846
347.13498
347.89627
348.57864
349.19099
349.74114
306.3364
307.30553
309.19304
311.70609
314.62633
317.76222
320.95401
324.07946
327.05409
329.82652
332.37144
334.68227
336.76484
338.63234
340.30184
341.79181
343.1207
344.30599
345.36379
346.30865
347.15353
347.9099
348.58785
349.19623
349.74281
306.48404
307.4581
309.35292
311.87156
314.79343
317.92633
321.11099
324.22623
327.1887
329.94804
332.47972
334.7777
336.84814
338.7044
340.36362
341.84428
343.16478
344.34253
345.39357
346.33237
347.17183
347.92334
348.59693
349.2014
349.74447
306.63219
307.61093
309.51264
312.03643
314.95952
318.08914
321.2665
324.37144
327.32176
330.06809
332.58664
334.8719
336.93034
338.7755
340.42458
341.89605
343.20826
344.37857
345.42294
346.35577
347.18988
347.93659
348.60588
349.20649
349.7461
306.7808
307.764
309.67219
312.20068
315.12461
318.25066
321.42055
324.51514
327.45333
330.18671
332.69223
334.9649
337.01148
338.84567
340.48473
341.94712
343.25116
344.41413
345.45192
346.37886
347.20769
347.94967
348.61472
349.21152
349.74771
306.92985
307.91727
309.83156
312.36432
315.28871
318.41091
321.57317
324.65734
327.58341
330.30392
332.79654
335.05674
337.09158
338.91493
340.54409
341.99752
343.29349
344.44921
345.48051
346.40164
347.22525
347.96257
348.62344
349.21649
349.74929
307.0793
308.07072
309.99071
312.52733
315.45183
318.56992
321.72439
324.79809
327.71206
330.41977
332.89958
335.14742
337.17066
338.9833
340.60268
342.04727
343.33526
344.48384
345.50873
346.42411
347.24259
347.97531
348.63204
349.22138
349.75086
307.22913
308.22432
310.14964
312.68972
315.61397
318.7277
321.87423
324.93741
327.83931
330.53428
333.00138
335.237
337.24875
339.0508
340.66052
342.09637
343.3765
344.51802
345.53658
346.4463
347.25971
347.98787
348.64053
349.22622
349.75241
307.3793
308.37805
310.30834
312.85148
315.77514
318.88426
322.02272
325.07532
327.96517
330.64749
333.10198
335.32548
337.32588
339.11746
340.71763
342.14485
343.41721
344.55176
345.56408
346.4682
347.2766
348.00028
348.64892
349.23099
349.75394
307.52978
308.53189
310.46679
313.01261
315.93535
319.03963
322.16989
325.21186
328.08968
330.75941
333.2014
335.41291
337.40207
339.18329
340.77403
342.19272
343.45741
344.58507
345.59122
346.48983
347.29328
348.01253
348.65719
349.2357
349.75544
307.68054
308.68581
310.62497
313.1731
316.09461
319.19383
322.31574
325.34706
328.21287
330.87009
333.29967
335.49929
337.47733
339.24831
340.82974
342.24
343.49711
344.61797
345.61803
346.51118
347.30975
348.02462
348.66536
349.24035
349.75693
307.83157
308.83979
310.78287
313.33296
316.25293
319.34686
322.46032
325.48093
328.33477
330.97954
333.39681
335.58466
337.5517
339.31255
340.88476
342.2867
343.53632
344.65046
345.64451
346.53227
347.32602
348.03657
348.67344
349.24495
349.7584
307.98282
308.9938
310.94049
313.49217
316.41031
319.49874
322.60363
325.61351
328.4554
331.0878
333.49286
335.66904
337.62518
339.37602
340.93912
342.33283
343.57505
344.68256
345.67066
346.5531
347.34208
348.04837
348.68141
349.24948
349.75985
308.13429
309.14784
311.0978
313.65075
316.56676
319.6495
322.7457
325.74482
328.57479
331.19489
333.58783
335.75246
337.69781
339.43874
340.99283
342.37841
343.61331
344.71426
345.69649
346.57368
347.35796
348.06003
348.68929
349.25397
349.76129
308.28593
309.30187
311.25479
313.80868
316.72229
319.79915
322.88656
325.87489
328.69296
331.30083
333.68175
335.83492
337.7696
339.50073
341.04591
342.42345
343.65112
344.74559
345.72202
346.59401
347.37364
348.07154
348.69707
349.2584
349.7627
308.43773
309.45588
311.41146
313.96597
316.87692
319.9477
323.02622
326.00373
328.80995
331.40565
333.77464
335.91646
337.84057
339.562
341.09838
342.46796
343.68849
344.77655
345.74725
346.61411
347.38914
348.08293
348.70476
349.26277
349.76411
308.58966
309.60984
311.5678
314.12261
317.03064
320.09516
323.1647
326.13137
328.92576
331.50937
333.86652
335.9971
337.91074
339.62258
341.15023
342.51195
343.72542
344.80715
345.77218
346.63397
347.40446
348.09417
348.71236
349.2671
349.76549
308.7417
309.76375
311.72379
314.27861
317.18346
320.24156
323.30203
326.25784
329.04044
331.61202
333.95742
336.07684
337.98013
339.68246
341.2015
342.55544
343.76193
344.8374
345.79682
346.65359
347.4196
348.10529
348.71987
349.27138
349.76686
308.89383
309.91758
311.87942
314.43397
317.33539
320.38691
323.43821
326.38315
329.15399
331.71362
334.04735
336.15573
338.04875
339.74168
341.25219
342.59844
343.79802
344.86731
345.82119
346.673
347.43456
348.11628
348.7273
349.2756
349.76821
309.04602
310.07131
312.03469
314.58867
317.48645
320.53122
323.57328
326.50732
329.26644
331.81418
334.13634
336.23376
338.11662
339.80025
341.30231
342.64096
343.83371
344.89687
345.84528
346.69219
347.44936
348.12715
348.73464
349.27978
349.76955
309.19827
310.22494
312.18959
314.74273
317.63663
320.6745
323.70725
326.63039
329.37782
331.91374
334.22441
336.31097
338.18375
339.85817
341.35189
342.68301
343.869
344.92611
345.8691
346.71116
347.46399
348.1379
348.7419
349.28391
349.77087
309.35053
310.37844
312.3441
314.89615
317.78595
320.81677
323.84013
326.75235
329.48814
332.0123
334.31157
336.38736
338.25017
339.91547
341.40092
342.72459
343.9039
344.95502
345.89265
346.72992
347.47846
348.14852
348.74908
349.288
349.77218
309.50281
310.53179
312.49823
315.04892
317.93442
320.95805
323.97195
326.87325
329.59742
332.1099
334.39785
336.46296
338.31589
339.97216
341.44942
342.76573
343.93842
344.98362
345.91595
346.74848
347.49278
348.15903
348.75618
349.29204
349.77347
309.65507
310.68499
312.65195
315.20104
318.08203
321.09834
324.10272
326.99309
329.70568
332.20654
334.48326
336.53779
338.38092
340.02824
341.49741
342.80642
343.97257
345.01191
345.939
346.76683
347.50693
348.16943
348.76321
349.29604
349.77475
309.8073
310.83802
312.80527
315.35251
318.2288
321.23766
324.23245
327.1119
329.81295
332.30226
334.56781
336.61185
338.44528
340.08374
341.54489
342.84669
344.00636
345.0399
345.9618
346.785
347.52094
348.17972
348.77016
349.3
349.77602
309.95948
310.99086
312.95818
315.50334
318.37474
321.37603
324.36117
327.22969
329.91924
332.39706
334.65154
336.68516
338.50897
340.13866
341.59188
342.88653
344.03979
345.0676
345.98436
346.80296
347.5348
348.18989
348.77703
349.30391
349.77727
310.1116
311.14351
313.11068
315.65353
318.51985
321.51344
324.4889
327.34647
330.02457
332.49096
334.73445
336.75774
338.57203
340.19303
341.63838
342.92595
344.07288
345.095
346.00669
346.82075
347.54851
348.19996
348.78384
349.30778
349.77851
310.26363
311.29595
313.26274
315.80307
318.66414
321.64993
324.61563
327.46228
330.12895
332.58398
334.81655
336.82961
338.63444
340.24684
341.6844
342.96498
344.10562
345.12213
346.02878
346.83834
347.56208
348.20993
348.79057
349.31162
349.77973
310.41557
311.44816
313.41438
315.95198
318.80762
321.78549
324.7414
327.57712
330.23241
332.67615
334.89787
336.90077
338.69624
340.30011
341.72996
343.0036
344.13803
345.14897
346.05065
346.85576
347.57552
348.21979
348.79723
349.31541
349.78095
310.56739
311.60014
313.56558
316.10024
318.9503
321.92015
324.86621
327.691
330.33496
332.76746
334.97842
336.97124
338.75744
340.35285
341.77507
343.04184
344.17012
345.17555
346.0723
346.873
347.58881
348.22956
348.80383
349.31917
349.78215
310.71909
311.75187
313.71634
316.24785
319.09217
322.0539
324.99009
327.80396
330.43661
332.85795
335.05822
337.04104
338.81803
340.40507
341.81973
343.0797
344.20188
345.20186
346.09373
346.89007
347.60198
348.23922
348.81036
349.32288
349.78334
310.87064
311.90334
313.86665
316.39484
319.23326
322.18677
325.11304
327.91599
330.53739
332.94762
335.13728
337.11018
338.87805
340.45678
341.86395
343.11718
344.23333
345.2279
346.11495
346.90696
347.61501
348.24879
348.81683
349.32656
349.78452
311.02204
312.05455
314.01651
316.54118
319.37356
322.31877
325.23507
328.02713
330.6373
333.03649
335.2156
337.17866
338.93749
340.508
341.90774
343.1543
344.26447
345.25369
346.13596
346.9237
347.62791
348.25827
348.82323
349.33021
349.78568
311.17326
312.20547
314.16591
316.68689
319.51308
322.4499
325.35621
328.13737
330.73637
333.12457
335.29322
337.24652
338.99637
340.55873
341.95111
343.19106
344.29531
345.27924
346.15676
346.94027
347.64069
348.26765
348.82957
349.33382
349.78684
311.32431
312.35611
314.31485
316.83196
319.65184
322.58017
325.47647
328.24674
330.83461
333.21189
335.37014
337.31374
339.0547
340.60898
341.99407
343.22747
344.32585
345.30453
346.17737
346.95668
347.65335
348.27695
348.83585
349.33739
349.78798
311.47515
312.50645
314.46333
316.9764
319.78983
322.70961
325.59585
328.35525
330.93203
333.29844
335.44637
337.38035
339.11249
340.65876
342.03662
343.26354
344.3561
345.32959
346.19778
346.97293
347.66588
348.28615
348.84207
349.34093
349.78911
311.62579
312.65649
314.61134
317.12021
319.92706
322.83821
325.71437
328.46292
331.02864
333.38425
335.52192
337.44637
339.16975
340.70808
342.07878
343.29927
344.38607
345.35441
346.21799
346.98903
347.6783
348.29527
348.84823
349.34444
349.79024
311.77621
312.80621
314.75887
317.26338
320.06354
322.96599
325.83205
328.56975
331.12447
333.46934
335.59681
337.51179
339.2265
340.75694
342.12055
343.33466
344.41577
345.379
346.23802
347.00498
347.6906
348.3043
348.85433
349.34791
349.79135
311.9264
312.95561
314.90593
317.40594
320.19928
323.09295
325.94889
328.67577
331.21951
333.5537
335.67106
337.57663
339.28273
340.80537
342.16193
343.36973
344.44518
345.40336
346.25786
347.02078
347.70279
348.31325
348.86038
349.35135
349.79245
312.07635
313.10467
315.05251
317.54786
320.33428
323.21911
326.0649
328.78097
331.3138
333.63736
335.74466
337.6409
339.33846
340.85336
342.20294
343.40449
344.47433
345.4275
346.27752
347.03644
347.71486
348.32212
348.86637
349.35476
349.79354
312.22605
313.25339
315.19861
317.68916
320.46854
323.34448
326.18011
328.88538
331.40733
333.72032
335.81764
337.70462
339.3937
340.90092
342.24359
343.43893
344.50322
345.45142
346.29701
347.05195
347.72683
348.33091
348.87231
349.35814
349.79462
312.37548
313.40177
315.34422
317.82984
320.60209
323.46906
326.29451
328.98901
331.50012
333.80261
335.89
337.76778
339.44846
340.94806
342.28387
343.47306
344.53185
345.47513
346.31632
347.06733
347.73869
348.33961
348.87819
349.36149
349.79569
312.52464
313.54979
315.48934
317.9699
320.73491
323.59287
326.40813
329.09187
331.59218
333.88422
335.96175
337.83041
339.50275
340.99479
342.3238
343.50689
344.56022
345.49863
346.33545
347.08257
347.75044
348.34824
348.88402
349.36481
349.79675
312.67352
313.69745
315.63397
318.10934
320.86702
323.71591
326.52096
329.19398
331.68353
333.96518
336.03291
337.89251
339.55656
341.04111
342.36338
343.54043
344.58835
345.52192
346.35442
347.09768
347.76209
348.3568
348.8898
349.3681
349.79781
312.82211
313.84475
315.77811
318.24817
320.99842
323.8382
326.63303
329.29533
331.77418
334.04548
336.10348
337.95408
339.60993
341.08704
342.40262
343.57367
344.61623
345.545
346.37322
347.11265
347.77363
348.36528
348.89553
349.37136
349.79885
312.9704
313.99167
315.92175
318.38638
321.12912
323.95974
326.74434
329.39595
331.86413
334.12515
336.17348
338.01515
339.66284
341.13258
342.44153
343.60663
344.64387
345.56789
346.39187
347.12749
347.78508
348.37368
348.90121
349.37459
349.79989
313.11838
314.13821
316.0649
318.52398
321.25913
324.08053
326.85491
329.49584
331.9534
334.20419
336.24292
338.07571
339.71531
341.17774
342.4801
343.63931
344.67127
345.59058
346.41035
347.14221
347.79643
348.38202
348.90684
349.3778
349.80091
313.26604
314.28436
316.20754
318.66097
321.38844
324.2006
326.96473
329.59502
332.042
334.28262
336.31179
338.13578
339.76735
341.22251
342.51835
343.67171
344.69844
345.61308
346.42867
347.1568
347.80768
348.39028
348.91243
349.38098
349.80193
313.41338
314.43012
316.34969
318.79735
321.51707
324.31994
327.07383
329.69349
332.12993
334.36044
336.38013
338.19536
339.81896
341.26692
342.55629
343.70384
344.72539
345.63539
346.44684
347.17127
347.81884
348.39847
348.91796
349.38413
349.80294
313.56039
314.57548
316.49133
318.93313
321.64503
324.43856
327.18221
329.79127
332.21722
334.43766
336.44792
338.25446
339.87015
341.31097
342.59391
343.73571
344.75211
345.65752
346.46486
347.18562
347.82991
348.4066
348.92345
349.38725
349.80394
313.70706
314.72044
316.63246
319.06831
321.77231
324.55648
327.28988
329.88837
332.30386
334.51429
336.51518
338.3131
339.92093
341.35465
342.63122
343.76731
344.77861
345.67946
346.48273
347.19985
347.84088
348.41466
348.9289
349.39035
349.80493
313.85339
314.865
316.77309
319.20288
321.89892
324.67369
327.39685
329.98479
332.38988
334.59035
336.58192
338.37127
339.97131
341.39799
342.66823
343.79866
344.8049
345.70122
346.50045
347.21396
347.85177
348.42265
348.9343
349.39342
349.80591
313.99936
315.00914
316.91322
319.33686
322.02487
324.79022
327.50313
330.08055
332.47526
334.66583
336.64816
338.42899
340.02128
341.44097
342.70494
343.82975
344.83097
345.72281
346.51803
347.22796
347.86256
348.43058
348.93965
349.39647
349.80689
314.14498
315.15287
317.05283
319.47024
322.15016
324.90606
327.60872
330.17565
332.56004
334.74076
336.71388
338.48626
340.07087
341.48362
342.74136
343.8606
344.85683
345.74422
346.53547
347.24185
347.87327
348.43844
348.94496
349.3995
349.80785
314.29023
315.29617
317.19194
319.60303
322.2748
325.02122
327.71364
330.2701
332.64421
334.81513
336.77911
338.54309
340.12007
341.52594
342.7775
343.8912
344.88249
345.76547
346.55277
347.25562
347.88389
348.44624
348.95023
349.4025
349.80881
314.43511
315.43905
317.33054
319.73523
322.3988
325.13571
327.8179
330.36391
332.72779
334.88896
336.84385
338.59949
340.16888
341.56792
342.81335
343.92156
344.90795
345.78654
346.56994
347.26929
347.89443
348.45398
348.95546
349.40547
349.80977
314.57961
315.58151
317.46862
319.86684
322.52215
325.24953
327.9215
330.4571
332.81078
334.96225
336.90811
338.65546
340.21733
341.60958
342.84892
343.95169
344.93321
345.80745
346.58696
347.28285
347.90489
348.46166
348.96065
349.40843
349.81071
314.72373
315.72353
317.60619
319.99786
322.64487
325.3627
328.02445
330.54966
332.89319
335.03502
336.9719
338.71101
340.26541
341.65092
342.88422
343.98158
344.95827
345.8282
346.60386
347.2963
347.91527
348.46928
348.9658
349.41136
349.81165
314.86746
315.86511
317.74325
320.1283
322.76695
325.47522
328.12675
330.64161
332.97503
335.10726
337.03522
338.76615
340.31312
341.69195
342.91925
344.01124
344.98314
345.84879
346.62063
347.30965
347.92556
348.47684
348.97091
349.41426
349.81258
315.0108
316.00626
317.8798
320.25816
322.88841
325.5871
328.22842
330.73295
333.05631
335.17899
337.09808
338.82088
340.36048
341.73267
342.95401
344.04068
345.00782
345.86922
346.63727
347.3229
347.93578
348.48434
348.97598
349.41715
349.8135
315.15374
316.14696
318.01583
320.38744
323.00925
325.69834
328.32947
330.8237
333.13703
335.25022
337.16049
338.87521
340.40749
341.77309
342.98851
344.06989
345.03231
345.8895
346.65378
347.33605
347.94592
348.49178
348.98101
349.42001
349.81442
315.29629
316.28722
318.15136
320.51614
323.12947
325.80895
328.4299
330.91386
333.21721
335.32095
337.22245
338.92915
340.45416
341.8132
343.02276
344.09889
345.05662
345.90962
346.67017
347.3491
347.95598
348.49917
348.986
349.42285
349.81533
315.43842
316.42703
318.28636
320.64427
323.24908
325.91893
328.52971
331.00344
333.29684
335.39119
337.28397
338.9827
340.50048
341.85302
343.05675
344.12767
345.08075
345.9296
346.68643
347.36205
347.96597
348.50651
348.99095
349.42567
349.81623
315.58015
316.56639
318.42085
320.77183
323.36808
326.0283
328.62892
331.09244
333.37595
335.46094
337.34506
339.03586
340.54647
341.89255
343.0905
344.15624
345.1047
345.94943
346.70258
347.37491
347.97588
348.51379
348.99587
349.42847
349.81713
315.72146
316.7053
318.55483
320.89881
323.48647
326.13706
328.72753
331.18087
333.45453
335.53022
337.40572
339.08865
340.59213
341.9318
343.124
344.18461
345.12847
345.96911
346.7186
347.38767
347.98572
348.52101
349.00075
349.43125
349.81801
315.86235
316.84375
318.6883
321.02524
323.60427
326.2452
328.82555
331.26875
333.53259
335.59903
337.46596
339.14106
340.63746
341.97076
343.15725
344.21276
345.15208
345.98865
346.73451
347.40034
347.99549
348.52819
349.0056
349.43401
349.8189
316.00282
316.98174
318.82125
321.15109
323.72148
326.35275
328.92299
331.35607
333.61014
335.66737
337.52578
339.19311
340.68247
342.00945
343.19027
344.24072
345.17551
346.00805
346.75031
347.41291
348.00519
348.53531
349.01041
349.43675
349.81977
316.14287
317.11928
318.95368
321.27639
323.8381
326.45971
329.01984
331.44284
333.68718
335.73525
337.5852
339.2448
340.72717
342.04786
343.22305
344.26847
345.19877
346.0273
346.76599
347.4254
348.01482
348.54238
349.01519
349.43947
349.82064
316.28249
317.25635
319.08561
321.40113
323.95413
326.56608
329.11613
331.52908
333.76373
335.80268
337.64421
339.29613
340.77155
342.086
343.25561
344.29603
345.22188
346.04643
346.78156
347.4378
348.02438
348.5494
349.01993
349.44217
349.82151
316.42167
317.39296
319.21702
321.52531
324.06958
326.67186
329.21185
331.61478
333.83978
335.86967
337.70282
339.34711
340.81563
342.12388
343.28793
344.32339
345.24481
346.06541
346.79702
347.45011
348.03387
348.55637
349.02464
349.44485
349.82236
316.56042
317.5291
319.34791
321.64894
324.18445
326.77707
329.30701
331.69995
333.91535
335.93622
337.76104
339.39774
340.85941
342.16149
343.32003
344.35057
345.26759
346.08427
346.81238
347.46233
348.0433
348.56329
349.02932
349.44751
349.82322
316.69874
317.66477
319.47829
321.77201
324.29875
326.8817
329.40161
331.78461
333.99044
336.00233
337.81888
339.44803
340.90288
342.19885
343.35191
344.37755
345.29021
346.10299
346.82762
347.47447
348.05266
348.57016
349.03396
349.45015
349.82406
316.83661
317.79998
319.60817
321.89454
324.41248
326.98577
329.49567
331.86875
334.06505
336.06801
337.87633
339.49799
340.94607
342.23595
343.38357
344.40435
345.31267
346.12159
346.84276
347.48653
348.06196
348.57699
349.03858
349.45278
349.8249
316.97404
317.93471
319.73752
322.01652
324.52565
327.08927
329.58919
331.95238
334.1392
336.13328
337.9334
339.54761
340.98896
342.2728
343.41501
344.43097
345.33498
346.14005
346.8578
347.4985
348.07119
348.58377
349.04316
349.45539
349.82574
317.11103
318.06898
319.86637
322.13795
324.63826
327.19222
329.68217
332.0355
334.21288
336.19812
337.99011
339.5969
341.03156
342.3094
343.44625
344.45741
345.35714
346.15839
346.87273
347.51039
348.08036
348.5905
349.0477
349.45797
349.82657
317.24756
318.20277
319.99471
322.25884
324.75031
327.29462
329.77462
332.11813
334.28611
336.26255
338.04644
339.64587
341.07389
342.34576
343.47727
344.48366
345.37915
346.17661
346.88757
347.5222
348.08946
348.59719
349.05222
349.46055
349.82739
317.38365
318.33609
320.12254
322.3792
324.86181
327.39647
329.86655
332.20027
334.35889
336.32658
338.10241
339.69452
341.11593
342.38188
343.50808
344.50975
345.40101
346.19471
346.9023
347.53393
348.09851
348.60383
349.05671
349.4631
349.82821
317.51929
318.46893
320.24986
322.49902
324.97276
327.49778
329.95796
332.28192
334.43122
336.3902
338.15803
339.74286
341.1577
342.41776
343.5387
344.53566
345.42273
346.21268
346.91694
347.54559
348.1075
348.61043
349.06117
349.46564
349.82902
317.65447
318.6013
320.37667
322.6183
325.08317
327.59855
330.04885
332.36309
334.50311
336.45342
338.21329
339.79088
341.1992
342.4534
343.56911
344.5614
345.4443
346.23054
346.93148
347.55716
348.11642
348.61698
349.0656
349.46816
349.82982
317.7892
318.73319
320.50297
322.73705
325.19304
327.69879
330.13923
332.44379
334.57457
336.51625
338.2682
339.83859
341.24043
342.48881
343.59932
344.58697
345.46573
346.24828
346.94592
347.56866
348.12529
348.6235
349.07
349.47066
349.83062
317.92347
318.8646
320.62876
322.85527
325.30237
327.7985
330.22911
332.52402
334.64559
336.5787
338.32277
339.88601
341.28139
342.524
343.62933
344.61237
345.48702
346.2659
346.96027
347.58009
348.1341
348.62996
349.07437
349.47315
349.83142
318.05728
318.99554
320.75405
322.97297
325.41116
327.89769
330.31849
332.60378
334.71619
336.64076
338.37699
339.93312
341.3221
342.55896
343.65916
344.63761
345.50817
346.28341
346.97452
347.59144
348.14285
348.63639
349.07871
349.47562
349.83221
318.19063
319.126
320.87884
323.09014
325.51943
327.99636
330.40738
332.68308
334.78637
336.70245
338.43088
339.97994
341.36254
342.59369
343.68879
344.66269
345.52919
346.3008
346.98869
347.60271
348.15155
348.64278
349.08302
349.47808
349.833
318.32352
319.25598
321.00312
323.20678
325.62717
328.09452
330.49577
332.76192
334.85614
336.76376
338.48444
340.02646
341.40274
342.62821
343.71823
344.68761
345.55007
346.31809
347.00276
347.61392
348.16019
348.64912
349.08731
349.48052
349.83378
318.45595
319.38548
321.1269
323.32291
325.73439
328.19216
330.58369
332.84032
334.92549
336.8247
338.53767
340.0727
341.44268
342.66251
343.74749
344.71237
345.57082
346.33526
347.01674
347.62505
348.16877
348.65542
349.09157
349.48294
349.83455
318.58791
319.5145
321.25017
323.43852
325.84109
328.2893
330.67112
332.91827
334.99444
336.88527
338.59057
340.11865
341.48237
342.69659
343.77656
344.73697
345.59144
346.35233
347.03064
347.63611
348.1773
348.66169
349.0958
349.48535
349.83532
318.71941
319.64304
321.37295
323.55362
325.94727
328.38594
330.75807
332.99577
335.06298
336.94548
338.64316
340.16432
341.52181
342.73046
343.80545
344.76142
345.61193
346.36928
347.04444
347.64711
348.18578
348.66791
349.10001
349.48774
349.83609
318.85044
319.7711
321.49522
323.6682
326.05294
328.48209
330.84456
333.07284
335.13113
337.00534
338.69543
340.20971
341.56102
342.76412
343.83417
344.78572
345.63229
346.38614
347.05817
347.65803
348.1942
348.6741
349.10418
349.49012
349.83685
318.98101
319.89868
321.617
323.78228
326.15811
328.57773
330.93058
333.14948
335.19888
337.06485
338.74738
340.25483
341.59998
342.79758
343.8627
344.80987
345.65253
346.40288
347.0718
347.66889
348.20258
348.68024
349.10834
349.49249
349.83761
319.11111
320.02578
321.73828
323.89584
326.26277
328.67289
331.01613
333.22569
335.26625
337.124
338.79903
340.29967
341.63871
342.83083
343.89106
344.83387
345.67264
346.41953
347.08535
347.67968
348.2109
348.68635
349.11247
349.49484
349.83836
319.24074
320.1524
321.85906
324.0089
326.36692
328.76757
331.10123
333.30148
335.33322
337.18281
338.85036
340.34424
341.6772
342.86388
343.91925
344.85772
345.69263
346.43607
347.09882
347.6904
348.21916
348.69242
349.11657
349.49717
349.83911
319.3699
320.27854
321.97935
324.12146
326.47058
328.86176
331.18588
333.37685
335.39982
337.24128
338.9014
340.38855
341.71546
342.89673
343.94727
344.88142
345.7125
346.45251
347.11221
347.70106
348.22738
348.69846
349.12064
349.49949
349.83985
319.49859
320.40419
322.09914
324.23352
326.57375
328.95548
331.27007
333.4518
335.46604
337.29941
338.95214
340.4326
341.7535
342.92938
343.97511
344.90499
345.73224
346.46886
347.12551
347.71165
348.23555
348.70446
349.1247
349.5018
349.84059
319.62681
320.52937
322.21844
324.34508
326.67642
329.04872
331.35382
333.52634
335.53189
337.3572
339.00258
340.47639
341.79131
342.96184
344.00279
344.92841
345.75187
346.4851
347.13874
347.72218
348.24367
348.71042
349.12872
349.50409
349.84132
319.75456
320.65407
322.33725
324.45614
326.7786
329.14149
331.43713
333.60048
335.59737
337.41467
339.05272
340.51992
341.82889
342.9941
344.03031
344.95169
345.77138
346.50125
347.15188
347.73265
348.25174
348.71634
349.13273
349.50637
349.84205
319.88185
320.7783
322.45557
324.56671
326.8803
329.23379
331.52
333.67421
335.66248
337.4718
339.10258
340.56319
341.86625
343.02617
344.05766
344.97484
345.79077
346.51729
347.16495
347.74305
348.25976
348.72223
349.13671
349.50863
349.84277
320.00866
320.90204
322.5734
324.67679
326.98151
329.32564
331.60243
333.74754
335.72723
337.52862
339.15215
340.60622
341.9034
343.05806
344.08485
344.99784
345.81005
346.53325
347.17794
347.75339
348.26774
348.72809
349.14066
349.51089
349.8435
320.13499
321.0253
322.69075
324.78638
327.08224
329.41702
331.68443
333.82048
335.79162
337.58511
339.20144
340.64899
341.94033
343.08976
344.11188
345.02071
345.82921
346.54911
347.19085
347.76367
348.27567
348.73391
349.1446
349.51312
349.84421
320.26086
321.14809
322.80761
324.89548
327.1825
329.50794
331.76601
333.89302
335.85566
337.64129
339.25045
340.69152
341.97704
343.12127
344.13876
345.04345
345.84827
346.56488
347.20369
347.77389
348.28355
348.7397
349.14851
349.51535
349.84492
320.38626
321.2704
322.92398
325.0041
327.28229
329.59842
331.84717
333.96517
335.91934
337.69715
339.29918
340.73381
342.01354
343.1526
344.16547
345.06606
345.86721
346.58055
347.21645
347.78405
348.29138
348.74545
349.15239
349.51756
349.84563
320.51119
321.39223
323.03987
325.11224
327.3816
329.68844
331.9279
334.03694
335.98268
337.7527
339.34763
340.77586
342.04984
343.18375
344.19204
345.08853
345.88604
346.59614
347.22914
347.79416
348.29917
348.75117
349.15626
349.51976
349.84634
320.63564
321.51358
323.15528
325.21989
327.48045
329.77802
332.00822
334.10833
336.04568
337.80794
339.39582
340.81767
342.08593
343.21473
344.21845
345.11088
345.90476
346.61163
347.24176
347.8042
348.30691
348.75686
349.1601
349.52195
349.84703
320.75962
321.63446
323.27021
325.32707
327.57883
329.86716
332.08813
334.17934
336.10833
337.86288
339.44373
340.85924
342.12181
343.24552
344.24471
345.13309
345.92338
346.62704
347.2543
347.81418
348.31461
348.76251
349.16392
349.52412
349.84773
320.88314
321.75486
323.38466
325.43378
327.67675
329.95586
332.16763
334.24998
336.17064
337.91752
339.49138
340.90058
342.15749
343.27614
344.27082
345.15518
345.94189
346.64235
347.26677
347.82411
348.32227
348.76813
349.16772
349.52628
349.84842
321.00618
321.87479
323.49863
325.54001
327.77421
330.04412
332.24672
334.32024
336.23262
337.97186
339.53876
340.94169
342.19297
343.30659
344.29678
345.17715
345.96029
346.65758
347.27917
347.83399
348.32988
348.77372
349.17149
349.52843
349.84911
321.12875
321.99425
323.61213
325.64577
327.87121
330.13195
332.32541
334.39014
336.29426
338.0259
339.58588
340.98257
342.22825
343.33687
344.32259
345.19899
345.97859
346.67273
347.2915
347.8438
348.33745
348.77928
349.17525
349.53057
349.84979
321.25085
322.11323
323.72515
325.75106
327.96776
330.21935
332.4037
334.45967
336.35558
338.07965
339.63275
341.02322
342.26333
343.36698
344.34826
345.22071
345.99679
346.68779
347.30376
347.85356
348.34498
348.7848
349.17898
349.5327
349.85047
321.37248
322.23174
323.8377
325.85589
328.06386
330.30633
332.48159
334.52884
336.41657
338.13311
339.67936
341.06365
342.29822
343.39692
344.37379
345.2423
346.01488
346.70276
347.31595
347.86327
348.35246
348.7903
349.18269
349.53481
349.85115
321.49364
322.34978
323.94978
325.96025
328.15952
330.39288
332.55909
334.59765
336.47724
338.18628
339.72571
341.10386
342.33292
343.42669
344.39918
345.26378
346.03287
346.71765
347.32807
347.87292
348.3599
348.79576
349.18639
349.53691
349.85182
321.61434
322.46735
324.06139
326.06415
328.25472
330.47901
332.6362
334.66611
336.53759
338.23917
339.77181
341.14385
342.36742
343.4563
344.42442
345.28513
346.05077
346.73246
347.34013
347.88252
348.3673
348.8012
349.19006
349.539
349.85249
321.73456
322.58445
324.17253
326.16759
328.34949
330.56472
332.71293
334.73421
336.59762
338.29177
339.81767
341.18362
342.40174
343.48575
344.44953
345.30637
346.06856
346.74718
347.35211
347.89206
348.37466
348.8066
349.19371
349.54108
349.85316
321.85432
322.70108
324.2832
326.27057
328.44381
330.65002
332.78927
334.80196
336.65734
338.3441
339.86328
341.22317
342.43587
343.51503
344.47449
345.32749
346.08626
346.76183
347.36404
347.90155
348.38198
348.81198
349.19734
349.54314
349.85382
321.97361
322.81724
324.39341
326.3731
328.5377
330.7349
332.86523
334.86937
336.71674
338.39614
339.90864
341.26251
342.46982
343.54416
344.49933
345.3485
346.10386
346.77639
347.37589
347.91099
348.38926
348.81732
349.20095
349.5452
349.85447
322.09244
322.93294
324.50316
326.47517
328.63115
330.81938
332.94081
334.93643
336.77584
338.44792
339.95376
341.30164
342.50358
343.57313
344.52402
345.36939
346.12136
346.79088
347.38769
347.92038
348.3965
348.82263
349.20454
349.54724
349.85513
322.21079
323.04817
324.61244
326.5768
328.72417
330.90345
333.01602
335.00315
336.83463
338.49942
339.99865
341.34056
342.53716
343.60194
344.54858
345.39017
346.13877
346.80528
347.39941
347.92972
348.4037
348.82792
349.20811
349.54928
349.85578
322.32869
323.16294
324.72127
326.67797
328.81676
330.98712
333.09085
335.06954
336.89312
338.55065
340.04329
341.37928
342.57056
343.6306
344.57301
345.41084
346.15608
346.81961
347.41108
347.939
348.41086
348.83318
349.21167
349.5513
349.85643
322.44611
323.27724
324.82963
326.7787
328.90893
331.07038
333.16532
335.13558
336.9513
338.60162
340.0877
341.41778
342.60378
343.6591
344.59731
345.43139
346.17331
346.83386
347.42268
347.94824
348.41798
348.83841
349.2152
349.55331
349.85707
322.56308
323.39108
324.93754
326.87898
329.00067
331.15325
333.23942
335.2013
337.00919
338.65231
340.13188
341.45609
342.63683
343.68745
344.62148
345.45184
346.19043
346.84804
347.43422
347.95742
348.42506
348.84361
349.21871
349.55531
349.85771
322.67958
323.50446
325.04499
326.97882
329.09198
331.23573
333.31315
335.26668
337.06678
338.70275
340.17582
341.49419
342.6697
343.71565
344.64552
345.47217
346.20747
346.86213
347.44569
347.96656
348.43211
348.84878
349.22221
349.5573
349.85835
322.79562
323.61738
325.15199
327.07822
329.18288
331.31781
333.38652
335.33174
337.12408
338.75293
340.21954
341.53209
342.70239
343.7437
344.66943
345.4924
346.22442
346.87616
347.45711
347.97565
348.43912
348.85393
349.22568
349.55928
349.85898
322.9112
323.72983
325.25854
327.17718
329.27336
331.3995
333.45954
335.39647
337.18108
338.80284
340.26302
341.56979
342.73492
343.7716
344.69322
345.51252
346.24127
346.8901
347.46847
347.98469
348.44609
348.85905
349.22914
349.56125
349.85961
323.02631
323.84184
325.36463
327.27571
329.36343
331.4808
333.5322
335.46088
337.2378
338.8525
340.30629
341.6073
342.76727
343.79936
344.71688
345.53253
346.25804
346.90398
347.47976
347.99368
348.45302
348.86414
349.23258
349.5632
349.86024
323.14097
323.95338
325.47028
327.3738
329.45308
331.56172
333.6045
335.52497
337.29423
338.90191
340.34933
341.64461
342.79945
343.82697
344.74041
345.55244
346.27472
346.91778
347.491
348.00263
348.45992
348.8692
349.236
349.56515
349.86086
323.25517
324.06447
325.57548
327.47145
329.54232
331.64225
333.67646
335.58874
337.35037
338.95107
340.39214
341.68173
342.83147
343.85444
344.76383
345.57224
346.29131
346.93151
347.50217
348.01153
348.46678
348.87424
349.23941
349.56709
349.86148
323.36891
324.17511
325.68023
327.56868
329.63115
331.72241
333.74806
335.6522
337.40624
338.99997
340.43474
341.71866
342.86332
343.88176
344.78712
345.59194
346.30781
346.94517
347.51329
348.02038
348.4736
348.87925
349.24279
349.56901
349.8621
323.4822
324.28529
325.78454
327.66548
329.71958
331.80219
333.81932
335.71534
337.46182
339.04863
340.47712
341.75539
342.89501
343.90894
344.81028
345.61154
346.32423
346.95875
347.52435
348.02918
348.48039
348.88423
349.24616
349.57093
349.86271
323.59503
324.39502
325.88841
327.76186
329.80761
331.88159
333.89024
335.77817
337.51713
339.09704
340.51929
341.79194
342.92653
343.93598
344.83333
345.63104
346.34056
346.97227
347.53535
348.03794
348.48715
348.88919
349.24951
349.57284
349.86332
323.70741
324.5043
325.99184
327.85781
329.89523
331.96062
333.96082
335.8407
337.57216
339.14521
340.56124
341.8283
342.95789
343.96288
344.85626
345.65043
346.35681
346.98571
347.5463
348.04665
348.49387
348.89413
349.25284
349.57474
349.86393
323.81933
324.61313
326.09483
327.95333
329.98246
332.03928
334.03105
335.90292
337.62692
339.19313
340.60298
341.86448
342.98909
343.98965
344.87908
345.66973
346.37298
346.99909
347.55719
348.05532
348.50055
348.89904
349.25616
349.57662
349.86453
323.9308
324.72151
326.19738
328.04844
330.06929
332.11757
334.10095
335.96483
337.68141
339.24082
340.64451
341.90047
343.02014
344.01627
344.90177
345.68892
346.38906
347.01239
347.56802
348.06395
348.5072
348.90392
349.25946
349.5785
349.86513
324.04182
324.82945
326.29949
328.14313
330.15572
332.1955
334.17052
336.02644
337.73562
339.28827
340.68582
341.93628
343.05102
344.04276
344.92435
345.70802
346.40506
347.02563
347.5788
348.07253
348.51382
348.90878
349.26274
349.58037
349.86573
324.15239
324.93694
326.40117
328.2374
330.24176
332.27306
334.23975
336.08776
337.78957
339.33548
340.72693
341.97191
343.08175
344.06912
344.94681
345.72702
346.42097
347.0388
347.58952
348.08106
348.5204
348.91361
349.26601
349.58223
349.86632
324.26251
325.04398
326.50242
328.33126
330.32742
332.35026
334.30865
336.14877
337.84326
339.38246
340.76784
342.00736
343.11232
344.09534
344.96917
345.74593
346.43681
347.05191
347.60019
348.08956
348.52695
348.91842
349.26925
349.58408
349.86691
324.37218
325.15059
326.60324
328.42471
330.41268
332.4271
334.37723
336.20949
337.89668
339.4292
340.80854
342.04263
343.14274
344.12143
344.9914
345.76473
346.45257
347.06495
347.6108
348.09801
348.53346
348.9232
349.27249
349.58592
349.8675
324.4814
325.25675
326.70363
328.51774
330.49756
332.50359
334.44548
336.26992
337.94984
339.47571
340.84904
342.07773
343.173
344.14739
345.01353
345.78345
346.46824
347.07792
347.62136
348.10641
348.53994
348.92796
349.2757
349.58775
349.86809
324.59018
325.36248
326.80359
328.61037
330.58205
332.57972
334.51341
336.33006
338.00274
339.522
340.88934
342.11265
343.20312
344.17322
345.03554
345.80207
346.48384
347.09082
347.63187
348.11478
348.54639
348.93269
349.2789
349.58957
349.86867
324.69852
325.46776
326.90313
328.70259
330.66616
332.65549
334.58101
336.38991
338.05538
339.56805
340.92943
342.1474
343.23308
344.19892
345.05744
345.82059
346.49936
347.10366
347.64232
348.1231
348.55281
348.93741
349.28208
349.59138
349.86925
324.80641
325.57261
327.00224
328.7944
330.7499
332.73092
334.6483
336.44947
338.10777
339.61388
340.96933
342.18197
343.26289
344.22449
345.07924
345.83902
346.5148
347.11644
347.65272
348.13138
348.55919
348.94209
349.28525
349.59318
349.86983
324.91386
325.67702
327.10093
328.88582
330.83325
332.806
334.71527
336.50874
338.15991
339.65949
341.00904
342.21637
343.29256
344.24993
345.10092
345.85736
346.53016
347.12915
347.66307
348.13962
348.56555
348.94676
349.2884
349.59497
349.8704
325.02087
325.781
327.19919
328.97683
330.91623
332.88073
334.78193
336.56773
338.21179
339.70487
341.04855
342.25061
343.32208
344.27525
345.1225
345.87561
346.54545
347.1418
347.67337
348.14781
348.57187
348.9514
349.29154
349.59676
349.87097
325.12745
325.88455
327.29704
329.06744
330.99884
332.95512
334.84827
336.62645
338.26342
339.75004
341.08786
342.28467
343.35145
344.30044
345.14397
345.89377
346.56066
347.15439
347.68361
348.15597
348.57816
348.95602
349.29466
349.59854
349.87154
325.23358
325.98766
327.39447
329.15766
331.08107
333.02917
334.9143
336.68488
338.3148
339.79498
341.12698
342.31857
343.38068
344.32551
345.16533
345.91184
346.5758
347.16691
347.69381
348.16409
348.58441
348.96061
349.29776
349.6003
349.87211
325.33928
326.09034
327.49149
329.24748
331.16294
333.10287
334.98002
336.74303
338.36594
339.83971
341.16592
342.3523
343.40976
344.35045
345.18659
345.92982
346.59086
347.17937
347.70395
348.17216
348.59064
348.96518
349.30085
349.60206
349.87267
325.44454
326.1926
327.58809
329.33691
331.24444
333.17624
335.04544
336.80091
338.41683
339.88422
341.20466
342.38587
343.43871
344.37527
345.20774
345.94771
346.60584
347.19177
347.71405
348.1802
348.59684
348.96973
349.30393
349.60381
349.87323
325.54936
326.29443
327.68428
329.42594
331.32557
333.24927
335.11055
336.85852
338.46748
339.92851
341.24321
342.41927
343.46751
344.39997
345.22879
345.96551
346.62076
347.20411
347.72409
348.1882
348.603
348.97426
349.30698
349.60555
349.87379
325.65376
326.39583
327.78006
329.51459
331.40634
333.32197
335.17535
336.91585
338.51788
339.97259
341.28158
342.45251
343.49617
344.42455
345.24974
345.98322
346.6356
347.21639
347.73409
348.19615
348.60914
348.97877
349.31003
349.60728
349.87434
325.75772
326.49681
327.87543
329.60284
331.48674
333.39433
335.23986
336.97291
338.56805
340.01647
341.31976
342.48559
343.52469
344.44901
345.27058
346.00085
346.65036
347.22861
347.74403
348.20407
348.61524
348.98325
349.31306
349.60901
349.87489
325.86126
326.59737
327.97039
329.69071
331.56679
333.46637
335.30406
337.02971
338.61798
340.06013
341.35776
342.51851
343.55307
344.47335
345.29132
346.01839
346.66506
347.24077
347.75393
348.21195
348.62132
348.98771
349.31607
349.61072
349.87544
325.96436
326.6975
328.06494
329.7782
331.64648
333.53807
335.36797
337.08623
338.66767
340.10358
341.39558
342.55127
343.58131
344.49757
345.31196
346.03585
346.67968
347.25287
347.76378
348.21979
348.62736
348.99215
349.31907
349.61243
349.87599
326.06704
326.79722
328.15909
329.8653
331.72581
333.60945
335.43158
337.14249
338.71712
340.14682
341.43321
342.58387
343.60942
344.52167
345.3325
346.05322
346.69423
347.26491
347.77358
348.22759
348.63338
348.99657
349.32205
349.61413
349.87653
326.1693
326.89652
328.25285
329.95203
331.80479
333.68051
335.49491
337.1985
338.76635
340.18986
341.47067
342.61632
343.63739
344.54566
345.35295
346.07051
346.70871
347.27689
347.78333
348.23536
348.63937
349.00096
349.32502
349.61582
349.87707
326.27109
326.99536
328.34616
330.03835
331.88339
333.75121
335.55791
337.25422
338.81532
340.23268
341.50793
342.6486
343.66522
344.56952
345.37328
346.08771
346.72312
347.28881
347.79304
348.24308
348.64533
349.00534
349.32798
349.6175
349.87761
326.37266
327.094
328.43926
330.12446
331.96179
333.82174
335.62075
337.30978
338.86416
340.27538
341.54509
342.68078
343.69297
344.59331
345.39355
346.10485
346.73748
347.30069
347.80271
348.25078
348.65126
349.00969
349.33092
349.61918
349.87815
326.4729
327.19132
328.53113
330.20942
332.03916
333.89133
335.68275
337.36461
338.91235
340.31752
341.58176
342.71255
343.72036
344.61681
345.41358
346.12179
346.75167
347.31243
347.81227
348.25839
348.65713
349.014
349.33383
349.62083
349.87868
326.5767
327.2921
328.62624
330.29736
332.1192
333.9633
335.74686
337.42129
338.96214
340.36104
341.61962
342.74534
343.74861
344.64102
345.43421
346.13923
346.76627
347.32451
347.82209
348.26621
348.66316
349.01843
349.33682
349.62253
349.87922
326.66282
327.37574
328.7052
330.37041
332.18572
334.02316
335.80021
337.46849
339.00365
340.39735
341.65124
342.77275
343.77227
344.66134
345.45154
346.15391
346.77859
347.33471
347.83041
348.27285
348.66828
349.02219
349.33937
349.62398
349.87968
326.82317
327.53139
328.85205
330.50614
332.30923
334.13418
335.89906
337.55584
339.08036
340.46437
341.70951
342.82318
343.8157
344.69853
345.48319
346.18063
346.80093
347.35317
347.84541
348.28477
348.67746
349.02892
349.34391
349.62657
349.88051
)
;

boundaryField
{
    inlet
    {
        type            fixedValue;
        value           uniform 300;
    }
    outlet
    {
        type            inletOutlet;
        inletValue      uniform 300;
        value           nonuniform List<scalar> 
25
(
326.82317
327.53139
328.85205
330.50614
332.30923
334.13418
335.89906
337.55584
339.08036
340.46437
341.70951
342.82318
343.8157
344.69853
345.48319
346.18063
346.80093
347.35317
347.84541
348.28477
348.67746
349.02892
349.34391
349.62657
349.88051
)
;
    }
    wall
    {
        type            fixedValue;
        value           uniform 350;
    }
    front
    {
        type            wedge;
    }
    back
    {
        type            wedge;
    }
    axis
    {
        type            empty;
    }
}


// ************************************************************************* //
