/*--------------------------------*- C++ -*----------------------------------*\
| =========                 |                                                 |
| \\      /  F ield         | OpenFOAM: The Open Source CFD Toolbox           |
|  \\    /   O peration     | Version:  v2012                                 |
|   \\  /    A nd           | Website:  www.openfoam.com                      |
|    \\/     M anipulation  |                                                 |
\*---------------------------------------------------------------------------*/
FoamFile
{
    version     2.0;
    format      ascii;
    class       volScalarField;
    location    "2000";
    object      alphat;
}
// * * * * * * * * * * * * * * * * * * * * * * * * * * * * * * * * * * * * * //

dimensions      [1 -1 -1 0 0 0 0];


internalField   nonuniform List<scalar> 
6250
(
0.00068980702
0.00068983185
0.00068993567
0.00069009644
0.0006902902
0.00069047475
0.0006905353
0.00069019047
0.00068882002
0.00068518602
0.00067705212
0.00066079132
0.00063123824
0.00058228564
0.00050891006
0.00041101615
0.00029765265
0.00018751645
0.00010087254
4.6653821e-05
1.9115776e-05
7.2175911e-06
2.5979953e-06
1.0088883e-06
6.0567323e-07
0.00068918912
0.00068929268
0.00068951197
0.0006898252
0.00069014748
0.00069028586
0.00068978409
0.00068768037
0.00068217499
0.00067029856
0.00064780974
0.00060968685
0.00055156156
0.00047206768
0.00037528249
0.00027160537
0.00017541252
9.9500109e-05
4.9317704e-05
2.1679868e-05
8.8640974e-06
3.5346997e-06
1.2286917e-06
2.7027159e-07
1.0249432e-07
0.00068816693
0.00068831882
0.00068860537
0.00068895436
0.00068915898
0.00068875227
0.00068676243
0.00068140254
0.00066980733
0.00064805268
0.00061175529
0.00055741062
0.00048421573
0.00039560624
0.00029951868
0.00020678771
0.0001279821
6.9922658e-05
3.3640855e-05
1.4909994e-05
6.7543909e-06
2.8531443e-06
1.0433837e-06
1.2827124e-07
4.7426836e-08
0.00068695898
0.00068713887
0.00068744496
0.00068770429
0.00068751646
0.00068604028
0.00068171112
0.00067199637
0.00065339945
0.00062196298
0.00057437943
0.00050946651
0.00042939316
0.00033996475
0.00024963448
0.00016749451
0.00010095043
5.3898953e-05
2.5922389e-05
1.2379881e-05
5.8494023e-06
2.7964093e-06
1.0357392e-06
1.0163684e-07
3.6795145e-08
0.00068571787
0.00068590474
0.00068617116
0.00068620048
0.00068533164
0.00068229632
0.00067497191
0.00066031524
0.00063470392
0.00059480915
0.00053883648
0.00046765336
0.00038523871
0.00029815633
0.00021420401
0.0001407269
8.3141188e-05
4.3953216e-05
2.1936846e-05
1.1398127e-05
5.9234025e-06
3.0637582e-06
1.064449e-06
9.4790445e-08
3.2827769e-08
0.00068444453
0.0006846068
0.00068474897
0.00068437354
0.00068251546
0.00067748147
0.00066670809
0.00064692916
0.00061480907
0.00056797765
0.00050610971
0.00043155595
0.00034919718
0.00026555618
0.00018751654
0.00012109512
7.0553885e-05
3.76211e-05
2.0116525e-05
1.1070899e-05
6.5071361e-06
3.4481355e-06
1.1251717e-06
9.2743882e-08
2.9397567e-08
0.00068313447
0.00068323473
0.00068315213
0.00068218132
0.00067903789
0.00067165129
0.00065717572
0.00063238803
0.00059450551
0.00054219497
0.00047635145
0.00040027973
0.00031919226
0.00023924434
0.00016648198
0.00010602143
6.1460816e-05
3.3816011e-05
1.973967e-05
1.1840284e-05
7.3460877e-06
3.9179052e-06
1.2202017e-06
9.422896e-08
2.6876483e-08
0.00068178432
0.00068177813
0.00068135992
0.00067960238
0.00067491305
0.00066492401
0.00064667386
0.00061718995
0.00057437246
0.00051785415
0.00044945441
0.00037302861
0.00029380072
0.00021747214
0.00014943144
9.4229897e-05
5.4999192e-05
3.1836038e-05
1.974884e-05
1.322305e-05
8.3599781e-06
4.468699e-06
1.3440313e-06
9.8478044e-08
2.5236665e-08
0.00068037737
0.00068021413
0.00067934342
0.00067661667
0.00067016736
0.00065742696
0.00063546935
0.00060171119
0.00055476385
0.0004950856
0.00042514999
0.00034908283
0.00027195679
0.00019904048
0.00013524759
8.4773139e-05
5.02515e-05
3.1224985e-05
2.0988002e-05
1.4965539e-05
9.5080334e-06
5.0903514e-06
1.4908019e-06
1.0472536e-07
2.4127593e-08
0.00067889124
0.00067851705
0.00067707697
0.00067321616
0.00066484436
0.00064929221
0.00062379087
0.00058622257
0.00053587332
0.00047386747
0.00040311382
0.00032782896
0.00025287268
0.00018316248
0.00012331839
7.7308892e-05
4.7145251e-05
3.1308273e-05
2.2848445e-05
1.6922037e-05
1.0757207e-05
5.766593e-06
1.6549051e-06
1.1245095e-07
2.3389376e-08
0.00067730364
0.00067666383
0.00067454299
0.0006694072
0.00065900203
0.00064065017
0.00061182896
0.00057091275
0.00051778991
0.00045409824
0.00038301379
0.00030873225
0.00023588649
0.00016911972
0.00011285241
7.076232e-05
4.5255199e-05
3.1237147e-05
2.4389644e-05
1.8942233e-05
1.2060405e-05
6.4693595e-06
1.8271257e-06
1.2103295e-07
2.2944908e-08
0.00067559311
0.00067463445
0.00067173105
0.0006652063
0.00065270445
0.00063162005
0.00059973384
0.00055590348
0.0005005325
0.00043563944
0.00036454775
0.00029137779
0.00022057358
0.00015662793
0.00010390528
6.5812957e-05
4.4473888e-05
3.1873981e-05
2.6052185e-05
2.0900368e-05
1.3356092e-05
7.1630139e-06
1.9959627e-06
1.2972068e-07
2.2706406e-08
0.00067373958
0.00067241225
0.00066863711
0.0006606372
0.00064601675
0.00062230604
0.00058761948
0.00054126624
0.00048407575
0.00041833727
0.00034743795
0.00027539837
0.00020651289
0.00014518603
9.5685442e-05
6.2179273e-05
4.4874615e-05
3.3011564e-05
2.775183e-05
2.272187e-05
1.459171e-05
7.8152228e-06
2.1515034e-06
1.3785464e-07
2.2590841e-08
0.00067172536
0.00066998451
0.000665263
0.00065572881
0.00063900236
0.00061279729
0.00057557048
0.00052703786
0.00046837081
0.00040204242
0.00033145099
0.00026052301
0.00019347069
0.00013471003
8.8458371e-05
5.9641679e-05
4.4421456e-05
3.4470376e-05
2.9460395e-05
2.4160103e-05
1.5708233e-05
8.3983183e-06
2.2855531e-06
1.4488147e-07
2.2531712e-08
0.00066953563
0.00066734257
0.00066161563
0.00065051326
0.00063172124
0.000603169
0.00056364904
0.00051323367
0.00045336291
0.00038663103
0.00031642741
0.00024662744
0.0001814678
0.00012549339
8.2985081e-05
5.8365548e-05
4.4508095e-05
3.6108428e-05
3.1133234e-05
2.534567e-05
1.667994e-05
8.8974973e-06
2.3946258e-06
1.505311e-07
2.2478719e-08
0.00066715883
0.00066448166
0.000657706
0.00064502431
0.00062422871
0.00059348376
0.00055189979
0.00049985428
0.00043899288
0.00037198345
0.00030219146
0.00023345227
0.00017001069
0.00011636178
7.8458939e-05
5.8386196e-05
4.5133403e-05
3.7820818e-05
3.2741692e-05
2.6439163e-05
1.7517171e-05
9.3150481e-06
2.4808188e-06
1.5488428e-07
2.2404329e-08
0.00066458679
0.0006614008
0.00065354835
0.00063929596
0.00061657468
0.00058379256
0.00054035323
0.00048689034
0.0004252036
0.00035800368
0.00028863955
0.00022096248
0.00015933791
0.00010840405
7.5151187e-05
5.913833e-05
4.618583e-05
3.9548293e-05
3.4255377e-05
2.745028e-05
1.8240863e-05
9.6635097e-06
2.5487892e-06
1.5819864e-07
2.2303444e-08
0.00066181491
0.00065810255
0.00064915941
0.00063336149
0.00060880327
0.00057413612
0.00052902892
0.00047432755
0.00041194738
0.00034463116
0.00027574565
0.00020924385
0.00014971406
0.00010211647
7.3163663e-05
5.9313016e-05
4.7540779e-05
4.1291984e-05
3.5684275e-05
2.8387643e-05
1.8873367e-05
9.9579917e-06
2.6033546e-06
1.6075651e-07
2.2183581e-08
0.00065884197
0.00065459252
0.00064455755
0.00062725264
0.00060095272
0.00056454595
0.00051793711
0.00046214544
0.00039917132
0.00033177912
0.00026335615
0.00019792275
0.00014008368
9.6730305e-05
7.2511078e-05
5.9263551e-05
4.9071666e-05
4.3049975e-05
3.7050201e-05
2.9261945e-05
1.9434238e-05
1.0211803e-05
2.6484479e-06
1.6279351e-07
2.2054943e-08
0.00065566988
0.00065087897
0.0006397621
0.00062099899
0.00059305553
0.0005550455
0.00050708059
0.00045031997
0.00038682691
0.00031938827
0.00025144334
0.00018715602
0.00013132981
9.2481538e-05
7.2689153e-05
5.9664832e-05
5.0705824e-05
4.4795545e-05
3.8361755e-05
3.0082641e-05
1.9938844e-05
1.0435041e-05
2.6869099e-06
1.6448095e-07
2.19257e-08
0.00065230328
0.00064697221
0.00063479268
0.00061462762
0.00058513885
0.00054565167
0.00049645757
0.00043882949
0.00037488447
0.00030745576
0.00024010756
0.00017727252
0.00012408506
8.9504915e-05
7.3376376e-05
6.0463639e-05
5.2405998e-05
4.6494892e-05
3.9618714e-05
3.0856706e-05
2.0398503e-05
1.0634787e-05
2.720628e-06
1.6593214e-07
2.1801275e-08
0.00064874909
0.0006428841
0.00062966874
0.00060816301
0.00057722508
0.00053637602
0.00048606255
0.00042765063
0.00036330534
0.00029591592
0.00022916431
0.00016761152
0.00011789022
8.7845774e-05
7.4484957e-05
6.1587552e-05
5.4144722e-05
4.8136945e-05
4.0821353e-05
3.1589391e-05
2.0821491e-05
1.0815954e-05
2.7508289e-06
1.6721925e-07
2.1684863e-08
0.00064501613
0.00063862759
0.00062440915
0.00060162694
0.00056933231
0.00052722555
0.00047588629
0.00041675602
0.00035204148
0.00028468889
0.00021848936
0.00015811095
0.000112519
8.7254972e-05
7.5114971e-05
6.2947995e-05
5.5928386e-05
4.9733696e-05
4.1973244e-05
3.2284918e-05
2.1214015e-05
1.0982118e-05
2.7783569e-06
1.6839066e-07
2.1578365e-08
0.00064111462
0.00063421632
0.00061903194
0.0005950386
0.0005614749
0.00051820371
0.00046591826
0.00040612375
0.00034107486
0.00027381402
0.00020834897
0.0001497022
0.00010831726
8.7300596e-05
7.5282315e-05
6.4472884e-05
5.7762444e-05
5.1295824e-05
4.3078781e-05
3.2946694e-05
2.1580686e-05
1.1135911e-05
2.803815e-06
1.6947978e-07
2.1482487e-08
0.00063705588
0.00062966424
0.00061355409
0.00058841476
0.00055366411
0.00050931179
0.00045614931
0.00039574196
0.00033041325
0.00026335999
0.00019889147
0.00014260855
0.00010529828
8.7823409e-05
7.5773417e-05
6.6111248e-05
5.9616958e-05
5.2825568e-05
4.4142123e-05
3.3577587e-05
2.1924901e-05
1.1279274e-05
2.8276478e-06
1.7051016e-07
2.1396919e-08
0.00063285192
0.00062498533
0.00060799145
0.00058176994
0.00054590857
0.00050054895
0.00044656781
0.00038558607
0.00031999597
0.00025311237
0.00018933625
0.0001362585
0.00010352029
8.8754749e-05
7.6581956e-05
6.7827724e-05
6.145062e-05
5.4316857e-05
4.5165961e-05
3.4180019e-05
2.2249187e-05
1.1413611e-05
2.8501616e-06
1.7149725e-07
2.1321219e-08
0.00062851516
0.00062019339
0.00060235865
0.00057511656
0.00053821454
0.00049191204
0.00043715929
0.00037562729
0.00030977542
0.00024303669
0.00017996485
0.00013067929
0.00010267265
9.0056731e-05
7.7652285e-05
6.9598866e-05
6.3259058e-05
5.5766793e-05
4.6151649e-05
3.4755809e-05
2.2555428e-05
1.1539904e-05
2.871538e-06
1.7244911e-07
2.125472e-08
0.00062405817
0.00061530182
0.00059666911
0.0005684652
0.00053058635
0.00048339694
0.000427912
0.00036585564
0.00029978396
0.00023334578
0.00017149828
0.00012614512
0.00010243786
9.1680308e-05
7.8949995e-05
7.1402636e-05
6.5034529e-05
5.7173414e-05
4.7100049e-05
3.5306387e-05
2.2845162e-05
1.1658929e-05
2.8919046e-06
1.7337061e-07
2.1196735e-08
0.00061949347
0.00061032351
0.00059093502
0.0005618248
0.000523027
0.00047500006
0.00041882015
0.00035627936
0.00029008034
0.00022417932
0.00016417015
0.00012269928
0.00010267947
9.2135268e-05
8.0429508e-05
7.3276857e-05
6.6782334e-05
5.8534861e-05
4.8010992e-05
3.5832686e-05
2.3119625e-05
1.1771301e-05
2.9113462e-06
1.7426454e-07
2.1146842e-08
0.00061483333
0.00060527071
0.00058516744
0.00055520283
0.00051553824
0.00046671647
0.00040987131
0.0003468645
0.00028052202
0.00021493019
0.00015754555
0.00012043118
0.00010335859
9.2610016e-05
8.203583e-05
7.5206152e-05
6.8505596e-05
5.9850321e-05
4.8884202e-05
3.6335217e-05
2.3379693e-05
1.187746e-05
2.9299101e-06
1.7513144e-07
2.1104203e-08
0.00061008963
0.00060015499
0.00057937626
0.00054860542
0.00050812035
0.00045853889
0.00040104655
0.00033756774
0.00027102916
0.00020562763
0.00015154548
0.00011913779
0.00010444649
9.3303378e-05
8.3732282e-05
7.7160273e-05
7.0201239e-05
6.1120842e-05
4.9720197e-05
3.6814431e-05
2.3626058e-05
1.1977781e-05
2.9476443e-06
1.7597178e-07
2.1067802e-08
0.00060527379
0.00059498716
0.00057357032
0.00054203748
0.00050077256
0.00045046005
0.00039233477
0.00032839629
0.00026173766
0.00019691262
0.00014644088
0.00011849813
0.0001058819
9.4228806e-05
8.5494696e-05
7.9107511e-05
7.1861453e-05
6.2347029e-05
5.0519995e-05
3.7270896e-05
2.3859329e-05
1.2072587e-05
2.9645856e-06
1.767857e-07
2.1036909e-08
0.00060039666
0.0005897773
0.00056775747
0.00053550291
0.00049349388
0.00044247586
0.00038373995
0.00031940043
0.00025282701
0.00018913114
0.00014230618
0.00011835046
0.00010759177
9.5389103e-05
8.7306277e-05
8.1021769e-05
7.3477356e-05
6.3528769e-05
5.1284738e-05
3.770528e-05
2.408004e-05
1.2162139e-05
2.9807542e-06
1.7757241e-07
2.1010727e-08
0.00059546847
0.00058453468
0.00056194464
0.0005290049
0.00048628326
0.0004345829
0.00037525943
0.00031056073
0.00024410366
0.00018216861
0.00013919433
0.00011864362
0.00010953643
9.67558e-05
8.9149011e-05
8.2898539e-05
7.5044563e-05
6.4665923e-05
5.2015617e-05
3.8118442e-05
2.428881e-05
1.2246723e-05
2.9961815e-06
1.7833195e-07
2.0988674e-08
0.00059049881
0.00057926784
0.00055613792
0.0005225458
0.00047913831
0.00042677121
0.00036685842
0.00030173981
0.00023509207
0.00017566733
0.00013713975
0.0001193442
0.00011014207
9.8287766e-05
9.1074151e-05
8.4748467e-05
7.6561005e-05
6.5757956e-05
5.2713683e-05
3.8511383e-05
2.4486337e-05
1.2326638e-05
3.0108969e-06
1.7906475e-07
2.0970539e-08
0.0005854966
0.00057398458
0.00055034257
0.00051612701
0.00047205516
0.00041902898
0.00035851459
0.00029294435
0.00022616513
0.00016979821
0.00013586512
0.00012040851
0.00011075233
9.9932986e-05
9.3063895e-05
8.6578764e-05
7.8028682e-05
6.6805205e-05
5.3379852e-05
3.8885029e-05
2.467327e-05
1.2402151e-05
3.0249265e-06
1.79771e-07
2.0955802e-08
0.00058047009
0.00056869194
0.00054456307
0.00050974925
0.00046503017
0.00041135086
0.00035024257
0.00028430442
0.00021781056
0.00016475978
0.00013514323
0.00012179298
0.00011153223
0.00010166122
9.5087539e-05
8.8388213e-05
7.9450711e-05
6.7809263e-05
5.4015234e-05
3.9240294e-05
2.485029e-05
1.247358e-05
3.0383232e-06
1.8045232e-07
2.0943853e-08
0.00057542687
0.0005633963
0.00053880327
0.00050341303
0.00045806157
0.00040374104
0.00034208168
0.000275951
0.00021026108
0.00016059616
0.00013487444
0.00012346038
0.00011249889
0.00010345503
9.7120325e-05
9.0170923e-05
8.0829139e-05
6.8772361e-05
5.4621275e-05
3.957817e-05
2.5018111e-05
1.2541277e-05
3.0511507e-06
1.8111126e-07
2.0934354e-08
0.00057037389
0.00055810338
0.00053306644
0.00049711865
0.00045114746
0.00039619616
0.00033400448
0.00026765643
0.00020336591
0.00015737624
0.00013502982
0.00012538075
0.00011365066
0.0001053024
9.914514e-05
9.1920481e-05
8.2164729e-05
6.9696657e-05
5.5199597e-05
3.9899703e-05
2.5177436e-05
1.2605584e-05
3.0634713e-06
1.8175042e-07
2.0927024e-08
0.00056531748
0.00055281829
0.00052735527
0.00049086549
0.00044428181
0.00038869169
0.00032590649
0.00025905337
0.00019684247
0.00015512192
0.00013559348
0.00012750707
0.00011499817
0.00010718615
0.00010113342
9.3628034e-05
8.3457734e-05
7.0584269e-05
5.575191e-05
4.0205983e-05
2.5328957e-05
1.2666832e-05
3.0753484e-06
1.8237262e-07
2.092167e-08
0.00056026336
0.00054754551
0.00052167182
0.00048465191
0.00043745665
0.00038120872
0.00031778117
0.00025042498
0.00019084009
0.00015360851
0.00013652235
0.00012893608
0.00011651526
0.00010912758
0.00010308832
9.5288973e-05
8.4707792e-05
7.1437046e-05
5.6279968e-05
4.0498144e-05
2.5473354e-05
1.2725326e-05
3.0868379e-06
1.8298061e-07
2.0918355e-08
0.00055521666
0.00054228899
0.00051601755
0.00047847595
0.00043066702
0.00037375225
0.00030971988
0.00024219097
0.00018555193
0.00015263003
0.00013775894
0.00012963075
0.00011815946
0.00011114845
0.00010502337
9.6903275e-05
8.591452e-05
7.2256362e-05
5.6785374e-05
4.077725e-05
2.5611211e-05
1.27813e-05
3.0979756e-06
1.8357608e-07
2.0917087e-08
0.00055018198
0.00053705212
0.00051039359
0.00047233639
0.00042391403
0.00036634877
0.00030183761
0.0002345967
0.00018103976
0.00015208147
0.00013926249
0.00013044042
0.00011989404
0.00011322331
0.00010694384
9.8474202e-05
8.7078793e-05
7.304342e-05
5.7269479e-05
4.104423e-05
2.5743023e-05
1.2834949e-05
3.1087921e-06
1.8416026e-07
2.0917632e-08
0.0005451634
0.00053183784
0.00050480087
0.00046623262
0.0004171991
0.00035900338
0.00029407259
0.00022762805
0.00017734326
0.00015192335
0.00014100573
0.00013139531
0.00012169915
0.00011532612
0.00010884749
0.00010000505
8.8202656e-05
7.3799634e-05
5.7733505e-05
4.1299937e-05
2.5869277e-05
1.2886476e-05
3.1193251e-06
1.8473475e-07
2.0919795e-08
0.00054016452
0.00052664866
0.00049923983
0.00046016207
0.00041050958
0.00035164323
0.00028605593
0.00022100561
0.00017454255
0.00015214958
0.00014296986
0.00013250562
0.00012356197
0.00011743731
0.00011072892
0.00010149774
8.9288557e-05
7.4526708e-05
5.8178667e-05
4.1545181e-05
2.5990453e-05
1.2936095e-05
3.1296126e-06
1.8530129e-07
2.0923498e-08
0.00053518849
0.00052148661
0.00049371017
0.00045411973
0.00040382697
0.00034421953
0.000277806
0.00021472695
0.00017252081
0.00015275008
0.00014513842
0.00013376875
0.00012547269
0.000119543
0.00011258254
0.00010295305
9.0338773e-05
7.5226466e-05
5.8606189e-05
4.1780733e-05
2.6106994e-05
1.2983998e-05
3.1396895e-06
1.8586147e-07
2.0928642e-08
0.00053023799
0.00051635323
0.00048821095
0.00044810045
0.00039714339
0.00033676526
0.00026965919
0.0002089832
0.00017108411
0.00015370062
0.00014749255
0.00013517965
0.00012741817
0.00012163116
0.00011440355
0.00010437126
9.1355246e-05
7.5900687e-05
5.9017294e-05
4.2007336e-05
2.6219314e-05
1.3030347e-05
3.1495537e-06
1.8641695e-07
2.0935142e-08
0.0005253153
0.00051124967
0.00048274114
0.00044210173
0.00039046765
0.000329363
0.00026190752
0.00020389714
0.00017010472
0.0001549546
0.00014917137
0.0001367454
0.00012941827
0.00012368812
0.00011618516
0.00010575204
9.2339733e-05
7.6551109e-05
5.9413201e-05
4.2225723e-05
2.6327801e-05
1.3075291e-05
3.1592699e-06
1.8696972e-07
2.0943105e-08
0.00052042229
0.00050617679
0.00047730014
0.00043612474
0.00038381936
0.00032208824
0.00025470526
0.00019950692
0.00016951531
0.00015645971
0.00015001428
0.00013843855
0.00013150028
0.00012572395
0.00011792488
0.00010709453
9.3293511e-05
7.7179321e-05
5.9795048e-05
4.2436521e-05
2.6432724e-05
1.3118891e-05
3.1688887e-06
1.8752173e-07
2.0952619e-08
0.00051556053
0.00050113525
0.00047188732
0.00043016842
0.00037718797
0.00031480678
0.00024796627
0.00019587169
0.0001692877
0.00015818447
0.00015093849
0.00014022203
0.00013364194
0.0001277478
0.00011962535
0.00010839881
9.421748e-05
7.7786615e-05
6.0163811e-05
4.2640271e-05
2.6534364e-05
1.3161308e-05
3.1783952e-06
1.880721e-07
2.0963533e-08
0.00051073124
0.00049612529
0.00046650067
0.00042422234
0.00037051495
0.00030724068
0.00024147396
0.00019304214
0.00016941419
0.00016010984
0.00015197509
0.00014207516
0.00013581889
0.00012976005
0.00012129006
0.00010966628
9.5112606e-05
7.8374046e-05
6.0520334e-05
4.2837468e-05
2.6632977e-05
1.3202673e-05
3.1878086e-06
1.8862171e-07
2.0975745e-08
0.00050593531
0.00049114665
0.00046113662
0.00041827304
0.00036376735
0.00029945204
0.00023527238
0.00019090107
0.00016988324
0.00016222215
0.00015313773
0.00014398503
0.00013801261
0.00013175699
0.00012292137
0.00011089896
9.5980139e-05
7.8942588e-05
6.0865322e-05
4.3028475e-05
2.6728665e-05
1.3243167e-05
3.1971631e-06
1.8917219e-07
2.0989239e-08
0.00050117322
0.00048619856
0.0004557913
0.00041231364
0.00035696821
0.00029170999
0.00022952792
0.00018928836
0.00017067465
0.00016450874
0.00015443038
0.00014594197
0.00014020935
0.00013373379
0.0001245204
0.00011209892
9.6821537e-05
7.949322e-05
6.1199445e-05
4.3213731e-05
2.6821747e-05
1.3282806e-05
3.2064577e-06
1.8972339e-07
2.1003966e-08
0.00049644518
0.00048128006
0.00045046219
0.00040634801
0.00035017672
0.00028425234
0.00022434902
0.00018809948
0.00017176539
0.00016695656
0.00015585048
0.0001479391
0.00014239954
0.00013568612
0.00012608747
0.0001132679
9.7638282e-05
8.0026931e-05
6.1523354e-05
4.3393656e-05
2.6912459e-05
1.332165e-05
3.2156989e-06
1.9027545e-07
2.1019831e-08
0.00049175112
0.00047639031
0.00044514898
0.0004003887
0.00034345552
0.00027722222
0.00021977604
0.00018728271
0.00017313308
0.00016955053
0.00015739822
0.00014996312
0.00014457225
0.00013760993
0.00012762274
0.00011440741
9.8431798e-05
8.0544716e-05
6.1837684e-05
4.3568615e-05
2.700105e-05
1.33598e-05
3.2249059e-06
1.908294e-07
2.1036807e-08
0.00048709085
0.00047152857
0.00043985134
0.00039443553
0.0003367456
0.00027059856
0.00021585703
0.0001868153
0.00017474082
0.00017103469
0.00015907021
0.0001520577
0.00014673004
0.00013950116
0.00012912535
0.00011551856
9.9203417e-05
8.1047551e-05
6.2143015e-05
4.3738897e-05
2.7087785e-05
1.3397369e-05
3.2340988e-06
1.9138642e-07
2.1055023e-08
0.00048246394
0.00046669344
0.00043456353
0.00038845112
0.00032981474
0.00026419534
0.00021266203
0.00018668737
0.00017655425
0.00017205879
0.0001608563
0.00015423158
0.00014887
0.00014135635
0.00013059428
0.00011660213
9.9954306e-05
8.1536349e-05
6.2439951e-05
4.3904911e-05
2.717275e-05
1.3434384e-05
3.2432777e-06
1.9194637e-07
2.1074483e-08
0.00047786955
0.00046188239
0.00042927546
0.00038239763
0.00032260898
0.00025797924
0.00021014012
0.00018688818
0.00017855163
0.00017314437
0.00016272673
0.00015646241
0.0001509996
0.00014317725
0.0001320294
0.00011765865
0.00010068541
8.2011932e-05
6.2729045e-05
4.4066957e-05
2.7256033e-05
1.3470862e-05
3.2524441e-06
1.9250914e-07
2.1095065e-08
0.00047330644
0.00045709219
0.00042397865
0.0003762725
0.00031530187
0.00025208359
0.00020815811
0.0001874003
0.0001807176
0.0001743196
0.00016466223
0.00015872875
0.00015312032
0.00014496683
0.00013343162
0.00011868869
0.00010139748
8.2474958e-05
6.3010687e-05
4.4225343e-05
2.7337765e-05
1.3506848e-05
3.2616045e-06
1.9307501e-07
2.1116712e-08
0.00046877301
0.00045231979
0.00041867043
0.00037010649
0.00030810565
0.00024663497
0.00020660535
0.00018820302
0.00018304011
0.00017559925
0.00016665093
0.00016101439
0.00015522958
0.00014672727
0.00013480248
0.00011969308
0.00010209118
8.2925995e-05
6.3285285e-05
4.4380301e-05
2.741806e-05
1.3542382e-05
3.2707643e-06
1.9364417e-07
2.1139399e-08
0.00046426763
0.00044756324
0.00041335531
0.00036394828
0.00030118143
0.00024169874
0.00020541682
0.00018927625
0.0001855086
0.00017698958
0.00016868451
0.00016330736
0.00015732356
0.00014845964
0.00013614362
0.00012067288
0.00010276722
8.33656e-05
6.3553272e-05
4.4532001e-05
2.7496994e-05
1.3577493e-05
3.2799257e-06
1.9421663e-07
2.1163084e-08
0.00045978888
0.00044282189
0.00040804093
0.00035782918
0.00029461068
0.00023730316
0.00020456052
0.00019060223
0.00018811298
0.00017849251
0.00017075642
0.00016559836
0.00015939833
0.00015016428
0.00013745646
0.00012162919
0.00010342637
8.3794331e-05
6.3815023e-05
4.4680614e-05
2.7574636e-05
1.3612203e-05
3.2890896e-06
1.9479232e-07
2.1187734e-08
0.00045533533
0.00043809412
0.00040271984
0.00035165434
0.00028832267
0.00023350096
0.00020402536
0.00019216602
0.0001908432
0.00018010541
0.00017286186
0.00016788087
0.00016145065
0.00015184112
0.00013874217
0.00012256315
0.00010406935
8.4212601e-05
6.4070909e-05
4.4826342e-05
2.7651064e-05
1.3646537e-05
3.2982578e-06
1.9537119e-07
2.1213272e-08
0.00045090491
0.00043337465
0.00039736201
0.00034525285
0.00028217349
0.00023033817
0.00020381066
0.00019395256
0.00019353678
0.00018183048
0.00017499319
0.0001701463
0.00016347715
0.00015349011
0.00014000179
0.00012347577
0.00010469693
8.4620963e-05
6.4321231e-05
4.4969359e-05
2.7726373e-05
1.3680537e-05
3.3074388e-06
1.9595375e-07
2.1239701e-08
0.00044649459
0.00042865567
0.00039194127
0.00033861171
0.00027617057
0.00022776345
0.0002039093
0.0001959279
0.00019476228
0.00018366374
0.00017721119
0.00017240287
0.00016547417
0.00015510986
0.00014123592
0.00012436805
0.00010530989
8.5019977e-05
6.45663e-05
4.5109834e-05
2.7800648e-05
1.3714231e-05
3.3166352e-06
1.965402e-07
2.1267126e-08
0.00044210073
0.0004239303
0.00038645477
0.00033186556
0.00027043352
0.00022567353
0.00020430638
0.00019807349
0.00019599829
0.00018558363
0.00017950323
0.00017465357
0.00016744105
0.00015669926
0.00014244478
0.00012524079
0.00010590898
8.5410152e-05
6.4806388e-05
4.5247883e-05
2.7873923e-05
1.3747623e-05
3.3258424e-06
1.9713005e-07
2.1295482e-08
0.0004377198
0.00041919524
0.00038092214
0.00032517681
0.00026507287
0.00022398141
0.00020498297
0.00020037318
0.00019728506
0.00018757872
0.00018184628
0.00017689551
0.00016937858
0.00015825833
0.00014362862
0.00012609462
0.00010649479
8.5791935e-05
6.5041751e-05
4.5383609e-05
2.7946233e-05
1.3780719e-05
3.3350617e-06
1.9772331e-07
2.1324664e-08
0.00043334922
0.00041445196
0.00037537682
0.00031867676
0.00026015168
0.00022263234
0.0002059201
0.00020281425
0.00019864775
0.00018963301
0.00018422188
0.00017913022
0.00017128894
0.00015978783
0.0001447878
0.00012693003
0.00010706788
8.6165724e-05
6.5272599e-05
4.5517115e-05
2.8017621e-05
1.3813537e-05
3.3442947e-06
1.9831999e-07
2.1354653e-08
0.00042898777
0.00040970561
0.00036985124
0.00031244887
0.00025569704
0.00022159626
0.00020710076
0.00020538646
0.00020010011
0.00019173657
0.00018661653
0.00018135572
0.00017317378
0.00016128898
0.00014592295
0.00012774752
0.00010762874
8.6531861e-05
6.5499126e-05
4.5648494e-05
2.8088127e-05
1.3846092e-05
3.3535416e-06
1.9892004e-07
2.1385424e-08
0.00042463443
0.00040495578
0.00036431033
0.00030647533
0.00025174356
0.00022085936
0.00020851047
0.00020808118
0.0002016487
0.00019388243
0.00018902017
0.0001835689
0.00017503394
0.00016276304
0.00014703488
0.00012854766
0.00010817774
8.6890652e-05
6.5721514e-05
4.5777834e-05
2.815779e-05
1.3878394e-05
3.3628026e-06
1.9952338e-07
2.1416946e-08
0.00042028574
0.0004001866
0.00035863314
0.0003006424
0.00024833808
0.00022041793
0.00021013723
0.00021089061
0.00020329603
0.00019606511
0.00019142489
0.00018576651
0.00017686964
0.00016421112
0.00014812446
0.000129331
0.00010871534
8.7242381e-05
6.5939931e-05
4.5905222e-05
2.8226645e-05
1.3910454e-05
3.3720772e-06
2.001299e-07
2.144919e-08
0.00041593515
0.00039537579
0.00035274804
0.00029489694
0.00024547486
0.00022027062
0.00021197071
0.00021380729
0.00020504125
0.00019828065
0.00019382478
0.0001879456
0.00017868076
0.00016563414
0.00014919255
0.00013009814
0.00010924194
8.7587307e-05
6.6154527e-05
4.603073e-05
2.829472e-05
1.3942281e-05
3.3813641e-06
2.0073946e-07
2.1482118e-08
0.0004115752
0.00039051065
0.00034670311
0.00028930427
0.00024308892
0.00022041313
0.00021400126
0.00021682333
0.00020688349
0.00020052171
0.00019621365
0.00019010361
0.00018046715
0.00016703288
0.00015024001
0.00013084972
0.00010975797
8.7925673e-05
6.6365443e-05
4.6154431e-05
2.8362049e-05
1.3973884e-05
3.3906645e-06
2.0135204e-07
2.1515692e-08
0.00040720026
0.00038559407
0.00034060817
0.0002839672
0.00024110621
0.00022083579
0.00021620964
0.00021919683
0.00020882448
0.00020280898
0.00019859011
0.0001922374
0.0001822282
0.00016840806
0.00015126771
0.0001315862
0.0001102638
8.8257737e-05
6.6572835e-05
4.6276413e-05
2.8428675e-05
1.4005283e-05
3.3999811e-06
2.0196786e-07
2.1549944e-08
0.00040280833
0.00038064215
0.00033457606
0.00027896645
0.0002394711
0.00022152387
0.00021857192
0.00022070248
0.00021085444
0.00020517446
0.00020096147
0.00019434476
0.00018396256
0.00016975987
0.00015227628
0.00013230832
0.00011075985
8.8583752e-05
6.6776855e-05
4.6396755e-05
2.8494632e-05
1.4036485e-05
3.409312e-06
2.0258675e-07
2.1584905e-08
0.00039840178
0.00037567927
0.0003286984
0.00027434856
0.0002381483
0.00022246186
0.00022107532
0.00022221643
0.00021295544
0.00020760506
0.00020333144
0.00019642614
0.00018566933
0.00017108828
0.00015326628
0.00013301668
0.00011124652
8.8903947e-05
6.6977621e-05
4.6515505e-05
2.8559929e-05
1.4067486e-05
3.4186543e-06
2.0320842e-07
2.1620508e-08
0.00039398708
0.00037073339
0.00032304119
0.00027013337
0.00023711694
0.00022363466
0.0002237077
0.00022377252
0.00021512351
0.00021008159
0.00020569396
0.00019848182
0.00018734865
0.00017239347
0.00015423801
0.00013371174
0.00011172418
8.9218534e-05
6.7175236e-05
4.6632704e-05
2.8624579e-05
1.4098289e-05
3.4280079e-06
2.0383283e-07
2.1656699e-08
0.00038956913
0.00036580227
0.00031761232
0.00026633939
0.00023636559
0.00022502862
0.00022645913
0.00022539231
0.00021734555
0.0002125887
0.00020805057
0.00020051343
0.0001890012
0.00017367575
0.00015519177
0.00013439389
0.00011219315
8.9527713e-05
6.7369803e-05
4.6748399e-05
2.8688601e-05
1.4128901e-05
3.437373e-06
2.0445994e-07
2.1693465e-08
0.00038514104
0.00036081878
0.00031233501
0.00026300062
0.00023588919
0.00022663185
0.00022932145
0.00022708833
0.00021961323
0.00021511498
0.00021039981
0.00020252229
0.00019062786
0.00017493545
0.00015612805
0.0001350635
0.00011265371
8.9831665e-05
6.7561422e-05
4.6862638e-05
2.8752018e-05
1.4159331e-05
3.4467492e-06
2.0508967e-07
2.1730784e-08
0.00038068623
0.00035571582
0.00030714235
0.00026012916
0.00023568536
0.00022843406
0.00023228772
0.00022886716
0.00022192064
0.00021765176
0.00021273921
0.0002045091
0.00019222957
0.00017617316
0.00015704728
0.00013572091
0.00011310611
9.0130561e-05
6.775019e-05
4.6975466e-05
2.8814847e-05
1.4189583e-05
3.456136e-06
2.0572195e-07
2.1768635e-08
0.00037618978
0.00035048759
0.00030204681
0.00025769635
0.00023575097
0.00023042617
0.00023535173
0.00023073179
0.0002242632
0.00022019223
0.00021506611
0.00020647423
0.00019380747
0.00017738926
0.00015794984
0.00013636645
0.0001135506
9.0424554e-05
6.7936195e-05
4.7086929e-05
2.8877108e-05
1.4219663e-05
3.465533e-06
2.0635668e-07
2.1807e-08
0.00037164701
0.0003451848
0.00029711677
0.00025565246
0.0002360808
0.00023259979
0.00023850755
0.00023268319
0.00022663697
0.00022273071
0.00021737787
0.0002084176
0.00019536223
0.00017858449
0.00015883616
0.00013700041
0.00011398739
9.0713791e-05
6.8119522e-05
4.7197068e-05
2.8938816e-05
1.4249575e-05
3.4749391e-06
2.0699378e-07
2.1845858e-08
0.00036706506
0.00033988009
0.00029242619
0.00025395099
0.00023666784
0.00023494693
0.00024174925
0.00023472028
0.00022903909
0.00022526284
0.00021967217
0.00021033892
0.00019689435
0.0001797597
0.00015970678
0.00013762313
0.0001144167
9.0998407e-05
6.8300249e-05
4.7305919e-05
2.8999984e-05
1.4279321e-05
3.4843532e-06
2.0763311e-07
2.1885185e-08
0.00036246052
0.0003346444
0.00028803033
0.00025255795
0.0002375042
0.00023745969
0.00024507039
0.00023684221
0.00023146368
0.00022778396
0.00022194695
0.00021223789
0.00019840435
0.00018091559
0.00016056222
0.00013823492
0.00011483872
9.1278532e-05
6.847845e-05
4.7413518e-05
2.9060628e-05
1.4308906e-05
3.4937755e-06
2.0827465e-07
2.1924953e-08
0.00035785599
0.00032953732
0.000283963
0.00025145144
0.00023858007
0.0002401215
0.00024781281
0.00023905142
0.00023392838
0.00023029293
0.00022419984
0.00021411436
0.00019989215
0.00018205262
0.00016140296
0.00013883612
0.00011525367
9.1554304e-05
6.8654212e-05
4.7519916e-05
2.9120774e-05
1.4338342e-05
3.5032075e-06
2.0891851e-07
2.1965186e-08
0.00035327686
0.00032460507
0.00028024124
0.00025061779
0.0002398832
0.00024291148
0.00024971611
0.00024134106
0.00023646401
0.00023279641
0.00022642875
0.0002159668
0.00020135809
0.00018317131
0.00016222945
0.00013942705
0.00011566177
9.1825861e-05
6.8827619e-05
4.7625159e-05
2.918044e-05
1.4367631e-05
3.5126478e-06
2.095646e-07
2.2005907e-08
0.00034874892
0.00031988156
0.0002768707
0.00025004814
0.00024140163
0.00024581964
0.00025162038
0.00024369676
0.00023906049
0.00023529762
0.00022863368
0.00021779407
0.00020280223
0.00018427217
0.00016304216
0.00014000805
0.00011606323
9.2093325e-05
6.8998736e-05
4.7729268e-05
2.9239627e-05
1.4396769e-05
3.5220936e-06
2.1021266e-07
2.2047071e-08
0.00034429679
0.00031539053
0.00027384997
0.00024973617
0.00024312404
0.00024883676
0.00025355471
0.00024611303
0.00024170181
0.00023779355
0.00023081506
0.00021959596
0.00020422461
0.00018535558
0.00016384151
0.00014057942
0.00011645824
9.2356806e-05
6.9167613e-05
4.7832264e-05
2.9298341e-05
1.4425757e-05
3.5315448e-06
2.1086265e-07
2.2088639e-08
0.00033994283
0.0003111476
0.00027117361
0.00024967677
0.00024504001
0.00025195508
0.00025553903
0.00024857886
0.00024437459
0.00024028614
0.00023297518
0.00022137205
0.00020562508
0.00018642177
0.00016462785
0.00014114146
0.00011684699
9.261641e-05
6.9334306e-05
4.793417e-05
2.935659e-05
1.4454597e-05
3.541001e-06
2.1151454e-07
2.2130601e-08
0.0003356848
0.00030713156
0.00026884433
0.00024986572
0.00024714011
0.00025516807
0.000257586
0.00025108729
0.00024706861
0.00024277435
0.00023511491
0.00022312345
0.00020700387
0.00018747095
0.00016540147
0.00014169441
0.00011722965
9.2872239e-05
6.9498867e-05
4.8035012e-05
2.9414387e-05
1.4483295e-05
3.5504621e-06
2.1216826e-07
2.2172945e-08
0.00033146449
0.000303249
0.00026688431
0.00025030004
0.00024941588
0.00025847001
0.0002597032
0.00025363341
0.00024977597
0.000245256
0.00023723482
0.00022485119
0.00020836145
0.00018850336
0.00016616262
0.00014223852
0.00011760639
9.3124394e-05
6.9661351e-05
4.8134816e-05
2.9471743e-05
1.4511854e-05
3.5599275e-06
2.1282376e-07
2.2215655e-08
0.00032727536
0.00029950038
0.00026527956
0.0002509761
0.0002518596
0.00026185569
0.00026189505
0.0002562135
0.00025249033
0.00024772859
0.00023933513
0.00022655617
0.00020969839
0.00018951931
0.00016691153
0.00014277398
0.00011797737
9.3372974e-05
6.9821813e-05
4.8233609e-05
2.9528668e-05
1.4540275e-05
3.5693968e-06
2.1348098e-07
2.225872e-08
0.00032313339
0.00029591488
0.00026400745
0.00025188936
0.00025446409
0.00026532008
0.0002641639
0.00025882452
0.00025520693
0.00025019073
0.00024141476
0.00022823881
0.00021101527
0.00019051917
0.00016764843
0.00014330099
0.00011834273
9.3618068e-05
6.9980303e-05
4.8331415e-05
2.9585172e-05
1.4568563e-05
3.5788696e-06
2.1413986e-07
2.2302129e-08
0.00031906871
0.00029253205
0.00026304423
0.00025303441
0.00025722248
0.00026885814
0.00026651079
0.00026146387
0.0002579214
0.00025263945
0.00024347403
0.00022989967
0.00021231264
0.00019150331
0.00016837358
0.00014381971
0.00011870258
9.3859765e-05
7.013687e-05
4.8428258e-05
2.9641264e-05
1.4596719e-05
3.588345e-06
2.1480034e-07
2.2345869e-08
0.00031511666
0.00028938815
0.00026236963
0.0002544052
0.0002601281
0.00027246464
0.00026893578
0.0002641292
0.00026062994
0.00025507235
0.00024551285
0.00023153933
0.00021359103
0.00019247212
0.00016908724
0.00014433034
0.00011905707
9.4098144e-05
7.0291562e-05
4.8524159e-05
2.9696952e-05
1.4624744e-05
3.5978226e-06
2.1546234e-07
2.2389927e-08
0.00031131194
0.00028651072
0.00026196805
0.00025599533
0.0002631743
0.00027613412
0.00027143847
0.00026681814
0.00026332911
0.00025748733
0.00024753096
0.00023315824
0.00021485094
0.00019342597
0.00016978967
0.00014483305
0.00011940631
9.4333282e-05
7.044442e-05
4.8619139e-05
2.9752243e-05
1.465264e-05
3.6073016e-06
2.161258e-07
2.2434295e-08
0.00030768577
0.00028391814
0.00026182813
0.00025779819
0.00026635444
0.00027986085
0.00027401636
0.00026952988
0.00026601828
0.00025988144
0.00024952762
0.00023475678
0.00021609291
0.00019436528
0.00017048114
0.00014532801
0.00011975042
9.4565251e-05
7.0595485e-05
4.8713214e-05
2.9807143e-05
1.4680408e-05
3.616781e-06
2.1679062e-07
2.2478949e-08
0.00030426474
0.00028162129
0.00026194171
0.00025980692
0.00026966028
0.0002835377
0.00027667068
0.00027225981
0.00026869287
0.00026225385
0.00025150256
0.00023633523
0.00021731739
0.00019529041
0.0001711619
0.0001458154
0.00012008951
9.4794113e-05
7.0744782e-05
4.8806401e-05
2.9861661e-05
1.4708053e-05
3.6262619e-06
2.1745688e-07
2.2523888e-08
0.00030107079
0.00027962561
0.00026230239
0.0002620113
0.00027306854
0.00028610888
0.00027940792
0.00027504981
0.00027135326
0.00026460147
0.00025345479
0.00023789369
0.00021852475
0.00019620171
0.00017183221
0.00014629542
0.0001204237
9.5019908e-05
7.0892311e-05
4.8898703e-05
2.9915801e-05
1.4735574e-05
3.6357428e-06
2.181245e-07
2.2569147e-08
0.00029812146
0.00027793266
0.00026290459
0.00026440128
0.00027657071
0.00028868123
0.00028221055
0.00027789484
0.00027400659
0.00026692416
0.00025538331
0.00023943212
0.00021971537
0.00019709956
0.00017249235
0.00014676822
0.00012075309
9.5242692e-05
7.1038107e-05
4.8990124e-05
2.9969555e-05
1.4762964e-05
3.6452202e-06
2.187932e-07
2.2614699e-08
0.00029543044
0.00027654135
0.00026374309
0.00026696741
0.00028015985
0.00029127759
0.00028506564
0.00028078436
0.00027665577
0.00026922323
0.00025728771
0.00024095035
0.00022088954
0.00019798431
0.00017314259
0.00014723397
0.00012107776
9.5462525e-05
7.1182205e-05
4.9080672e-05
3.002292e-05
1.4790219e-05
3.6546933e-06
2.1946292e-07
2.2660508e-08
0.00029300806
0.00027544884
0.00026481286
0.00026970099
0.00028383011
0.00029391568
0.00028796536
0.00028370589
0.0002793025
0.00027150063
0.00025916808
0.00024244822
0.00022204738
0.00019885626
0.00017378317
0.00014769283
0.00012139782
9.5679471e-05
7.1324642e-05
4.9170364e-05
3.0075904e-05
1.4817343e-05
3.6641621e-06
2.2013363e-07
2.2706565e-08
0.00029086188
0.00027465122
0.00026610892
0.000272594
0.00028757633
0.0002966082
0.00029090484
0.00028664968
0.00028194607
0.00027375805
0.00026102505
0.00024392572
0.00022318898
0.00019971562
0.0001744143
0.00014814495
0.00012171335
9.5893591e-05
7.1465457e-05
4.9259222e-05
3.0128515e-05
1.4844339e-05
3.6736267e-06
2.2080532e-07
2.2752865e-08
0.00028899716
0.00027414394
0.00026762631
0.00027563902
0.00029139373
0.00029936381
0.00029388088
0.00028960797
0.00028458466
0.00027599661
0.00026285941
0.00024538304
0.00022431443
0.00020056256
0.00017503619
0.00014859048
0.00012202445
9.610495e-05
7.1604688e-05
4.9347265e-05
3.0180763e-05
1.4871211e-05
3.6830874e-06
2.2147798e-07
2.2799399e-08
0.00028741733
0.00027392216
0.00026936004
0.00027882909
0.00029527763
0.00030218886
0.00029689298
0.00029257301
0.00028721555
0.00027821687
0.000264672
0.00024682054
0.00022542387
0.00020139723
0.00017564898
0.00014902956
0.00012233124
9.6313611e-05
7.1742374e-05
4.9434514e-05
3.023266e-05
1.4897962e-05
3.6925441e-06
2.221516e-07
2.284616e-08
0.00028612436
0.00027398088
0.00027130503
0.0002821576
0.00029922329
0.00030508738
0.00029993793
0.00029554086
0.00028983643
0.00028041892
0.00026646356
0.00024823866
0.0002265175
0.00020221977
0.00017625284
0.00014946232
0.0001226338
9.6519635e-05
7.1878552e-05
4.952099e-05
3.0284212e-05
1.4924594e-05
3.701997e-06
2.2282616e-07
2.2893143e-08
0.00028511907
0.00027431513
0.00027345616
0.00028561813
0.00030322588
0.00030806178
0.00030301336
0.000298508
0.00029244521
0.00028260262
0.00026823467
0.00024963788
0.00022759557
0.00020303035
0.0001768479
0.00014988888
0.00012293222
9.6723085e-05
7.2013256e-05
4.960671e-05
3.0335428e-05
1.495111e-05
3.7114458e-06
2.2350163e-07
2.2940343e-08
0.0002844014
0.00027491999
0.00027580817
0.00028920441
0.00030728034
0.00031111433
0.00030611657
0.00030147125
0.00029504003
0.00028476767
0.00026998578
0.00025101866
0.00022865836
0.00020382913
0.00017743428
0.00015030936
0.00012322659
9.6924016e-05
7.214652e-05
4.9691691e-05
3.0386313e-05
1.4977512e-05
3.7208903e-06
2.2417799e-07
2.2987753e-08
0.00028397059
0.00027579065
0.00027835567
0.00029291016
0.00031138141
0.00031424701
0.00030924469
0.00030442768
0.00029761922
0.00028691372
0.00027171723
0.00025238143
0.00022970618
0.00020461631
0.00017801213
0.00015072385
0.00012351699
9.7122483e-05
7.2278375e-05
4.9775946e-05
3.0436875e-05
1.5003802e-05
3.7303302e-06
2.248552e-07
2.3035368e-08
0.00028382535
0.00027692234
0.00028109311
0.00029672897
0.00031552304
0.00031745947
0.0003123972
0.0003073743
0.0003001811
0.00028904037
0.00027342926
0.00025372657
0.00023073932
0.00020539207
0.00017858159
0.00015113247
0.0001238035
9.7318535e-05
7.240885e-05
4.9859491e-05
3.0487118e-05
1.5029979e-05
3.7397652e-06
2.2553323e-07
2.3083183e-08
0.00028396397
0.00027831032
0.0002840146
0.00030065373
0.00031969709
0.00032075531
0.00031557337
0.0003103056
0.00030272342
0.00029114724
0.00027512213
0.00025505444
0.00023175806
0.00020615663
0.00017914278
0.00015153532
0.00012408619
9.7512221e-05
7.2537971e-05
4.9942338e-05
3.0537046e-05
1.5056046e-05
3.7491949e-06
2.2621204e-07
2.3131193e-08
0.00028438441
0.00027994985
0.00028711397
0.00030467755
0.00032389775
0.00032412585
0.00031877181
0.00031322353
0.00030524516
0.00029323383
0.00027679599
0.00025636537
0.0002327627
0.00020691016
0.00017969586
0.00015193248
0.00012436512
9.7703585e-05
7.2665763e-05
5.0024497e-05
3.0586663e-05
1.5082003e-05
3.758619e-06
2.268916e-07
2.3179392e-08
0.00028508429
0.00028183613
0.00029038491
0.00030879361
0.00032811885
0.00032756722
0.00032199166
0.00031612929
0.00030774589
0.00029529964
0.00027845092
0.00025765967
0.0002337535
0.00020765288
0.00018024094
0.00015232406
0.00012464037
9.7892666e-05
7.279225e-05
5.010598e-05
3.0635974e-05
1.510785e-05
3.768037e-06
2.2757187e-07
2.3227776e-08
0.00028606102
0.00028396432
0.00029382097
0.00031299524
0.00033235478
0.00033107589
0.00032523226
0.00031902369
0.00031022546
0.00029734432
0.00028008689
0.00025893756
0.00023473073
0.00020838498
0.00018077818
0.00015271015
0.000124912
9.8079504e-05
7.2917451e-05
5.0186795e-05
3.068498e-05
1.5133589e-05
3.7774485e-06
2.282528e-07
2.3276339e-08
0.00028731174
0.00028632952
0.00029741577
0.00031727695
0.00033659968
0.00033464824
0.0003284929
0.00032190736
0.00031268394
0.00029936761
0.00028170387
0.00026019923
0.00023569463
0.00020910666
0.0001813077
0.00015309084
0.00012518005
9.8264134e-05
7.3041384e-05
5.0266951e-05
3.0733685e-05
1.5159218e-05
3.7868529e-06
2.2893436e-07
2.3325076e-08
0.00028883337
0.00028892673
0.00030116273
0.00032163191
0.00034084846
0.00033828103
0.00033177292
0.00032478076
0.00031512147
0.00030136937
0.00028330181
0.00026144482
0.00023664541
0.0002098181
0.00018182964
0.00015346621
0.00012544459
9.8446587e-05
7.3164068e-05
5.0346453e-05
3.078209e-05
1.5184738e-05
3.7962496e-06
2.296165e-07
2.3373983e-08
0.0002906226
0.00029175084
0.00030505507
0.00032605312
0.00034509582
0.00034197133
0.00033507169
0.0003276443
0.00031753826
0.00030334957
0.0002848807
0.00026267445
0.00023758326
0.00021051948
0.00018234413
0.00015383636
0.00012570568
9.8626895e-05
7.3285516e-05
5.0425309e-05
3.0830195e-05
1.5210149e-05
3.8056382e-06
2.3029916e-07
2.3423055e-08
0.00029267585
0.00029479671
0.00030908696
0.00033053301
0.00034933596
0.00034571637
0.00033838865
0.00033049831
0.00031993454
0.0003053082
0.00028644055
0.00026388822
0.00023850833
0.00021121095
0.0001828513
0.00015420137
0.00012596335
9.8805085e-05
7.3405743e-05
5.0503523e-05
3.0878004e-05
1.523545e-05
3.815018e-06
2.3098231e-07
2.3472285e-08
0.00029498928
0.00029805895
0.00031325103
0.00033506452
0.00035356306
0.00034951353
0.00034172334
0.00033334315
0.00032231057
0.00030724534
0.00028798139
0.00026508624
0.00023942078
0.00021189268
0.00018335125
0.00015456131
0.00012621767
9.8981187e-05
7.3524761e-05
5.05811e-05
3.0925515e-05
1.526064e-05
3.8243884e-06
2.316659e-07
2.3521671e-08
0.00029755883
0.00030153203
0.00031753946
0.00033964036
0.00035777132
0.00035336027
0.00034507544
0.00033617914
0.00032466664
0.00030916109
0.00028950328
0.00026626859
0.00024032075
0.0002125648
0.00018384412
0.00015491627
0.00012646868
9.9155224e-05
7.3642583e-05
5.0658044e-05
3.097273e-05
1.528572e-05
3.8337488e-06
2.3234986e-07
2.3571206e-08
0.00030038024
0.00030521056
0.00032194403
0.00034425282
0.00036195504
0.00035725419
0.00034844476
0.00033900669
0.00032700301
0.00031105555
0.00029100626
0.00026743537
0.00024120837
0.00021322744
0.00018432999
0.00015526633
0.00012671643
9.9327224e-05
7.3759221e-05
5.0734359e-05
3.1019649e-05
1.5310689e-05
3.8430986e-06
2.3303416e-07
2.3620886e-08
0.00030344871
0.00030908769
0.000326456
0.00034889182
0.0003660986
0.00036119334
0.00035182683
0.00034182534
0.00032932001
0.0003129289
0.00029249042
0.00026858666
0.00024208375
0.00021388072
0.00018480899
0.00015561155
0.00012696096
9.9497209e-05
7.3874685e-05
5.0810049e-05
3.1066272e-05
1.5335545e-05
3.8524371e-06
2.3371876e-07
2.3670707e-08
0.00030675881
0.00031315604
0.00033106629
0.00035354833
0.00037019949
0.00036517492
0.00035522467
0.00034463559
0.00033161792
0.00031478133
0.00029395587
0.00026972256
0.00024294699
0.00021452475
0.00018528119
0.00015595201
0.00012720231
9.9665204e-05
7.3988985e-05
5.0885117e-05
3.1112601e-05
1.536029e-05
3.8617639e-06
2.3440359e-07
2.3720664e-08
0.00031030425
0.00031740762
0.00033576576
0.00035821432
0.00037425633
0.00036919655
0.00035864038
0.00034743838
0.00033389699
0.00031661298
0.0002954027
0.00027084317
0.00024379821
0.00021515964
0.00018574669
0.00015628776
0.00012744053
9.9831229e-05
7.4102132e-05
5.0959566e-05
3.1158635e-05
1.5384921e-05
3.8710782e-06
2.3508862e-07
2.3770754e-08
0.00031407801
0.00032183385
0.00034054531
0.00036288238
0.00037826793
0.00037325608
0.00036207529
0.00035023477
0.00033615758
0.00031842397
0.000296831
0.00027194856
0.0002446375
0.00021578548
0.00018620557
0.00015661886
0.00012767565
9.9995305e-05
7.4214135e-05
5.1033399e-05
3.1204373e-05
1.5409438e-05
3.8803795e-06
2.357738e-07
2.3820972e-08
0.00031807227
0.00032642552
0.00034539592
0.00036754555
0.00038223306
0.00037735159
0.0003655302
0.00035302578
0.00033840012
0.00032021442
0.00029824084
0.00027303883
0.00024546495
0.00021640236
0.00018665791
0.00015694538
0.00012790771
0.00010015745
7.4325001e-05
5.1106618e-05
3.1249816e-05
1.543384e-05
3.8896672e-06
2.3645908e-07
2.3871313e-08
0.00032227839
0.00033117279
0.00035030865
0.00037219716
0.00038615045
0.00038148132
0.00036900562
0.00035581235
0.0003406251
0.00032198448
0.00029963228
0.00027411404
0.00024628064
0.00021701036
0.00018710376
0.00015726736
0.00012813673
0.00010031768
7.4434737e-05
5.1179225e-05
3.1294964e-05
1.5458127e-05
3.8989408e-06
2.3714441e-07
2.3921773e-08
0.0003266869
0.00033606517
0.00035527468
0.00037683071
0.0003900188
0.00038564364
0.00037250186
0.0003585953
0.00034283301
0.00032373433
0.00030100538
0.00027517426
0.00024708466
0.00021760957
0.00018754321
0.00015758484
0.00012836276
0.00010047602
7.454335e-05
5.1251221e-05
3.1339815e-05
1.5482298e-05
3.9081994e-06
2.3782975e-07
2.3972347e-08
0.00033128745
0.00034109148
0.0003602853
0.00038143991
0.00039383688
0.00038983715
0.00037601909
0.00036137537
0.00034502435
0.00032546415
0.00030236019
0.00027621951
0.00024787705
0.00021820004
0.0001879763
0.00015789788
0.0001285858
0.00010063246
7.4650845e-05
5.1322607e-05
3.138437e-05
1.5506352e-05
3.9174426e-06
2.3851504e-07
2.4023032e-08
0.00033605793
0.00034621977
0.00036533787
0.0003860184
0.00039760373
0.00039406023
0.00037955726
0.00036415319
0.00034719965
0.00032717416
0.00030369678
0.00027724985
0.00024865788
0.00021878184
0.00018840308
0.0001582065
0.00012880589
0.00010078703
7.4757223e-05
5.1393382e-05
3.1428625e-05
1.5530286e-05
3.9266695e-06
2.3920021e-07
2.4073819e-08
0.00034097496
0.0003514222
0.00037042846
0.00039056013
0.00040131866
0.00039831238
0.00038311659
0.00036692906
0.0003493591
0.00032886447
0.00030501519
0.00027826529
0.00024942718
0.00021935501
0.0001888236
0.00015851073
0.00012902304
0.00010093974
7.4862489e-05
5.1463545e-05
3.147258e-05
1.5554101e-05
3.9358791e-06
2.3988521e-07
2.4124708e-08
0.00034602447
0.00035669274
0.00037554458
0.00039505147
0.00040497004
0.00040258351
0.00038669441
0.00036970466
0.00035150434
0.00033053572
0.00030631558
0.00027926592
0.00025018502
0.00021991961
0.00018923791
0.00015881061
0.00012923726
0.00010109058
7.4966637e-05
5.153309e-05
3.151623e-05
1.5577792e-05
3.9450704e-06
2.4056992e-07
2.4175677e-08
0.00035119314
0.00036202438
0.00038067468
0.00039948814
0.00040856038
0.00040678465
0.00039029473
0.00037247646
0.00035363278
0.00033218775
0.00030759827
0.00028025186
0.00025093144
0.00022047568
0.00018964604
0.00015910616
0.00012944858
0.00010123956
7.5069675e-05
5.1602024e-05
3.1559579e-05
1.5601365e-05
3.9542447e-06
2.4125448e-07
2.4226737e-08
0.00035646812
0.00036740921
0.00038580791
0.0004038646
0.00041208252
0.00040972206
0.00039391099
0.00037530943
0.00035575907
0.00033381965
0.00030886197
0.00028122281
0.00025166641
0.00022102323
0.000190048
0.00015939741
0.00012965701
0.00010138671
7.5171619e-05
5.1670357e-05
3.1602634e-05
1.5624819e-05
3.9634014e-06
2.4193887e-07
2.4277932e-08
0.00036183682
0.00037283848
0.00039093382
0.00040817738
0.00041554095
0.00041260963
0.00039752672
0.00037819378
0.00035789423
0.00033543448
0.00031010599
0.00028217821
0.00025238987
0.00022156229
0.00019044383
0.00015968436
0.00012986257
0.00010153203
7.5272464e-05
5.1738081e-05
3.1645383e-05
1.5648146e-05
3.9725369e-06
2.4262281e-07
2.432924e-08
0.00036728684
0.00037830275
0.00039604254
0.00041242446
0.00041893964
0.00041545036
0.00040113366
0.00038111201
0.00036004141
0.0003370364
0.00031133085
0.00028311759
0.00025310158
0.00022209289
0.00019083358
0.00015996706
0.00013006526
0.00010167551
7.5372195e-05
5.1805178e-05
3.1687813e-05
1.567134e-05
3.9816502e-06
2.4330622e-07
2.4380622e-08
0.0003728058
0.00038379211
0.00040112487
0.00041660476
0.00042228169
0.00041824565
0.00040472775
0.0003840503
0.00036219946
0.00033862884
0.00031253794
0.00028404076
0.00025380123
0.00022261491
0.00019121724
0.00016024549
0.00013026506
0.00010181713
7.5470794e-05
5.1871632e-05
3.1729915e-05
1.5694396e-05
3.99074e-06
2.4398899e-07
2.443207e-08
0.00037838142
0.00038929633
0.00040617226
0.0004207177
0.00042556949
0.00042099616
0.00040831499
0.00038700088
0.00036436221
0.00034021228
0.00031372877
0.00028494811
0.00025448866
0.00022312821
0.00019159479
0.00016051966
0.00013046198
0.00010195687
7.5568244e-05
5.1937435e-05
3.1771685e-05
1.5717315e-05
3.9998056e-06
2.4467108e-07
2.448357e-08
0.00038400147
0.00039480507
0.00041117665
0.00042476253
0.00042880305
0.00042369877
0.00041139996
0.00038995768
0.000366549
0.00034179079
0.00031490377
0.00028583971
0.00025516373
0.00022363263
0.00019196612
0.00016078954
0.000130656
0.00010209474
7.5664544e-05
5.2002588e-05
3.1813128e-05
1.5740099e-05
4.0088482e-06
2.4535259e-07
2.4535146e-08
0.00038965377
0.00040030793
0.00041613023
0.00042873765
0.00043198002
0.00042634854
0.00041363236
0.0003929039
0.00036879967
0.00034338013
0.0003160644
0.00028671456
0.00025582592
0.00022412802
0.0001923312
0.0001610551
0.0001308471
0.00010223072
7.5759695e-05
5.2067093e-05
3.1854241e-05
1.5762745e-05
4.0178649e-06
2.4603335e-07
2.4586835e-08
0.00039532626
0.00040579444
0.00042102531
0.0004326415
0.00043510005
0.00042894649
0.00041581358
0.00039581777
0.00037109004
0.00034498857
0.00031721706
0.00028757376
0.00025647459
0.00022461372
0.00019268973
0.00016131633
0.00013103531
0.0001023648
7.5853669e-05
5.2130917e-05
3.1894999e-05
1.5785236e-05
4.0268505e-06
2.4671291e-07
2.4638568e-08
0.00040100681
0.00041125331
0.00042584704
0.00043646286
0.00043816901
0.00043149434
0.00041794742
0.00039871305
0.0003734031
0.00034660647
0.00031836027
0.00028841672
0.00025711022
0.00022509122
0.00019304225
0.00016157283
0.00013122029
0.00010249687
7.5946428e-05
5.2194046e-05
3.1935395e-05
1.5807573e-05
4.0358071e-06
2.4739147e-07
2.4690317e-08
0.00040668327
0.00041667334
0.00043058827
0.00044020392
0.00044118472
0.00043399015
0.00042003139
0.00040065048
0.00037570871
0.0003482845
0.00031951583
0.00028925505
0.00025772465
0.00022549475
0.00019338488
0.00016182807
0.00013140338
0.00010262706
7.603792e-05
5.2256456e-05
3.1975427e-05
1.5829757e-05
4.0447336e-06
2.4806901e-07
2.4742161e-08
0.00041234257
0.00042203686
0.00043523246
0.00044387236
0.00044414472
0.00043643302
0.00042206569
0.00040234343
0.00037799169
0.00035002016
0.00032070173
0.0002900813
0.00025824304
0.00022588365
0.00019372174
0.00016208132
0.0001315847
0.00010275549
7.6128106e-05
5.2318089e-05
3.2015057e-05
1.5851765e-05
4.0536218e-06
2.4874493e-07
2.4794083e-08
0.00041797095
0.0004273283
0.00043976991
0.00044747212
0.00044704744
0.0004388225
0.00042404977
0.0004039875
0.00037973233
0.00035177908
0.00032193898
0.0002909038
0.00025874839
0.00022626169
0.00019404968
0.00016233052
0.00013176375
0.00010288211
7.6216942e-05
5.2378873e-05
3.2054232e-05
1.5873574e-05
4.0624664e-06
2.4941887e-07
2.4845999e-08
0.00042355508
0.00043253927
0.00044420353
0.00045100144
0.00044989158
0.00044115784
0.00042598262
0.00040558314
0.00038103911
0.00035330528
0.00032323366
0.00029166069
0.00025923873
0.00022662861
0.00019436727
0.00016257369
0.00013193961
0.00010300674
7.6304402e-05
5.2438784e-05
3.2092933e-05
1.5895177e-05
4.0712668e-06
2.5009095e-07
2.4897977e-08
0.00042908244
0.00043766296
0.00044853559
0.00045445875
0.00045267589
0.00044343803
0.00042786295
0.0004071285
0.00038229695
0.00035431715
0.00032405035
0.0002922775
0.00025970638
0.00022698071
0.0001946749
0.00016281248
0.00013211197
0.00010312891
7.6390299e-05
5.2497761e-05
3.2131127e-05
1.5916551e-05
4.0800128e-06
2.5076062e-07
2.495014e-08
0.00043454159
0.00044269382
0.00045276784
0.00045784266
0.00045539912
0.00044566206
0.00042968995
0.00040862329
0.00038350725
0.00035528373
0.00032480874
0.00029286114
0.00026014965
0.0002273158
0.00019492844
0.00016304571
0.00013228343
0.00010324921
7.6474446e-05
5.2555597e-05
3.2168684e-05
1.5937626e-05
4.0886833e-06
2.5142633e-07
2.5002391e-08
0.00043992232
0.00044762734
0.00045690152
0.00046115201
0.00045806014
0.00044782922
0.00043146351
0.00041006821
0.00038467163
0.00035620818
0.00032552972
0.00029341389
0.0002605689
0.00022763277
0.00019516811
0.00016327304
0.00013245233
0.00010336725
7.6556591e-05
5.2612034e-05
3.2205434e-05
1.5958321e-05
4.0972568e-06
2.5208665e-07
2.5054574e-08
0.00044521563
0.0004524598
0.0004609375
0.00046438587
0.00046065804
0.00044993917
0.00043318395
0.0004114642
0.00038579151
0.00035709259
0.00032621582
0.00029393776
0.00026096514
0.00022793173
0.00019539391
0.00016349362
0.00013261723
0.00010348225
7.6636326e-05
5.2666796e-05
3.2241197e-05
1.5978549e-05
4.1057068e-06
2.5273979e-07
2.51066e-08
0.00045041373
0.00045718815
0.00046487645
0.00046754356
0.00046319223
0.0004519919
0.00043485185
0.00041281225
0.00038686813
0.00035793857
0.0003268689
0.00029443436
0.00026133943
0.00022821327
0.00019560615
0.00016370624
0.00013277694
0.00010359342
7.6713189e-05
5.271959e-05
3.2275793e-05
1.5998219e-05
4.1140036e-06
2.5338369e-07
2.5158361e-08
0.00045551
0.00046180994
0.00046871885
0.00047062464
0.00046566236
0.0004539876
0.00043646789
0.00041411326
0.00038790258
0.00035874753
0.00032749047
0.00029490501
0.00026169278
0.00022847809
0.00019580525
0.00016390971
0.00013293042
0.00010370007
7.6786749e-05
5.2770146e-05
3.2309058e-05
1.6017247e-05
4.1221185e-06
2.5401631e-07
2.5209731e-08
0.00046049889
0.00046632323
0.00047246516
0.00047362895
0.00046806836
0.00045592665
0.00043803275
0.00041536811
0.00038889591
0.00035952067
0.00032808181
0.00029535083
0.00026202607
0.00022872686
0.00019599171
0.00016410318
0.0001330768
0.00010380161
7.6856651e-05
5.2818241e-05
3.2340859e-05
1.6035564e-05
4.1300273e-06
2.546359e-07
2.5260581e-08
0.00046537585
0.00047072654
0.00047611582
0.00047655651
0.00047041032
0.00045780948
0.00043954714
0.00041657763
0.00038984909
0.00036025911
0.00032864401
0.00029577279
0.0002623401
0.00022896025
0.000196166
0.0001642861
0.00013321544
0.00010389762
7.6922624e-05
5.2863717e-05
3.2371102e-05
1.6053122e-05
4.1377123e-06
2.5524107e-07
2.5310791e-08
0.00047013724
0.00047501879
0.00047967133
0.00047940754
0.00047268853
0.00045963662
0.00044101175
0.00041774265
0.00039076308
0.00036096388
0.00032917807
0.00029617174
0.00026263559
0.00022917882
0.00019632858
0.00016445815
0.00013334592
0.00010398777
7.6984502e-05
5.2906484e-05
3.2399742e-05
1.60699e-05
4.145163e-06
2.5583094e-07
2.5360255e-08
0.00047478026
0.00047919933
0.00048313227
0.00048218244
0.00047490338
0.00046140861
0.00044242728
0.00041886398
0.00039163878
0.00036163593
0.00032968487
0.00029654847
0.00026291321
0.00022938313
0.00019647984
0.00016461952
0.0001334681
0.00010407186
7.7042168e-05
5.2946509e-05
3.2426775e-05
1.6085897e-05
4.152376e-06
2.564051e-07
2.5408884e-08
0.00047930286
0.00048326785
0.00048649931
0.00048488173
0.00047705537
0.00046312607
0.00044379444
0.00041994243
0.0003924771
0.00036227615
0.00033016524
0.00029690367
0.00026317351
0.00022957361
0.0001966202
0.00016475518
0.00013358113
0.0001041504
7.7095767e-05
5.298382e-05
3.2452225e-05
1.610113e-05
4.1593529e-06
2.5696348e-07
2.5456633e-08
0.00048370365
0.00048722438
0.00048977323
0.00048750602
0.00047914505
0.00046478962
0.00044511395
0.00042097881
0.00039327887
0.00036288534
0.00033061988
0.00029723789
0.00026341689
0.00022975058
0.00019674994
0.00016485218
0.00013368313
0.00010422402
7.7145716e-05
5.3018525e-05
3.2476118e-05
1.6115608e-05
4.1660937e-06
2.5750595e-07
2.5503467e-08
0.00048798188
0.00049106925
0.0004929549
0.00049005605
0.00048117306
0.00046639992
0.00044638655
0.00042197392
0.00039404489
0.00036346428
0.00033104944
0.00029755168
0.00026364382
0.00022991437
0.00019686907
0.00016494021
0.00013377465
0.00010429143
7.7191843e-05
5.3050712e-05
3.2498501e-05
1.6129346e-05
4.1725983e-06
2.5803235e-07
2.5549337e-08
0.00049213732
0.00049480309
0.00049604529
0.0004925326
0.00048314007
0.00046795766
0.00044761297
0.00042292853
0.00039477597
0.0003640137
0.0003314546
0.00029784564
0.00026385481
0.00023006541
0.00019697795
0.00016501995
0.00013385673
0.00010435233
7.7233979e-05
5.3080437e-05
3.2519442e-05
1.614237e-05
4.1788711e-06
2.5854279e-07
2.5594199e-08
0.00049617022
0.00049842677
0.00049904545
0.00049493654
0.00048504682
0.00046946354
0.00044879397
0.00042384343
0.00039547289
0.00036453435
0.00033183603
0.00029812036
0.00026405037
0.00023020411
0.00019707699
0.00016509194
0.00013393029
0.000104407
7.727218e-05
5.3107789e-05
3.2539026e-05
1.6154728e-05
4.1849221e-06
2.5903781e-07
2.5638035e-08
0.00050008125
0.00050194138
0.00050195654
0.00049726875
0.00048689405
0.0004709183
0.0004499303
0.00042471944
0.00039613645
0.00036502699
0.00033219443
0.00029837645
0.00026423101
0.00023033095
0.00019716665
0.00016515662
0.00013399603
0.00010445586
7.7306656e-05
5.3132916e-05
3.2557362e-05
1.6166476e-05
4.1907664e-06
2.5951827e-07
2.5680846e-08
0.00050387146
0.00050534823
0.00050477977
0.0004995302
0.00048868256
0.0004723227
0.00045102277
0.00042555735
0.00039676746
0.00036549238
0.00033253047
0.00029861448
0.00026439724
0.00023044637
0.00019724736
0.0001652144
0.00013405453
0.00010449934
7.7337687e-05
5.3156004e-05
3.2574571e-05
1.6177678e-05
4.1964213e-06
2.5998523e-07
2.5722652e-08
0.0005075422
0.00050864879
0.00050751642
0.00050172189
0.00049041318
0.00047367753
0.00045207217
0.00042635802
0.00039736675
0.0003659313
0.00033284484
0.00029883505
0.00026454956
0.00023055083
0.00019731955
0.00016526568
0.00013410629
0.00010453787
7.7365571e-05
5.317725e-05
3.2590776e-05
1.6188394e-05
4.2019041e-06
2.6043979e-07
2.5763491e-08
0.00051109508
0.00051184467
0.00051016785
0.00050384483
0.00049208675
0.00047498361
0.00045307936
0.00042712229
0.00039793514
0.0003663445
0.0003331382
0.00029903874
0.00026468849
0.00023064479
0.00019738363
0.00016531082
0.00013415179
0.00010457184
7.7390592e-05
5.3196846e-05
3.260609e-05
1.6198681e-05
4.2072302e-06
2.6088294e-07
2.5803403e-08
0.00051453197
0.00051493763
0.00051273545
0.00050590008
0.00049370418
0.00047624178
0.00045404519
0.00042785102
0.00039847346
0.00036673274
0.00033341123
0.00029922613
0.00026481454
0.00023072872
0.00019744002
0.0001653502
0.00013419144
0.00010460162
7.741302e-05
5.3214969e-05
3.2620614e-05
1.6208585e-05
4.2124132e-06
2.6131556e-07
2.5842434e-08
0.0005178549
0.00051792951
0.00051522067
0.00050788875
0.00049526637
0.00047745292
0.00045497054
0.00042854509
0.00039898254
0.00036709678
0.00033366459
0.00029939779
0.0002649282
0.00023080305
0.00019748911
0.00016538415
0.00013422567
0.00010462754
7.7433101e-05
5.3231774e-05
3.2634437e-05
1.6218147e-05
4.2174643e-06
2.6173839e-07
2.5880628e-08
0.00052106606
0.00052082228
0.000517625
0.00050981196
0.00049677427
0.00047861792
0.00045585631
0.00042920539
0.00039946323
0.00036743736
0.00033389894
0.00029955431
0.00026502999
0.00023086823
0.00019753128
0.000165413
0.00013425485
0.00010464993
7.7451056e-05
5.3247397e-05
3.2647631e-05
1.6227399e-05
4.2223929e-06
2.6215207e-07
2.5918025e-08
0.00052416777
0.00052361794
0.00051994996
0.00051167085
0.00049822886
0.00047973771
0.00045670341
0.00042983281
0.00039991635
0.00036775525
0.00033411493
0.00029969624
0.00026512039
0.00023092469
0.00019756692
0.00016543707
0.00013427934
0.00010466907
7.7467085e-05
5.3261959e-05
3.2660258e-05
1.6236368e-05
4.2272069e-06
2.6255712e-07
2.595466e-08
0.00052716243
0.00052631857
0.0005221971
0.00051346661
0.00049963113
0.00048081323
0.00045751277
0.00043042823
0.00040034273
0.00036805118
0.00033431322
0.00029982416
0.00026519991
0.00023097285
0.00019759637
0.00016545667
0.00013429949
0.00010468525
7.7481366e-05
5.3275561e-05
3.267237e-05
1.6245078e-05
4.231913e-06
2.6295402e-07
2.5990567e-08
0.00053005255
0.00052892629
0.00052436802
0.00051520043
0.0005009821
0.00048184545
0.00045828533
0.00043099256
0.0004007432
0.0003683259
0.00033449446
0.00029993862
0.00026526901
0.00023101312
0.00019761999
0.00016547206
0.00013431562
0.00010469869
7.7494057e-05
5.3288294e-05
3.2684012e-05
1.6253546e-05
4.2365168e-06
2.6334314e-07
2.6025774e-08
0.00053284064
0.00053144325
0.00052646431
0.00051687355
0.00050228283
0.00048283535
0.00045902203
0.0004315267
0.00040111859
0.00036858014
0.00033465929
0.00030004018
0.00026532818
0.00023104591
0.0001976381
0.00016548352
0.00013432802
0.00010470963
7.7505301e-05
5.3300235e-05
3.2695221e-05
1.6261789e-05
4.2410235e-06
2.6372483e-07
2.6060308e-08
0.00053552929
0.00053387163
0.00052848761
0.00051848722
0.00050353437
0.00048378391
0.00045972383
0.00043203154
0.00040146972
0.00036881463
0.00033480834
0.00030012939
0.00026537787
0.00023107159
0.00019765104
0.00016549131
0.00013433696
0.00010471827
7.7515223e-05
5.3311451e-05
3.270603e-05
1.6269821e-05
4.2454375e-06
2.6409941e-07
2.6094193e-08
0.00053812109
0.00053621361
0.00053043955
0.00052004268
0.00050473781
0.00048469214
0.00046039167
0.00043250797
0.00040179741
0.0003690301
0.00033494225
0.00030020679
0.00026541855
0.00023109056
0.0001976591
0.00016549568
0.00013434271
0.00010472481
7.7523936e-05
5.3322002e-05
3.2716468e-05
1.6277654e-05
4.2497625e-06
2.6446714e-07
2.612745e-08
0.00054061865
0.00053847141
0.00053232179
0.00052154124
0.00050589423
0.00048556104
0.00046102651
0.00043295689
0.00040210246
0.00036922726
0.00033506163
0.0003002729
0.00026545065
0.00023110318
0.00019766258
0.00016549684
0.0001343455
0.0001047294
7.7531542e-05
5.3331941e-05
3.2726558e-05
1.6285298e-05
4.2540023e-06
2.6482829e-07
2.61601e-08
0.00054302455
0.0005406472
0.000534136
0.00052298418
0.00050700476
0.00048639165
0.00046162931
0.00043337919
0.00040238567
0.00036940682
0.0003351671
0.00030032825
0.00026547462
0.00023110981
0.00019766177
0.00016549502
0.00013434556
0.00010473221
7.7538133e-05
5.3341316e-05
3.2736324e-05
1.6292764e-05
4.25816e-06
2.6518307e-07
2.619216e-08
0.00054534138
0.00054274319
0.00053588384
0.00052437281
0.0005080705
0.00048718497
0.00046220102
0.00043377574
0.00040264784
0.00036956947
0.00033525926
0.00030037334
0.00026549088
0.00023111078
0.00019765694
0.00016549042
0.00013434308
0.00010473338
7.7543793e-05
5.335017e-05
3.2745786e-05
1.630006e-05
4.2622387e-06
2.655317e-07
2.6223648e-08
0.00054757172
0.00054476156
0.00053756697
0.00052570845
0.00050909258
0.00048794204
0.0004627426
0.00043414742
0.00040288976
0.00036971592
0.00033533871
0.00030040868
0.00026549984
0.00023110645
0.00019764835
0.00016548325
0.00013433827
0.00010473305
7.7548596e-05
5.3358541e-05
3.2754963e-05
1.6307194e-05
4.2662412e-06
2.6587438e-07
2.6254581e-08
0.00054971809
0.00054670446
0.00053918708
0.00052699241
0.00051007213
0.00048866387
0.00046325498
0.00043449509
0.00040311219
0.00036984683
0.00033540602
0.00030043476
0.00026550191
0.00023109712
0.00019763626
0.00016547369
0.00013433131
0.00010473134
7.7552615e-05
5.3366465e-05
3.2763871e-05
1.6314174e-05
4.2701701e-06
2.6621131e-07
2.6284972e-08
0.00055178301
0.00054857404
0.00054074583
0.00052822603
0.00051101028
0.00048935149
0.0004637391
0.0004348196
0.00040331591
0.00036996287
0.00033546176
0.00030045205
0.00026549747
0.00023108311
0.0001976209
0.00016546191
0.00013432236
0.00010472835
7.7555912e-05
5.3373975e-05
3.2772526e-05
1.6321007e-05
4.274028e-06
2.6654266e-07
2.6314836e-08
0.00055376896
0.00055037243
0.00054224488
0.00052941062
0.00051190816
0.00049000591
0.0004641959
0.0004351218
0.00040350165
0.00037006471
0.00033550651
0.00030046103
0.00026548692
0.00023106473
0.00019760249
0.00016544808
0.00013431158
0.00010472421
7.7558548e-05
5.3381101e-05
3.2780944e-05
1.63277e-05
4.2778172e-06
2.668686e-07
2.6344188e-08
0.00055567836
0.00055210173
0.00054368587
0.00053054752
0.0005127669
0.00049062815
0.00046462628
0.00043540251
0.00040367017
0.00037015297
0.00033554079
0.00030046214
0.00026547061
0.00023104226
0.00019758128
0.00016543237
0.00013429912
0.000104719
7.756058e-05
5.3387872e-05
3.2789137e-05
1.6334259e-05
4.2815403e-06
2.6718931e-07
2.637304e-08
0.00055751361
0.000553764
0.00054507046
0.00053163804
0.00051358763
0.0004912192
0.00046503117
0.00043566257
0.00040382218
0.00037022829
0.00033556516
0.00030045584
0.00026544891
0.00023101599
0.00019755746
0.00016541492
0.00013428513
0.00010471282
7.7562061e-05
5.3394317e-05
3.2797121e-05
1.6340691e-05
4.2851994e-06
2.6750494e-07
2.6401405e-08
0.00055927706
0.00055536129
0.00054640025
0.00053268349
0.00051437147
0.00049178007
0.00046541146
0.00043590277
0.00040395839
0.00037029129
0.00033558012
0.00030044255
0.00026542216
0.00023098617
0.00019753124
0.0001653959
0.00013426974
0.00010470577
7.756304e-05
5.3400461e-05
3.2804907e-05
1.6347001e-05
4.2887967e-06
2.6781566e-07
2.6429296e-08
0.00056097103
0.0005568956
0.00054767688
0.00053368518
0.00051511952
0.00049231173
0.00046576804
0.0004361239
0.00040407951
0.00037034257
0.0003355862
0.00030042269
0.0002653907
0.00023095309
0.00019750281
0.00016537543
0.00013425306
0.00010469792
7.7563564e-05
5.3406328e-05
3.2812509e-05
1.6353196e-05
4.2923345e-06
2.6812161e-07
2.6456725e-08
0.00056259775
0.00055836891
0.00054890192
0.00053464442
0.0005158329
0.00049281517
0.00046610177
0.00043632674
0.00040418622
0.00037038271
0.00033558388
0.00030039667
0.00026535486
0.00023091698
0.00019747237
0.00016535365
0.00013423523
0.00010468935
7.7563679e-05
5.3411943e-05
3.2819939e-05
1.6359281e-05
4.2958148e-06
2.6842297e-07
2.6483704e-08
0.00056415946
0.00055978317
0.00055007696
0.00053556248
0.0005165127
0.00049329134
0.00046641352
0.00043651206
0.00040427918
0.0003704123
0.00033557364
0.00030036488
0.00026531494
0.00023087809
0.00019744008
0.00016533069
0.00013421636
0.00010468013
7.7563427e-05
5.3417327e-05
3.2827208e-05
1.6365262e-05
4.2992397e-06
2.6871987e-07
2.6510243e-08
0.00056565831
0.00056114027
0.00055120354
0.00053644064
0.00051715999
0.0004937412
0.00046670413
0.0004366806
0.00040435905
0.00037043189
0.00033555596
0.00030032772
0.00026527126
0.00023083666
0.00019740614
0.00016530667
0.00013419656
0.00010467035
7.7562849e-05
5.3422504e-05
3.2834327e-05
1.6371145e-05
4.3026115e-06
2.6901246e-07
2.6536356e-08
0.00056709641
0.00056244209
0.00055228319
0.00053728015
0.00051777585
0.00049416568
0.00046697442
0.0004368331
0.00040442647
0.00037044202
0.00033553129
0.00030028554
0.0002652241
0.0002307929
0.00019737069
0.00016528171
0.00013417593
0.00010466006
7.7561985e-05
5.3427494e-05
3.2841309e-05
1.6376934e-05
4.3059319e-06
2.693009e-07
2.6562053e-08
0.00056847584
0.00056369045
0.00055331743
0.00053808226
0.00051836133
0.0004945657
0.00046722522
0.00043697026
0.00040448205
0.00037044323
0.00033550007
0.0003002387
0.00026517375
0.00023074703
0.00019733391
0.00016525592
0.00013415457
0.00010464934
7.7560871e-05
5.3432317e-05
3.2848163e-05
1.6382637e-05
4.3092032e-06
2.6958533e-07
2.6587345e-08
0.00056979862
0.00056488716
0.00055430774
0.00053884818
0.00051891747
0.00049494216
0.00046745731
0.00043709279
0.0004045264
0.00037043602
0.00033546273
0.00030018756
0.00026512048
0.00023069926
0.00019729593
0.00016522941
0.00013413257
0.00010463824
7.7559544e-05
5.3436994e-05
3.2854901e-05
1.6388256e-05
4.3124271e-06
2.6986589e-07
2.6612245e-08
0.0005710667
0.00056603397
0.00055525556
0.00053957913
0.00051944528
0.00049529595
0.00046767147
0.00043720137
0.00040456012
0.0003704209
0.00033541968
0.00030013244
0.00026506454
0.00023064979
0.00019725692
0.00016520229
0.00013411003
0.00010462683
7.7558039e-05
5.3441544e-05
3.2861533e-05
1.6393799e-05
4.3156058e-06
2.7014272e-07
2.6636762e-08
0.00057228201
0.00056713259
0.00055616233
0.00054027628
0.00051994578
0.00049562794
0.00046786847
0.00043729666
0.00040458376
0.00037039836
0.00033537132
0.00030007366
0.0002650062
0.00023059881
0.000197217
0.00016517464
0.00013408704
0.00010461516
7.7556389e-05
5.3445984e-05
3.2868068e-05
1.6399269e-05
4.318741e-06
2.7041596e-07
2.6660907e-08
0.00057344642
0.00056818469
0.00055702946
0.00054094081
0.00052041996
0.00049593899
0.00046804906
0.00043737931
0.0004045979
0.00037036886
0.00033531804
0.00030001155
0.0002649457
0.0002305465
0.00019717631
0.00016514658
0.00013406367
0.00010460328
7.7554625e-05
5.3450333e-05
3.2874517e-05
1.6404671e-05
4.3218347e-06
2.7068576e-07
2.6684692e-08
0.00057456176
0.00056919193
0.00055785831
0.00054157385
0.00052086877
0.00049622993
0.00046821395
0.00043744995
0.00040460306
0.00037033285
0.00033526022
0.00029994638
0.00026488326
0.00023049303
0.00019713498
0.00016511818
0.00013404001
0.00010459126
7.7552779e-05
5.3454608e-05
3.2880888e-05
1.6410011e-05
4.3248887e-06
2.7095223e-07
2.6708128e-08
0.0005756298
0.00057015588
0.00055865023
0.00054217652
0.00052129317
0.00049650157
0.00046836386
0.0004375092
0.00040459978
0.00037029078
0.0003351982
0.00029987847
0.00026481911
0.00023043858
0.00019709313
0.00016508954
0.00013401612
0.00010457913
7.7550879e-05
5.3458825e-05
3.2887191e-05
1.6415292e-05
4.3279047e-06
2.7121553e-07
2.6731224e-08
0.00057665226
0.00057107812
0.00055940653
0.00054274993
0.00052169409
0.00049675473
0.00046849948
0.00043755764
0.00040458856
0.00037024307
0.00033513234
0.00029980807
0.00026475346
0.00023038331
0.00019705088
0.00016506073
0.0001339921
0.00010456695
7.7548954e-05
5.3463001e-05
3.2893435e-05
1.642052e-05
4.3308846e-06
2.7147578e-07
2.6753992e-08
0.00057763082
0.00057196017
0.0005601285
0.00054329515
0.00052207244
0.00049699017
0.00046862148
0.00043759587
0.00040456989
0.00037019012
0.00033506298
0.00029973545
0.00026468652
0.00023032736
0.00019700834
0.00016503183
0.00013396799
0.00010455476
7.754703e-05
5.3467149e-05
3.2899628e-05
1.6425699e-05
4.3338301e-06
2.717331e-07
2.6776441e-08
0.00057856713
0.00057280349
0.0005608174
0.00054381323
0.0005224291
0.00049720866
0.00046873052
0.00043762444
0.00040454425
0.00037013234
0.00033499042
0.00029966087
0.00026461848
0.00023027088
0.00019696562
0.00016500293
0.00013394388
0.00010454261
7.7545132e-05
5.3471285e-05
3.2905779e-05
1.6430832e-05
4.3367429e-06
2.7198763e-07
2.6798582e-08
0.00057946276
0.00057360954
0.00056147445
0.0005443052
0.00052276495
0.00049741094
0.00046882723
0.00043764389
0.00040451209
0.0003700701
0.00033491499
0.00029958457
0.00026454953
0.00023021402
0.00019692281
0.00016497408
0.00013391982
0.00010453054
7.7543287e-05
5.3475423e-05
3.2911894e-05
1.6435925e-05
4.3396245e-06
2.7223948e-07
2.6820426e-08
0.00058031926
0.00057437971
0.00056210085
0.00054477206
0.00052308084
0.00049759773
0.00046891224
0.00043765475
0.00040447386
0.00037000377
0.00033483697
0.00029950678
0.00026447984
0.0002301569
0.00019688001
0.00016494536
0.00013389587
0.00010451858
7.7541515e-05
5.3479576e-05
3.2917982e-05
1.644098e-05
4.3424766e-06
2.7248877e-07
2.6841981e-08
0.00058113813
0.00057511537
0.00056269776
0.00054521479
0.00052337758
0.00049776975
0.00046898614
0.00043765754
0.00040442999
0.0003699337
0.00033475664
0.00029942772
0.00026440959
0.00023009965
0.00019683731
0.00016491682
0.00013387208
0.00010450678
7.7539839e-05
5.3483756e-05
3.292405e-05
1.6446002e-05
4.3453008e-06
2.7273563e-07
2.6863258e-08
0.00058192082
0.00057581785
0.00056326631
0.00054563435
0.00052365599
0.00049792766
0.00046904952
0.00043765274
0.00040438088
0.00036986023
0.00033467429
0.00029934761
0.00026433894
0.00023004238
0.0001967948
0.00016488854
0.00013384852
0.00010449516
7.7538281e-05
5.3487976e-05
3.2930104e-05
1.6450994e-05
4.3480985e-06
2.7298017e-07
2.6884267e-08
0.00058266874
0.00057648843
0.00056380762
0.00054603167
0.00052391685
0.00049807214
0.00046910294
0.00043764083
0.00040432694
0.00036978368
0.00033459016
0.00029926665
0.00026426804
0.00022998523
0.00019675256
0.00016486056
0.00013382523
0.00010448377
7.7536859e-05
5.3492246e-05
3.2936152e-05
1.6455959e-05
4.3508712e-06
2.732225e-07
2.6905017e-08
0.00058338325
0.00057712836
0.00056432276
0.00054640765
0.00052416093
0.00049820384
0.00046914695
0.00043762227
0.00040426855
0.00036970436
0.00033450451
0.00029918503
0.00026419703
0.00022992828
0.00019671066
0.00016483295
0.00013380226
0.00010447263
7.7535592e-05
5.3496578e-05
3.2942198e-05
1.6460901e-05
4.3536202e-06
2.7346272e-07
2.6925517e-08
0.00058406569
0.00057773886
0.00056481276
0.00054676317
0.00052438896
0.00049832337
0.00046918207
0.0004375975
0.00040420607
0.00036962258
0.00033441758
0.00029910293
0.00026412606
0.00022987164
0.00019666918
0.00016480574
0.00013377965
0.00010446177
7.7534498e-05
5.350098e-05
3.294825e-05
1.6465824e-05
4.3563471e-06
2.7370094e-07
2.6945777e-08
0.00058471734
0.0005783211
0.00056527866
0.00054709909
0.00052460167
0.00049843135
0.00046920882
0.00043756696
0.00040413986
0.00036953861
0.00033432958
0.00029902053
0.00026405525
0.00022981541
0.00019662819
0.00016477899
0.00013375745
0.00010445122
7.7533591e-05
5.3505463e-05
3.2954312e-05
1.6470729e-05
4.359053e-06
2.7393727e-07
2.6965805e-08
0.00058533944
0.00057887623
0.00056572142
0.00054741624
0.00052479975
0.00049852837
0.00046922769
0.00043753104
0.00040407024
0.00036945273
0.00033424073
0.00029893799
0.00026398473
0.00022975968
0.00019658775
0.00016475274
0.00013373569
0.00010444101
7.7532888e-05
5.3510036e-05
3.2960389e-05
1.647562e-05
4.3617393e-06
2.7417179e-07
2.698561e-08
0.0005859332
0.00057940535
0.00056614202
0.00054771544
0.00052498389
0.00049861499
0.00046923916
0.00043749016
0.00040399756
0.0003693652
0.00033415124
0.00029885547
0.00026391461
0.00022970452
0.00019654791
0.00016472703
0.00013371441
0.00010443115
7.7532402e-05
5.3514705e-05
3.2966487e-05
1.64805e-05
4.3644071e-06
2.7440461e-07
2.7005201e-08
0.00058649979
0.00057990954
0.00056654138
0.00054799746
0.00052515474
0.00049869176
0.00046924369
0.00043744468
0.00040392211
0.00036927626
0.00033406129
0.00029877311
0.00026384501
0.00022965003
0.00019650874
0.0001647019
0.00013369365
0.00010442168
7.7532147e-05
5.351948e-05
3.297261e-05
1.648537e-05
4.3670577e-06
2.7463583e-07
2.7024586e-08
0.00058704032
0.00058038983
0.00056692039
0.00054826306
0.00052531293
0.00049875922
0.00046924172
0.00043739497
0.00040384419
0.00036918616
0.00033397108
0.00029869106
0.00026377602
0.00022959626
0.00019647028
0.00016467738
0.00013367344
0.00010441261
7.7532134e-05
5.3524367e-05
3.2978762e-05
1.6490234e-05
4.3696921e-06
2.7486552e-07
2.7043773e-08
0.0005875559
0.00058084723
0.00056727993
0.00054851299
0.0005254591
0.00049881789
0.00046923367
0.00043734139
0.00040376409
0.00036909511
0.00033388078
0.00029860945
0.00026370775
0.0002295433
0.00019643259
0.00016465351
0.00013365381
0.00010440397
7.7532374e-05
5.3529372e-05
3.2984948e-05
1.6495095e-05
4.3723115e-06
2.7509377e-07
2.706277e-08
0.00058804758
0.00058128271
0.00056762084
0.00054874795
0.00052559382
0.00049886825
0.00046921996
0.00043728427
0.00040368207
0.00036900333
0.00033379055
0.00029852839
0.00026364028
0.00022949121
0.0001963957
0.00016463032
0.00013363478
0.00010439576
7.7532878e-05
5.3534502e-05
3.299117e-05
1.6499952e-05
4.3749169e-06
2.7532067e-07
2.7081585e-08
0.00058851637
0.00058169722
0.00056794394
0.00054896863
0.00052571769
0.0004989108
0.00046920099
0.00043722392
0.0004035984
0.00036891102
0.00033370054
0.00029844801
0.0002635737
0.00022944004
0.00019635967
0.00016460784
0.00013361638
0.000104388
7.7533653e-05
5.3539761e-05
3.2997433e-05
1.650481e-05
4.3775092e-06
2.7554629e-07
2.7100226e-08
0.00058896326
0.00058209165
0.00056825002
0.00054917571
0.00052583125
0.00049894598
0.00046917712
0.00043716066
0.00040351332
0.00036881837
0.00033361091
0.00029836842
0.00026350808
0.00022938986
0.00019632452
0.00016458608
0.00013359863
0.00010438071
7.7534709e-05
5.3545155e-05
3.3003739e-05
1.6509669e-05
4.3800895e-06
2.7577071e-07
2.71187e-08
0.0005893892
0.00058246689
0.00056853985
0.00054936982
0.00052593504
0.00049897424
0.00046914873
0.00043709478
0.00040342705
0.00036872557
0.00033352179
0.00029828971
0.0002634435
0.0002293407
0.00019629029
0.00016456508
0.00013358155
0.00010437391
7.7536053e-05
5.3550687e-05
3.3010091e-05
1.6514532e-05
4.3826585e-06
2.7599401e-07
2.7137013e-08
0.00058979511
0.00058282378
0.00056881415
0.00054955159
0.00052602959
0.00049899601
0.00046911616
0.00043702656
0.00040333983
0.00036863279
0.0003334333
0.00029821199
0.00026338003
0.00022929263
0.00019625701
0.00016454485
0.00013356517
0.0001043676
7.7537691e-05
5.3556362e-05
3.3016492e-05
1.65194e-05
4.3852173e-06
2.7621625e-07
2.7155173e-08
0.00059018188
0.00058316315
0.00056907364
0.00054972163
0.00052611538
0.0004990117
0.00046907975
0.00043695627
0.00040325187
0.00036854019
0.00033334559
0.00029813533
0.00026331773
0.00022924568
0.00019622472
0.00016452541
0.00013354949
0.00010436179
7.7539628e-05
5.3562184e-05
3.3022943e-05
1.6524275e-05
4.3877665e-06
2.7643751e-07
2.7173187e-08
0.00059055034
0.00058348577
0.00056931901
0.0005498805
0.00052619291
0.0004990217
0.00046903981
0.00043688416
0.00040316336
0.00036844792
0.00033325874
0.00029805983
0.00026325666
0.00022919989
0.00019619343
0.00016450678
0.00013353453
0.00010435649
7.7541871e-05
5.3568155e-05
3.3029449e-05
1.6529157e-05
4.390307e-06
2.7665784e-07
2.7191061e-08
0.00059090133
0.00058379242
0.00056955092
0.00055002877
0.00052626262
0.00049902639
0.00046899665
0.00043681048
0.00040307449
0.00036835612
0.00033317288
0.00029798556
0.00026319687
0.00022915529
0.00019616317
0.00016448897
0.00013352031
0.00010435171
7.7544423e-05
5.3574278e-05
3.3036009e-05
1.6534049e-05
4.3928395e-06
2.7687731e-07
2.72088e-08
0.00059123564
0.00058408382
0.00056977
0.00055016697
0.00052632498
0.00049902614
0.00046895056
0.00043673545
0.00040298544
0.00036826493
0.0003330881
0.00029791258
0.00026313841
0.00022911193
0.00019613397
0.000164472
0.00013350683
0.00010434746
7.7547287e-05
5.3580555e-05
3.3042626e-05
1.6538951e-05
4.3953648e-06
2.7709597e-07
2.7226412e-08
0.00059155402
0.00058436067
0.00056997688
0.00055029563
0.0005263804
0.00049902129
0.00046890182
0.0004366593
0.00040289638
0.00036817448
0.0003330045
0.00029784098
0.00026308132
0.00022906982
0.00019610583
0.00016445588
0.00013349411
0.00010434373
7.7550467e-05
5.3586987e-05
3.3049301e-05
1.6543865e-05
4.3978834e-06
2.7731388e-07
2.7243903e-08
0.00059185721
0.00058462366
0.00057017214
0.00055041524
0.0005264293
0.00049901217
0.00046885069
0.00043658223
0.00040280747
0.00036808489
0.00033292216
0.0002977708
0.00026302564
0.000229029
0.00019607877
0.00016444061
0.00013348215
0.00010434055
7.7553964e-05
5.3593577e-05
3.3056036e-05
1.6548791e-05
4.400396e-06
2.775311e-07
2.7261276e-08
0.00059214592
0.00058487344
0.00057035635
0.00055052627
0.00052647206
0.0004989991
0.00046879743
0.00043650444
0.00040271886
0.00036799626
0.00033284115
0.00029770209
0.00026297142
0.00022898948
0.00019605282
0.00016442621
0.00013347095
0.0001043379
7.7557781e-05
5.3600327e-05
3.3062831e-05
1.6553731e-05
4.4029032e-06
2.7774767e-07
2.7278539e-08
0.00059242083
0.00058511064
0.00057053006
0.0005506292
0.00052650907
0.00049898239
0.00046874228
0.00043642611
0.00040263069
0.0003679087
0.00033276156
0.00029763493
0.00026291868
0.0002289513
0.00019602797
0.00016441266
0.00013346056
0.00010433578
7.7561904e-05
5.3607232e-05
3.3069688e-05
1.6558684e-05
4.4054056e-06
2.7796366e-07
2.7295695e-08
0.00059268257
0.00058533586
0.00057069379
0.00055072446
0.00052654068
0.00049896232
0.00046868546
0.00043634743
0.00040254309
0.00036782231
0.00033268346
0.00029756933
0.00026286746
0.00022891445
0.00019600425
0.00016439424
0.00013345061
0.00010433441
7.7566413e-05
5.3614297e-05
3.3076603e-05
1.6563652e-05
4.4079034e-06
2.7817908e-07
2.7312754e-08
0.00059293178
0.00058554967
0.00057084805
0.00055081246
0.00052656724
0.00049893917
0.0004686272
0.00043626855
0.00040245618
0.00036773718
0.00033260689
0.00029750534
0.00026281773
0.0002288789
0.00019598157
0.0001643744
0.00013344096
0.00010433368
7.7571309e-05
5.3621527e-05
3.3083572e-05
1.6568629e-05
4.4103957e-06
2.7839388e-07
2.7329719e-08
0.00059316906
0.00058575264
0.00057099331
0.00055089362
0.00052658909
0.0004989132
0.00046856769
0.00043618963
0.00040237009
0.00036765337
0.00033253189
0.00029744297
0.0002627695
0.00022884464
0.0001959599
0.00016435484
0.00013343168
0.00010433342
7.7576536e-05
5.3628908e-05
3.3090587e-05
1.6573612e-05
4.4128811e-06
2.7860799e-07
2.7346588e-08
0.00059339498
0.00058594529
0.00057113005
0.00055096833
0.00052660653
0.00049888467
0.00046850713
0.00043611082
0.0004022849
0.00036757096
0.00033245852
0.00029738222
0.00026272277
0.00022881164
0.00019593925
0.00016433587
0.00013342286
0.00010433356
7.7582042e-05
5.3636425e-05
3.3097643e-05
1.6578596e-05
4.4153589e-06
2.7882135e-07
2.736336e-08
0.00059361009
0.00058612814
0.00057125871
0.00055103695
0.00052661986
0.00049885381
0.0004684457
0.00043603225
0.00040220071
0.00036749
0.00033238679
0.00029732312
0.00026267754
0.00022877993
0.00019591961
0.00016431765
0.0001334146
0.0001043341
7.7587804e-05
5.3644066e-05
3.3104736e-05
1.6583583e-05
4.4178289e-06
2.7903395e-07
2.7380034e-08
0.00059381492
0.00058630167
0.00057137971
0.00055109983
0.00052662938
0.00049882084
0.00046838358
0.00043595404
0.00040211762
0.00036741056
0.00033231675
0.00029726568
0.00026263383
0.00022874949
0.000195901
0.00016430026
0.00013340695
0.00010433507
7.7593814e-05
5.3651825e-05
3.3111868e-05
1.6588573e-05
4.420292e-06
2.7924584e-07
2.739661e-08
0.00059400998
0.00058646635
0.00057149345
0.00055115732
0.00052663535
0.00049878598
0.00046832092
0.00043587632
0.0004020357
0.00036733269
0.00033224842
0.00029720993
0.00026259164
0.00022872036
0.00019588343
0.00016428377
0.00013339995
0.00010433646
7.7600076e-05
5.3659705e-05
3.3119043e-05
1.6593569e-05
4.4227492e-06
2.7945712e-07
2.7413092e-08
0.00059419573
0.00058662262
0.00057160033
0.00055120974
0.00052663804
0.00049874943
0.00046825787
0.0004357992
0.00040195503
0.00036725643
0.00033218185
0.00029715587
0.00026255098
0.00022869253
0.00019586691
0.0001642682
0.00013339364
0.0001043383
7.7606596e-05
5.3667712e-05
3.3126264e-05
1.6598575e-05
4.4252022e-06
2.7966789e-07
2.7429485e-08
0.00059437266
0.00058677092
0.00057170071
0.0005512574
0.00052663768
0.00049871139
0.0004681946
0.00043572277
0.00040187568
0.00036718184
0.00033211704
0.00029710353
0.00026251187
0.00022866601
0.00019585144
0.00016425357
0.00013338803
0.0001043406
7.7613382e-05
5.3675852e-05
3.3133538e-05
1.6603593e-05
4.427652e-06
2.7987823e-07
2.7445795e-08
0.00059454118
0.00058691165
0.00057179495
0.00055130058
0.00052663452
0.00049867203
0.00046813122
0.00043564715
0.00040179773
0.00036710895
0.00033205405
0.00029705293
0.00026247431
0.00022864081
0.00019583704
0.00016423992
0.00013338313
0.00010434337
7.7620442e-05
5.368413e-05
3.3140869e-05
1.6608628e-05
4.4300998e-06
2.8008823e-07
2.7462028e-08
0.00059470174
0.0005870452
0.00057188338
0.00055133957
0.00052662878
0.00049863153
0.00046806787
0.00043557242
0.00040172122
0.00036703781
0.00033199287
0.00029700407
0.00026243831
0.00022861693
0.00019582371
0.00016422724
0.00013337896
0.00010434661
7.7627781e-05
5.3692553e-05
3.314826e-05
1.6613681e-05
4.4325466e-06
2.8029797e-07
2.7478191e-08
0.00059485471
0.00058717194
0.00057196633
0.00055137463
0.00052662067
0.00049859005
0.00046800467
0.00043549867
0.00040164623
0.00036696845
0.00033193354
0.00029695696
0.00026240388
0.00022859438
0.00019581144
0.00016421555
0.00013337553
0.00010435034
7.7635405e-05
5.3701123e-05
3.3155716e-05
1.6618754e-05
4.434993e-06
2.805075e-07
2.749429e-08
0.00059500049
0.00058729222
0.00057204409
0.00055140601
0.00052661039
0.00049854774
0.00046794173
0.00043542597
0.0004015728
0.00036690091
0.00033187607
0.00029691162
0.00026237103
0.00022857316
0.00019580025
0.00016420485
0.00013337284
0.00010435455
7.7643317e-05
5.3709844e-05
3.3163237e-05
1.6623847e-05
4.4374397e-06
2.8071687e-07
2.7510329e-08
0.00059513944
0.00058740638
0.00057211696
0.00055143396
0.00052659813
0.00049850476
0.00046787917
0.0004353544
0.00040150098
0.0003668352
0.00033182048
0.00029686805
0.00026233975
0.00022855327
0.00019579012
0.00016419515
0.00013337089
0.00010435925
7.7651519e-05
5.3718717e-05
3.3170824e-05
1.6628962e-05
4.439887e-06
2.8092612e-07
2.7526314e-08
0.0005952719
0.00058751473
0.00057218522
0.0005514587
0.00052658407
0.00049846124
0.00046781707
0.00043528403
0.00040143081
0.00036677137
0.00033176677
0.00029682625
0.00026231004
0.00022853471
0.00019578107
0.00016418645
0.00013336968
0.00010436445
7.7660011e-05
5.3727743e-05
3.3178478e-05
1.6634099e-05
4.4423354e-06
2.8113529e-07
2.7542249e-08
0.0005953982
0.00058761757
0.00057224913
0.00055148045
0.00052656839
0.0004984173
0.00046775554
0.00043521493
0.00040136233
0.00036670942
0.00033171497
0.00029678624
0.00026228191
0.00022851748
0.00019577308
0.00016417875
0.00013336922
0.00010437013
7.7668794e-05
5.373692e-05
3.3186199e-05
1.6639258e-05
4.4447851e-06
2.813444e-07
2.7558137e-08
0.00059551865
0.00058771521
0.00057230894
0.00055149941
0.00052655124
0.00049837308
0.00046769465
0.00043514714
0.00040129558
0.00036664938
0.00033166508
0.00029674801
0.00026225536
0.00022850158
0.00019576616
0.00016417204
0.00013336951
0.0001043763
7.7677864e-05
5.3746249e-05
3.3193987e-05
1.6644439e-05
4.4472364e-06
2.8155348e-07
2.7573982e-08
0.00059563354
0.0005878079
0.00057236488
0.00055151579
0.00052653278
0.00049832868
0.0004676345
0.00043508073
0.00040123059
0.00036659126
0.00033161711
0.00029671156
0.00026223038
0.000228487
0.00019576031
0.00016416634
0.00013337054
0.00010438296
7.7687222e-05
5.3755727e-05
3.320184e-05
1.6649642e-05
4.4496894e-06
2.8176256e-07
2.7589791e-08
0.00059574315
0.00058789591
0.00057241716
0.00055152974
0.00052651314
0.0004982842
0.00046757515
0.00043501573
0.00040116738
0.00036653509
0.00033157105
0.0002966769
0.00026220697
0.00022847373
0.0001957555
0.00016416162
0.0001333723
0.00010439009
7.769686e-05
5.376535e-05
3.3209757e-05
1.6654866e-05
4.4521443e-06
2.8197163e-07
2.760556e-08
0.00059584778
0.00058797951
0.00057246606
0.00055154151
0.00052649251
0.0004982398
0.00046751671
0.00043495225
0.00040110603
0.0003664809
0.00033152696
0.00029664405
0.00026218515
0.0002284618
0.00019575177
0.0001641579
0.00013337481
0.00010439772
7.7706794e-05
5.3775131e-05
3.3217745e-05
1.6660114e-05
4.454602e-06
2.8218081e-07
2.7621305e-08
0.00059594749
0.00058805874
0.00057251155
0.00055155102
0.00052647079
0.00049819533
0.00046745904
0.0004348901
0.00040104637
0.00036642853
0.00033148467
0.00029661286
0.0002621648
0.0002284511
0.00019574902
0.00016415515
0.000133378
0.00010440576
7.7716952e-05
5.3785023e-05
3.322578e-05
1.666538e-05
4.457062e-06
2.8239007e-07
2.763704e-08
0.00059604338
0.0005881347
0.00057255472
0.00055155935
0.00052644903
0.00049815182
0.00046740308
0.00043483018
0.00040098921
0.00036637875
0.00033144486
0.00029658397
0.00026214645
0.00022844209
0.00019574763
0.00016415362
0.00013338227
0.00010441464
7.772767e-05
5.3795233e-05
3.3233963e-05
1.6670697e-05
4.4595287e-06
2.8259961e-07
2.7652716e-08
0.00059613177
0.00058820363
0.00057259174
0.00055156262
0.00052642335
0.00049810546
0.0004673452
0.00043476906
0.00040093136
0.00036632861
0.0003314049
0.00029655499
0.00026212805
0.00022843303
0.00019574621
0.00016415238
0.00013338607
0.00010442267
7.7737625e-05
5.3804985e-05
3.3241989e-05
1.6676018e-05
4.4620343e-06
2.8281328e-07
2.7668815e-08
0.00059622957
0.0005882825
0.00057263951
0.00055157746
0.0005264099
0.00049807174
0.00046730002
0.00043472041
0.00040088548
0.00036628973
0.00033137533
0.00029653544
0.00026211804
0.00022843124
0.00019575088
0.00016415745
0.0001333975
0.00010443816
7.7753563e-05
5.3818568e-05
3.3251825e-05
1.6681916e-05
4.4645632e-06
2.8302603e-07
2.7685214e-08
0.00059622105
0.00058825745
0.00057258803
0.00055149923
0.00052631047
0.00049795953
0.00046718396
0.0004346083
0.00040078322
0.00036620111
0.00033130218
0.00029647799
0.00026207532
0.00022840158
0.00019573234
0.00016411764
0.00013336937
0.00010442319
7.7747395e-05
5.3817646e-05
3.3253625e-05
1.6684351e-05
4.4665861e-06
2.8321861e-07
2.7703843e-08
)
;

boundaryField
{
    inlet
    {
        type            calculated;
        value           nonuniform List<scalar> 
25
(
0.000690819
0.00069081904
0.00069081911
0.00069081921
0.00069081934
0.00069081949
0.00069081964
0.00069081981
0.00069081999
0.00069082017
0.00069082035
0.00069082053
0.00069082071
0.00068657031
0.00064359102
0.00060550577
0.00057267878
0.00054853038
0.00053958472
0.00051157667
0.00020714491
4.3737195e-05
1.24439e-05
4.349861e-06
1.6300787e-06
)
;
    }
    outlet
    {
        type            calculated;
        value           nonuniform List<scalar> 
25
(
0.00059622095
0.00058825735
0.00057258793
0.00055149913
0.00052631037
0.00049795945
0.00046718387
0.00043460822
0.00040078315
0.00036620105
0.00033130212
0.00029647794
0.00026207528
0.00022840154
0.00019573231
0.00016430605
0.00013431286
0.00010601977
7.970932e-05
5.5744659e-05
3.4605402e-05
1.7022033e-05
4.4665853e-06
2.8321856e-07
2.7703839e-08
)
;
    }
    wall
    {
        type            compressible::alphatWallFunction;
        Prt             0.85;
        value           uniform 0;
    }
    front
    {
        type            wedge;
    }
    back
    {
        type            wedge;
    }
    axis
    {
        type            empty;
    }
}


// ************************************************************************* //
