/*--------------------------------*- C++ -*----------------------------------*\
| =========                 |                                                 |
| \\      /  F ield         | OpenFOAM: The Open Source CFD Toolbox           |
|  \\    /   O peration     | Version:  v2012                                 |
|   \\  /    A nd           | Website:  www.openfoam.com                      |
|    \\/     M anipulation  |                                                 |
\*---------------------------------------------------------------------------*/
FoamFile
{
    version     2.0;
    format      ascii;
    class       volScalarField;
    location    "2000";
    object      k;
}
// * * * * * * * * * * * * * * * * * * * * * * * * * * * * * * * * * * * * * //

dimensions      [0 2 -2 0 0 0 0];


internalField   nonuniform List<scalar> 
6250
(
0.033282704
0.033284112
0.033295182
0.033312946
0.033335827
0.03336341
0.03339444
0.033426214
0.033453979
0.033470375
0.033465097
0.033424794
0.033332816
0.033167847
0.032899602
0.032478991
0.031816192
0.030740348
0.028951934
0.026080964
0.022104807
0.017952127
0.01506614
0.016636987
0.05293236
0.032870893
0.032880719
0.032904046
0.032940618
0.032987062
0.033040836
0.033096512
0.033144674
0.033171425
0.033158826
0.033085938
0.032929295
0.03266107
0.032243087
0.031614442
0.030669593
0.029224812
0.026992752
0.023678866
0.019444419
0.015369801
0.012232275
0.0087704666
0.0046890452
0.0092973557
0.032428433
0.032443777
0.032475459
0.032522997
0.032580657
0.03264156
0.032694186
0.032721939
0.03270421
0.032618241
0.032440212
0.032143731
0.03169452
0.031040419
0.030095356
0.028716407
0.026683988
0.023751174
0.01997521
0.016371124
0.014251888
0.012198611
0.0075632915
0.0020844712
0.004316844
0.031978614
0.031997956
0.032036011
0.032089609
0.032150047
0.032205266
0.032237755
0.032225663
0.032145192
0.031972468
0.031683003
0.031247791
0.030625937
0.029753715
0.028529974
0.026802471
0.024385372
0.021226993
0.017933298
0.016009644
0.015509111
0.013360402
0.0072603366
0.0016057463
0.003353822
0.031537856
0.031560409
0.031603302
0.031659644
0.031716704
0.031757088
0.031758461
0.031696067
0.031545421
0.031283021
0.030883967
0.030316636
0.029535019
0.028469238
0.027016583
0.025046274
0.022473214
0.019553404
0.017404769
0.017338874
0.017687633
0.014747653
0.007189048
0.001481082
0.0029951275
0.031106568
0.031131036
0.031176152
0.031230733
0.031277623
0.031294853
0.031257024
0.031138513
0.030915526
0.03056534
0.030062671
0.02937406
0.028451253
0.027225106
0.025606024
0.023515282
0.021026791
0.018752999
0.018099147
0.019543943
0.020330595
0.016288088
0.007400115
0.001441081
0.0026840613
0.030684835
0.03071005
0.030754595
0.030802906
0.030833635
0.0308214
0.030739351
0.030562328
0.030267832
0.029834049
0.029235708
0.028439053
0.027397308
0.026049736
0.024335268
0.022257941
0.020099631
0.018817326
0.019825306
0.022523564
0.023291676
0.018080814
0.0078689793
0.0014583142
0.0024551566
0.030273226
0.030297973
0.03033915
0.030377034
0.030386685
0.030340525
0.030211526
0.029975799
0.029612426
0.029100722
0.028416222
0.02752691
0.02639167
0.02496628
0.023234043
0.021311217
0.019718307
0.019675849
0.02228722
0.026080075
0.026487005
0.020131391
0.0085334402
0.0015196787
0.002306246
0.029871196
0.029894125
0.029929103
0.029952762
0.029937389
0.029854349
0.029677377
0.029384319
0.028956028
0.028373336
0.027613675
0.026649099
0.025448618
0.02399299
0.022326196
0.020704235
0.019899442
0.021295008
0.025436844
0.030005346
0.029851735
0.022393324
0.0093478421
0.0016128021
0.0022055184
0.029477771
0.029497518
0.029523618
0.029529774
0.029486422
0.029364839
0.029140172
0.028792278
0.028303999
0.027658234
0.026835601
0.025814751
0.024579515
0.023144545
0.021631391
0.020459654
0.020640392
0.023537832
0.029047471
0.034074018
0.033292153
0.024792943
0.010272481
0.0017292311
0.0021384774
0.029092053
0.02910732
0.029122137
0.029108127
0.029034771
0.028874039
0.028602925
0.028203503
0.027660871
0.026960675
0.026088122
0.025031032
0.023792672
0.022430012
0.021156252
0.02056571
0.021856172
0.026098012
0.03268522
0.037998226
0.036625999
0.02719856
0.011247365
0.0018592364
0.0020981518
0.028713206
0.028722804
0.028724271
0.028688045
0.028583477
0.028383833
0.028068253
0.027621205
0.027030375
0.026284908
0.025376031
0.024303254
0.023093822
0.021855412
0.020906155
0.021017811
0.023471305
0.028887749
0.036221902
0.041587974
0.039687307
0.029464381
0.012201245
0.0019912462
0.0020765729
0.028340439
0.028343331
0.028329756
0.028269856
0.028133573
0.027895923
0.027538415
0.027048084
0.02641559
0.025634365
0.024703076
0.023635429
0.022487225
0.02142538
0.020885839
0.021812489
0.025423665
0.031813931
0.03957221
0.04476415
0.042379395
0.031483502
0.013074568
0.0021150866
0.0020661887
0.027973044
0.027968367
0.02793845
0.027853966
0.02768606
0.027411847
0.027015369
0.026486424
0.02581905
0.025011747
0.024071982
0.023030029
0.021974647
0.021139902
0.021088187
0.022885248
0.027541302
0.034756893
0.042630832
0.04740077
0.044621625
0.033174352
0.013818576
0.0022221988
0.0020609465
0.027610399
0.02759748
0.027550302
0.027440818
0.02724188
0.026932971
0.026500804
0.025938142
0.025242814
0.024419144
0.023484715
0.022488812
0.021557964
0.021001585
0.021509867
0.024199197
0.029779054
0.037608244
0.045359433
0.049565777
0.046428968
0.034523655
0.014413919
0.0023083664
0.0020562636
0.027251972
0.027230324
0.027165324
0.027030856
0.026801894
0.026460489
0.025996157
0.025404829
0.02468854
0.023858169
0.022942734
0.022013047
0.021238507
0.021013817
0.0221538
0.025721166
0.032078216
0.040305138
0.047777042
0.051391188
0.047886305
0.035583216
0.014875187
0.0023747518
0.0020496271
0.026897326
0.02686664
0.026783584
0.02662452
0.026366879
0.02599544
0.025502639
0.024887785
0.024157514
0.023329978
0.022446963
0.021603602
0.021018112
0.021180277
0.023003507
0.02741914
0.034400848
0.042824134
0.04991285
0.052953726
0.049077747
0.036421305
0.015231353
0.0024252487
0.0020405684
0.02654613
0.026506261
0.026405204
0.026222248
0.025937544
0.025538727
0.025021264
0.024388048
0.023650707
0.022835399
0.021998181
0.021261776
0.020899483
0.021499272
0.024025207
0.029214711
0.036711805
0.045162579
0.051813235
0.054313017
0.050073819
0.037099282
0.015511443
0.002464162
0.0020297707
0.026198152
0.026149102
0.026030351
0.025824468
0.02551453
0.02509113
0.024552871
0.023906437
0.02316884
0.022375016
0.021596905
0.020988301
0.020885081
0.021970565
0.025185288
0.031051216
0.038969322
0.047324392
0.053518064
0.055513722
0.050927827
0.037664501
0.015738838
0.0024951045
0.0020181638
0.025853254
0.025795154
0.025659229
0.025431598
0.025098415
0.024653315
0.024098142
0.023443566
0.022712375
0.021949077
0.021243223
0.020783538
0.020975874
0.022584313
0.026472409
0.032914251
0.041143935
0.049318343
0.05505506
0.056586478
0.051676327
0.038150082
0.015930289
0.0025207117
0.0020064928
0.025511377
0.02544447
0.025292071
0.025044037
0.024689715
0.024225848
0.023657616
0.022999874
0.022281604
0.021557792
0.020937715
0.020649514
0.021173929
0.023333563
0.027872919
0.034796606
0.043220298
0.051147193
0.05644557
0.057552508
0.052343044
0.038577555
0.016096797
0.0025427284
0.001995253
0.025172528
0.02509715
0.024929119
0.024662157
0.02428888
0.023809195
0.023231713
0.022575693
0.021876783
0.021201553
0.020681583
0.020590299
0.021486005
0.024209467
0.029363834
0.036682757
0.045194143
0.052828048
0.057711176
0.058429254
0.052944391
0.038960936
0.016245389
0.0025622663
0.0019847367
0.024836767
0.024753329
0.024570622
0.024286302
0.023896304
0.023403741
0.022820759
0.022171254
0.021498073
0.020880592
0.020475568
0.02060857
0.021909567
0.025189828
0.030898667
0.038553361
0.04706667
0.054384481
0.058872515
0.059232385
0.053493265
0.039310189
0.016380822
0.0025800692
0.0019751184
0.024504192
0.024413164
0.024216826
0.023916785
0.02351232
0.023009791
0.022424984
0.021786681
0.021145507
0.020594995
0.020320111
0.020703384
0.022434018
0.026257943
0.032447191
0.040392468
0.048838321
0.055829068
0.059944304
0.059974255
0.053999826
0.039632764
0.016506482
0.002596652
0.0019664636
0.024174931
0.024076831
0.023867968
0.023553885
0.023137208
0.022627583
0.022044547
0.021422052
0.020819183
0.020345253
0.020216839
0.02087648
0.023055105
0.027405983
0.034010073
0.0421837
0.050509074
0.05717056
0.060936456
0.060663492
0.054471537
0.039934193
0.016624833
0.0026123749
0.0019587444
0.023849132
0.023744509
0.023524274
0.023197848
0.022771201
0.022257301
0.021679563
0.021077448
0.020519316
0.020132211
0.020169206
0.021133362
0.023766516
0.028623913
0.035589389
0.04391614
0.052071929
0.058415273
0.061855835
0.061305585
0.054913233
0.040218167
0.016737506
0.0026274721
0.0019519213
0.023526956
0.023416384
0.023185954
0.022848889
0.022414489
0.021899079
0.021330105
0.020752908
0.020246026
0.019956406
0.020179042
0.021473866
0.024565472
0.029899416
0.037169583
0.045585819
0.053540888
0.059573286
0.06270954
0.06190489
0.055328091
0.040486923
0.016845401
0.0026420652
0.0019459338
0.023208568
0.023092633
0.022853199
0.022507195
0.022067223
0.021553013
0.020996203
0.020448439
0.019999464
0.019818561
0.020247116
0.021895867
0.025449564
0.031220327
0.038739355
0.047191711
0.05492563
0.060654739
0.063504761
0.062465584
0.055718698
0.040742048
0.01694909
0.0026562253
0.0019407199
0.022894134
0.022773432
0.022526185
0.022172921
0.021729519
0.021219163
0.020677875
0.020164105
0.01978003
0.01971995
0.020374458
0.022393269
0.026395628
0.032549123
0.040296679
0.048730927
0.056230048
0.061666607
0.064247451
0.062991395
0.056087234
0.040984705
0.017048918
0.0026699931
0.0019362415
0.02258382
0.022458946
0.02220507
0.0218462
0.021401467
0.020897572
0.020375153
0.019900067
0.019588401
0.019663207
0.020564659
0.022959408
0.027394663
0.033884605
0.041829258
0.050202261
0.057456428
0.062612561
0.064941942
0.063485322
0.056435463
0.041215732
0.017145059
0.0026833761
0.0019324226
0.022277784
0.022149327
0.021889992
0.021527141
0.021083134
0.020588269
0.02008806
0.019656441
0.019425038
0.019649964
0.02081843
0.023591998
0.028441181
0.035225445
0.043328695
0.051605232
0.058607996
0.063496374
0.06559167
0.063949797
0.056764913
0.041435899
0.017237679
0.0026963785
0.0019291706
0.021976175
0.021844719
0.021581074
0.021215834
0.020774566
0.020291256
0.019816586
0.019433286
0.019290267
0.019680333
0.021134218
0.024291935
0.029531153
0.036571103
0.044789002
0.052936884
0.059688144
0.064321751
0.066199471
0.064386701
0.057076768
0.041645795
0.017326882
0.0027089994
0.0019264194
0.021679134
0.021545252
0.021278422
0.020912348
0.02047579
0.020006526
0.019560738
0.019230797
0.019184855
0.019755426
0.021511841
0.025057243
0.030660036
0.037921211
0.046205139
0.054194593
0.06070051
0.065092482
0.066767909
0.064797537
0.057371892
0.041845801
0.017412684
0.0027212245
0.0019240962
0.02138679
0.021251043
0.020982128
0.020616738
0.020186822
0.019734083
0.01932061
0.019049466
0.019110609
0.01987829
0.021950444
0.025882877
0.031819567
0.039265238
0.047575567
0.055387829
0.061651778
0.06581353
0.067300052
0.065183965
0.057651181
0.042036339
0.017495154
0.0027330511
0.0019221481
0.02109926
0.020962194
0.020692266
0.020329045
0.019907676
0.019473951
0.019096354
0.018889904
0.019069929
0.020051498
0.022442958
0.026748207
0.032980979
0.040602867
0.048898764
0.056520496
0.062547606
0.066490028
0.067799379
0.065547932
0.057915639
0.042217854
0.01757437
0.0027444843
0.0019205563
0.020816651
0.020678797
0.020408902
0.020049301
0.019638357
0.019226142
0.018888059
0.018752393
0.019063127
0.020273817
0.022987973
0.027648694
0.034145455
0.04192395
0.050173042
0.057594913
0.063392145
0.067126386
0.0682693
0.065891543
0.058166411
0.042390857
0.017650431
0.0027555264
0.0019192733
0.020539057
0.020400932
0.020132087
0.019777525
0.01937886
0.018990651
0.018695781
0.018637165
0.019090097
0.020543933
0.023585183
0.02858217
0.035312825
0.043222062
0.051397813
0.058613594
0.064188757
0.067726147
0.068712843
0.06621694
0.058404858
0.042556106
0.017723579
0.0027662007
0.0019182434
0.02026656
0.020128667
0.019861862
0.019513729
0.019129176
0.018767485
0.018519665
0.018544762
0.019151598
0.020861652
0.024232975
0.02954598
0.03648118
0.044493223
0.05257325
0.05957955
0.06494066
0.068292271
0.069132551
0.066526073
0.058632349
0.042714441
0.017794116
0.0027765436
0.0019174362
0.019999233
0.019862059
0.019598259
0.019257917
0.018889302
0.018556708
0.018360064
0.01847662
0.019249968
0.021226012
0.024928518
0.030536728
0.037648256
0.045734695
0.053699858
0.060496024
0.065651131
0.068827454
0.069530587
0.066820612
0.058850114
0.04286666
0.017862348
0.0027865942
0.0019168257
0.019737136
0.019601155
0.019341301
0.019010093
0.018659249
0.018358429
0.018217457
0.018434714
0.019387929
0.021635538
0.025668248
0.03155107
0.038816706
0.046943247
0.054772656
0.061364958
0.066323025
0.069334073
0.069908781
0.067101956
0.059059216
0.043013499
0.017928582
0.0027963938
0.0019163946
0.019480321
0.019345993
0.019091005
0.018770257
0.018439029
0.01817273
0.018092114
0.018419458
0.019565275
0.022089731
0.026442456
0.032575319
0.039983618
0.048117279
0.055796635
0.062190105
0.066959662
0.069814585
0.070268846
0.067371306
0.059260539
0.043155581
0.01799309
0.0028059835
0.0019161487
0.019228829
0.019096603
0.018847381
0.018538405
0.018228642
0.017999663
0.017984213
0.018430713
0.019780868
0.022586775
0.027242477
0.033599813
0.041144225
0.049255724
0.056775449
0.062975063
0.067564419
0.070271549
0.070612479
0.067629741
0.059454783
0.043293351
0.018056053
0.0028153897
0.0019160888
0.018982694
0.018853007
0.018610434
0.018314528
0.01802809
0.017839312
0.017894062
0.018468774
0.02003415
0.023124828
0.028067053
0.034626396
0.042291252
0.050357857
0.057711403
0.063722684
0.068140221
0.070707375
0.070941363
0.067878324
0.059642619
0.043427219
0.018117625
0.0028246312
0.0019161936
0.018741943
0.01861522
0.018380163
0.01809862
0.017837402
0.017691874
0.017822444
0.018534834
0.020324438
0.023701813
0.028914548
0.035654363
0.043420629
0.051423573
0.058606678
0.064435416
0.068689482
0.071124166
0.071257086
0.068118144
0.059824772
0.043557649
0.018177993
0.0028337315
0.0019164453
0.018506594
0.018383254
0.018156566
0.017890682
0.017656649
0.017557696
0.01777093
0.018631094
0.020650053
0.024315197
0.029782736
0.036682199
0.044529774
0.052453116
0.059463546
0.065115591
0.069214267
0.07152369
0.071561057
0.068350227
0.06000196
0.043685104
0.018237345
0.0028427165
0.0019168369
0.01827666
0.018157111
0.01793964
0.017690723
0.017485899
0.017437045
0.01774029
0.018758332
0.021011283
0.024962727
0.030669148
0.037708318
0.045616916
0.05344691
0.060284296
0.065765514
0.069716453
0.071907452
0.071854467
0.068575475
0.060174833
0.043810015
0.018295859
0.0028516105
0.0019173593
0.018052148
0.017936794
0.017729379
0.017498742
0.017325197
0.017330058
0.017730487
0.018916379
0.021409644
0.02564255
0.031571113
0.038731191
0.046680836
0.054405628
0.061071208
0.066387455
0.070197822
0.072276793
0.072138339
0.068794658
0.060343949
0.043932721
0.018353554
0.0028604401
0.0019180049
0.01783306
0.017722297
0.017525774
0.017314737
0.017174581
0.017236891
0.017741599
0.019105088
0.021844509
0.026348108
0.032480232
0.039755252
0.047719894
0.055326257
0.061825497
0.066983317
0.070659962
0.072632884
0.072413532
0.069008408
0.060509761
0.044053495
0.018410728
0.0028692333
0.0019187834
0.017619392
0.017513613
0.017328811
0.017138711
0.017034129
0.017157838
0.017774037
0.019324176
0.022313264
0.027072557
0.033389538
0.040778699
0.048732779
0.056210617
0.062548916
0.067554997
0.071104388
0.072976774
0.072680737
0.069217162
0.060672516
0.044172373
0.018467628
0.0028780204
0.0019197029
0.017411139
0.017310733
0.017138484
0.016970688
0.016904018
0.017093706
0.017828984
0.019572687
0.022813645
0.027815191
0.034300892
0.041794451
0.049718793
0.057061719
0.063243517
0.068104361
0.071532578
0.073309471
0.072940598
0.069421343
0.060832551
0.044289772
0.018524185
0.002886788
0.0019207497
0.01720829
0.017113644
0.016954789
0.016810721
0.016784519
0.017045713
0.017908009
0.019849272
0.02334353
0.028574896
0.035213879
0.042798611
0.050677786
0.057881599
0.063911137
0.068633057
0.071945889
0.07363195
0.073193755
0.069621374
0.060990172
0.044405989
0.018580496
0.0028955492
0.0019219146
0.017010835
0.016922336
0.016777726
0.01665886
0.016675818
0.017014283
0.018011471
0.020154326
0.023901295
0.029350248
0.036127383
0.043788812
0.051609872
0.058672008
0.064553457
0.06914252
0.072345494
0.073945079
0.073440778
0.069817553
0.061145409
0.044521466
0.018636733
0.0029043289
0.0019231959
0.016818759
0.016736796
0.016607293
0.016515135
0.016578004
0.016999291
0.018139178
0.020488993
0.024485724
0.030139681
0.037040199
0.044763493
0.052515301
0.059434587
0.065172085
0.069634036
0.07273241
0.074249636
0.073682234
0.070010314
0.061298712
0.044636123
0.018692883
0.0029131245
0.0019245894
0.016632046
0.016557008
0.016443484
0.016379568
0.016491164
0.017000734
0.018291186
0.020853895
0.025095672
0.030941624
0.037951277
0.045721569
0.053394388
0.060170873
0.06576856
0.070108808
0.07310754
0.074546306
0.073918646
0.070200051
0.061450385
0.044750066
0.018748972
0.0029219379
0.0019260864
0.016450678
0.016382956
0.016286291
0.016252198
0.016415479
0.017018937
0.018467844
0.021249077
0.025729805
0.031754245
0.03885957
0.046662281
0.054247652
0.06088238
0.066344369
0.070567976
0.073471707
0.07483569
0.07415045
0.070387063
0.061600746
0.044863496
0.018805097
0.0029307848
0.0019276843
0.016274636
0.016214625
0.016135724
0.016133132
0.01635147
0.017054735
0.018668857
0.021672477
0.026380682
0.032568419
0.039767926
0.047585099
0.055075212
0.061570369
0.066900917
0.071012638
0.073825674
0.075118301
0.074377973
0.070571514
0.061750112
0.044976624
0.018861359
0.0029396834
0.0019293952
0.0161039
0.016052004
0.01599181
0.016022569
0.016300131
0.017109465
0.018893088
0.022121595
0.027045236
0.033383337
0.040677332
0.048488614
0.055873986
0.062235014
0.067439183
0.071443722
0.074170118
0.075394601
0.07460155
0.070753714
0.061898463
0.045089463
0.018917759
0.0029486316
0.0019312192
0.015938455
0.015895085
0.015854589
0.015920689
0.016262044
0.017183758
0.019140315
0.022594648
0.027723144
0.034200353
0.04158258
0.049372061
0.056646454
0.062877359
0.067960163
0.071862083
0.074505663
0.075665013
0.074821472
0.07093387
0.062045873
0.045202047
0.018974301
0.0029576279
0.0019331454
0.015778281
0.015743863
0.015724087
0.015827588
0.016237172
0.017277519
0.019411307
0.023090499
0.028413825
0.035019127
0.042480188
0.050235241
0.05739467
0.063498667
0.068464857
0.072268529
0.074832882
0.075929889
0.075037923
0.071112235
0.062192483
0.045314456
0.019031017
0.0029666764
0.0019351684
0.015623363
0.01559833
0.015600322
0.015743314
0.016225389
0.017390656
0.019706764
0.023608318
0.029116451
0.035838801
0.043368041
0.051078181
0.058120105
0.064100155
0.068954209
0.072663797
0.075152312
0.076189587
0.075251139
0.071288952
0.062338395
0.045426751
0.019087928
0.0029757799
0.0019372862
0.015473683
0.015458476
0.015483308
0.015667934
0.016226741
0.01752331
0.020026971
0.024147303
0.029830028
0.03665845
0.044244762
0.051900995
0.058823984
0.064682966
0.069429101
0.073048565
0.07546446
0.076444472
0.075461388
0.071464088
0.062483648
0.045538955
0.01914504
0.0029849385
0.0019394948
0.015329222
0.015324293
0.015373077
0.01560162
0.016241545
0.017675719
0.020371863
0.024706553
0.030553466
0.037477229
0.045109391
0.052703849
0.059507402
0.065248184
0.069890369
0.073423456
0.075769789
0.076694877
0.075668891
0.071637742
0.062628284
0.045651081
0.01920235
0.002994151
0.0019417912
0.015189966
0.015195785
0.015269723
0.015544908
0.016270635
0.017847718
0.020741043
0.025285027
0.031285659
0.038294427
0.045961232
0.053486937
0.060171349
0.065796828
0.070338801
0.073789028
0.076068677
0.076941044
0.075873912
0.071810063
0.06277238
0.045763163
0.019259863
0.0030034164
0.0019441684
0.015055905
0.015072973
0.015173403
0.015498581
0.016315095
0.018038936
0.021133752
0.025880915
0.032024535
0.039109679
0.046799796
0.054250579
0.060816785
0.066329859
0.070775141
0.07414581
0.076361504
0.07718326
0.076076598
0.071981165
0.06291602
0.045875263
0.019317616
0.0030127426
0.0019466268
0.014927035
0.014955885
0.015084253
0.015463015
0.016375384
0.018249498
0.021547714
0.026486864
0.032761766
0.039926275
0.047624773
0.054994648
0.061444429
0.066848175
0.071200117
0.074494321
0.07664863
0.077421773
0.076277073
0.072151116
0.063059239
0.045987404
0.01937562
0.0030221325
0.001949176
0.014803354
0.014844543
0.01500235
0.015438168
0.016451479
0.018479993
0.021981459
0.027102761
0.033499927
0.040741985
0.04843531
0.055718072
0.062054548
0.067352461
0.071614378
0.074835036
0.076930375
0.077656795
0.076475448
0.072319964
0.063202044
0.046099566
0.01943385
0.0030315793
0.0019518099
0.01468486
0.014738962
0.014927732
0.01542393
0.016543337
0.018730904
0.022434072
0.027728616
0.034240007
0.041555456
0.049230633
0.056420328
0.062647308
0.067843207
0.072018444
0.075168361
0.077207016
0.07788852
0.076671842
0.072487775
0.063344474
0.04621177
0.019492311
0.0030410825
0.0019545191
0.014571549
0.014639153
0.014860442
0.015420307
0.01665106
0.019002448
0.022904885
0.028364184
0.034981763
0.042363744
0.050010479
0.057103413
0.063223475
0.068320971
0.072412797
0.075494673
0.077478814
0.07811711
0.076866352
0.072654608
0.063486562
0.046324032
0.019551006
0.0030506425
0.0019573018
0.014463416
0.014545134
0.014800573
0.01542747
0.016774851
0.019294621
0.023393273
0.029008973
0.035724545
0.043165024
0.050774797
0.057768597
0.063783905
0.068786352
0.072797902
0.075814326
0.077746013
0.078342706
0.077059059
0.072820508
0.063628329
0.046436357
0.019609931
0.0030602583
0.0019601558
0.014360468
0.014456958
0.014748438
0.015445928
0.016914711
0.019607229
0.023898559
0.029662314
0.036467633
0.043958093
0.051523607
0.058416829
0.064329424
0.069239947
0.073174205
0.076127671
0.078008828
0.078565447
0.077250039
0.072985513
0.063769789
0.046548744
0.019669081
0.0030699286
0.001963078
0.014262729
0.01437474
0.014704632
0.015476524
0.017070367
0.019939894
0.024419965
0.030323437
0.037210359
0.04474211
0.052256961
0.059048902
0.064860801
0.069682335
0.073542126
0.076435001
0.078267491
0.078785472
0.077439372
0.073149659
0.063910952
0.046661192
0.019728451
0.0030796518
0.0019660661
0.014170239
0.014298609
0.014669627
0.015519884
0.017241896
0.020292176
0.024956641
0.030991536
0.03795214
0.045516449
0.052974932
0.059665505
0.065378757
0.070114075
0.073902066
0.076736594
0.078522205
0.079002911
0.07762713
0.073312981
0.064051825
0.046773692
0.019788028
0.0030894255
0.0019691166
0.014083041
0.014228662
0.014643531
0.015576207
0.017429956
0.020663705
0.02550769
0.031665734
0.038692434
0.046280642
0.053677653
0.060267277
0.06588396
0.070535696
0.07425441
0.077032714
0.078773152
0.079217878
0.077813384
0.073475515
0.064192427
0.046886251
0.019847814
0.0030992495
0.0019722259
0.01400117
0.014164954
0.014626278
0.015645532
0.01763525
0.021053619
0.026069797
0.032342289
0.039432391
0.047034409
0.05436519
0.06085478
0.066377043
0.070947718
0.074599574
0.077323566
0.079020487
0.079430479
0.077998199
0.073637301
0.064332776
0.04699888
0.019907818
0.0031091267
0.001975397
0.013924653
0.014107524
0.014617821
0.015727939
0.017858159
0.021460542
0.026639392
0.033018034
0.040172764
0.047777439
0.055037403
0.061428422
0.06685857
0.071350616
0.074937863
0.077609447
0.079264383
0.079640815
0.07818163
0.073798358
0.064472871
0.047111569
0.019968028
0.0031190552
0.0019786327
0.013853514
0.014056414
0.0146182
0.015823585
0.018098795
0.021883482
0.027216437
0.033694445
0.040911777
0.048509212
0.055693947
0.061988428
0.067328997
0.071744826
0.075269602
0.077890592
0.079504992
0.07984898
0.078363725
0.073958702
0.064612707
0.0472243
0.020028429
0.0031290305
0.001981927
0.01378778
0.014011692
0.014627554
0.01593269
0.018357105
0.022321721
0.027800999
0.034372282
0.041649219
0.049229129
0.056333675
0.062534731
0.067788605
0.072130726
0.075595039
0.078167194
0.079742442
0.080055052
0.078544532
0.07411836
0.064752296
0.047337075
0.020089017
0.0031390516
0.0019852749
0.01372751
0.013973557
0.014646231
0.016055372
0.018632934
0.022774657
0.028392945
0.035051414
0.042382786
0.049936922
0.05695817
0.063067815
0.06823774
0.072508647
0.075914415
0.07843943
0.07997685
0.080259106
0.078724095
0.074277357
0.064891649
0.047449896
0.020149789
0.003149118
0.0019886751
0.013672832
0.013942453
0.014674892
0.016191499
0.018926022
0.02324171
0.028991953
0.035731386
0.043111002
0.050632486
0.057568405
0.063588265
0.068676781
0.072878842
0.076228023
0.078707485
0.080208334
0.080461211
0.078902456
0.074435713
0.065030772
0.04756276
0.02021074
0.0031592284
0.0019921259
0.013623917
0.013918843
0.014714164
0.016341041
0.019236054
0.023722274
0.029597555
0.036411667
0.043832866
0.051315773
0.05816508
0.064096657
0.069106126
0.073241603
0.076536102
0.078971532
0.080437005
0.080661437
0.079079652
0.074593446
0.065169667
0.047675661
0.020271864
0.0031693816
0.0019956251
0.013580929
0.013902972
0.014764372
0.01650433
0.01956273
0.024215711
0.030209203
0.037091745
0.044547663
0.051986765
0.058748757
0.064593551
0.069526254
0.073597136
0.076838844
0.079231715
0.080662964
0.080859847
0.079255718
0.074750571
0.065308338
0.047788595
0.020333154
0.0031795762
0.0019991711
0.013543985
0.013894887
0.014825615
0.016681928
0.019905789
0.02472136
0.030826308
0.037771155
0.04525485
0.052645465
0.059319918
0.065079451
0.06993753
0.073945757
0.077136455
0.079488179
0.080886308
0.0810565
0.079430687
0.0749071
0.065446781
0.047901552
0.020394603
0.0031898109
0.0020027622
0.013513168
0.013894571
0.014897964
0.016874396
0.020264988
0.025238548
0.031448284
0.038449491
0.045953999
0.053291891
0.059878984
0.065554809
0.070340279
0.074287793
0.077429151
0.079741067
0.081107129
0.081251453
0.079604588
0.075063042
0.065584995
0.048014523
0.020456202
0.0032000834
0.002006396
0.013488541
0.013902041
0.014981553
0.017082181
0.020640073
0.025766589
0.032074505
0.039126358
0.046644769
0.053926108
0.060426348
0.066020052
0.070734845
0.074623517
0.077717126
0.079990515
0.081325521
0.081444763
0.079777454
0.075218414
0.065722983
0.048127506
0.020517946
0.0032103932
0.00201007
0.013470176
0.013917381
0.015076587
0.017305539
0.021030372
0.026302994
0.032702235
0.039802627
0.04732696
0.054548158
0.0609624
0.066475713
0.071121428
0.074953139
0.078000545
0.080236644
0.081541567
0.081636488
0.079949318
0.075373233
0.065860753
0.048240507
0.020579843
0.0032207424
0.0020137865
0.013458168
0.013940737
0.015183308
0.017544498
0.021434752
0.026844903
0.033328936
0.040479005
0.048000369
0.055157946
0.061487395
0.066922093
0.071500437
0.075276914
0.078279579
0.080479571
0.081755346
0.081826674
0.080120206
0.075527504
0.065998298
0.048353512
0.020641883
0.0032311292
0.0020175475
0.013452641
0.013972316
0.015301967
0.017798954
0.021852326
0.027392284
0.033955786
0.041154247
0.048664609
0.055755057
0.062001422
0.067359439
0.071872222
0.075595093
0.078554397
0.080719408
0.08196693
0.082015365
0.080290137
0.075681231
0.066135609
0.048466507
0.020704051
0.0032415501
0.0020213489
0.013453753
0.014012362
0.015432817
0.018068739
0.022282403
0.027945177
0.034583375
0.041827886
0.049319258
0.056338884
0.062504443
0.06778793
0.072237038
0.075907893
0.078825158
0.080956261
0.082176389
0.082202603
0.080459135
0.075834423
0.06627269
0.048579489
0.020766344
0.0032520044
0.0020251872
0.013461694
0.014061154
0.015576103
0.018353652
0.022724402
0.028503499
0.035211668
0.042498216
0.049964084
0.056910529
0.062996946
0.068207603
0.072595055
0.076215485
0.079091994
0.081190226
0.082383786
0.082388429
0.080627223
0.075987095
0.066409543
0.048692456
0.020828758
0.0032624912
0.0020290615
0.013476805
0.014119164
0.015731935
0.018653457
0.023177789
0.029067036
0.035840379
0.043164098
0.050598955
0.057470638
0.063479192
0.068618851
0.072946505
0.076518044
0.079355035
0.081421392
0.082589179
0.082572881
0.080794426
0.076139257
0.066546171
0.048805405
0.020891289
0.0032730096
0.0020329705
0.013499752
0.014187274
0.015900131
0.018967859
0.023642032
0.02963547
0.036469139
0.043824731
0.051223777
0.05801966
0.063951512
0.069022
0.073291622
0.076815744
0.079614404
0.081649843
0.082792626
0.082755994
0.080960763
0.076290918
0.066682576
0.048918331
0.020953933
0.0032835589
0.002036913
0.013530907
0.014265829
0.016080932
0.019296563
0.024116593
0.03020842
0.037097575
0.044479515
0.051838476
0.058557962
0.064414246
0.069417338
0.073630627
0.077108752
0.079870226
0.081875666
0.082994182
0.082937802
0.081126253
0.076442087
0.066818756
0.049031231
0.021016685
0.003294138
0.0020408879
0.013570509
0.014355016
0.016274674
0.019639286
0.024600921
0.030785467
0.037725334
0.045127995
0.052443054
0.059086069
0.064867499
0.069805071
0.073963703
0.077397215
0.080122613
0.08209894
0.083193899
0.083118337
0.081290913
0.076592769
0.066954711
0.049144099
0.02107954
0.0033047461
0.0020448942
0.013618726
0.014454954
0.016481702
0.019995741
0.025094459
0.031366176
0.038352085
0.045769793
0.053037466
0.059604105
0.065311747
0.070185473
0.074291039
0.077681274
0.08037167
0.082319743
0.08339183
0.08329763
0.081454758
0.076742969
0.067090439
0.049256928
0.021142493
0.0033153821
0.0020489308
0.013675703
0.014565772
0.016702313
0.020365633
0.025596642
0.031950107
0.038977512
0.046404579
0.053621677
0.060112266
0.06574735
0.070558813
0.074612825
0.077961066
0.080617499
0.082538146
0.083588022
0.083475712
0.081617806
0.076892692
0.067225936
0.049369714
0.021205539
0.003326045
0.0020529964
0.013741605
0.014687633
0.01693673
0.020748639
0.026106905
0.032536823
0.0396013
0.047032067
0.054195687
0.060610773
0.066174611
0.070925343
0.074929248
0.078236725
0.080860195
0.082754218
0.083782524
0.08365261
0.081780069
0.077041941
0.067361199
0.049482447
0.021268671
0.0033367336
0.0020570902
0.013816627
0.014820741
0.017185101
0.0211444
0.026624686
0.033125905
0.040223157
0.047652069
0.05475979
0.061099573
0.066593736
0.071285276
0.075240473
0.078508374
0.081099851
0.082968025
0.083975378
0.083828352
0.081941561
0.077190722
0.067496225
0.049595123
0.021331882
0.0033474464
0.0020612102
0.013901001
0.014965329
0.017447503
0.021552487
0.027149186
0.033716585
0.040842883
0.048264384
0.05531391
0.061579075
0.067004992
0.07163882
0.075546657
0.078776129
0.081336549
0.083179627
0.084166626
0.084002955
0.082102282
0.07733903
0.067631013
0.049707739
0.021395177
0.0033581845
0.0020653563
0.01399499
0.015121633
0.017723857
0.021971886
0.027677266
0.034305606
0.041462663
0.048868851
0.055857158
0.062049358
0.067408597
0.071986174
0.075847952
0.079040101
0.08157037
0.08338908
0.084356299
0.084176413
0.082262196
0.077486834
0.067765534
0.049820278
0.021458544
0.003368947
0.0020695315
0.014098877
0.015289879
0.018013986
0.022401757
0.028208852
0.03489391
0.042080724
0.049465167
0.056389925
0.062510603
0.067804767
0.072327533
0.076144506
0.079300394
0.081801386
0.083596427
0.084544417
0.08434874
0.082421315
0.077634123
0.067899767
0.049932712
0.021521965
0.0033797295
0.0020737336
0.014212962
0.015470274
0.01831765
0.022841392
0.028743869
0.035481802
0.042695738
0.05005341
0.056912379
0.062962976
0.068193697
0.072663078
0.07643646
0.079557108
0.082029664
0.083801712
0.084731008
0.08451996
0.082579661
0.077780907
0.068033712
0.050045035
0.021585435
0.0033905309
0.0020779591
0.014337549
0.015663001
0.018634571
0.023290183
0.029282194
0.036069263
0.043306755
0.050633223
0.057425034
0.063406721
0.068575582
0.072992983
0.07672395
0.079810339
0.082255267
0.084004977
0.084916102
0.0846901
0.082737256
0.077927202
0.068167376
0.05015725
0.021648951
0.0034013509
0.0020822074
0.014472941
0.015868215
0.018964442
0.023747575
0.029823639
0.036656121
0.043913065
0.051204385
0.057928223
0.063842085
0.068950612
0.073317412
0.077007107
0.080060182
0.08247826
0.084206267
0.085099733
0.084859186
0.082894122
0.078073021
0.068300768
0.050269358
0.021712512
0.0034121892
0.0020864778
0.014619439
0.016086047
0.019306937
0.024213047
0.030367969
0.037242144
0.044514154
0.051766707
0.058422183
0.064269295
0.069318968
0.073636518
0.077286058
0.080306731
0.082698709
0.084405627
0.085281932
0.085027242
0.083050275
0.078218378
0.068433893
0.050381362
0.02177612
0.0034230457
0.0020907695
0.014777333
0.016316596
0.019661709
0.024686095
0.030914922
0.037827123
0.045109851
0.052319799
0.05890705
0.064688548
0.069680814
0.07395044
0.077560918
0.080550077
0.08291668
0.084603103
0.085462733
0.085194291
0.083205732
0.078363281
0.068566756
0.050493263
0.021839772
0.0034339201
0.0020950821
0.014946898
0.016559931
0.020028391
0.025166226
0.031464204
0.03841079
0.045699606
0.052863753
0.059383002
0.065100034
0.070036305
0.074259305
0.077831793
0.080790304
0.083132237
0.084798742
0.085642166
0.085360354
0.083360506
0.078507738
0.068699361
0.050605061
0.021903468
0.0034448121
0.002099415
0.015128392
0.016816086
0.020406593
0.025652946
0.032015494
0.038992851
0.046283006
0.05339859
0.059850216
0.065503941
0.070385591
0.07456323
0.078098781
0.081027493
0.083345441
0.084992587
0.085820263
0.085525451
0.083514609
0.078651754
0.068831708
0.050716755
0.021967205
0.0034557215
0.0021037677
0.015322055
0.017085058
0.020795904
0.026145771
0.032568472
0.039573117
0.046859606
0.053924292
0.060308856
0.06590045
0.070728816
0.074862327
0.078361971
0.081261716
0.08355635
0.085184681
0.085997052
0.0856896
0.083668049
0.078795334
0.068963797
0.050828341
0.022030982
0.0034666476
0.0021081397
0.015528096
0.017366807
0.021195887
0.026644222
0.033122831
0.040151444
0.047428956
0.054440827
0.060759065
0.066289732
0.071066122
0.075156703
0.078621448
0.081493041
0.083765017
0.085375063
0.08617256
0.085852817
0.083820837
0.07893848
0.069095628
0.050939819
0.022094795
0.0034775901
0.0021125304
0.015746701
0.017661247
0.021606085
0.027147827
0.033678243
0.040727479
0.047990951
0.054948083
0.061200958
0.066671943
0.071397641
0.07544646
0.078877288
0.081721528
0.083971489
0.085563768
0.086346811
0.086015118
0.083972979
0.079081194
0.069227199
0.051051184
0.022158643
0.0034885483
0.0021169394
0.015978018
0.017968253
0.022026024
0.027656147
0.034234459
0.041301337
0.048545414
0.055445555
0.061634541
0.067047201
0.07172349
0.07573169
0.079129564
0.081947235
0.08417581
0.08575083
0.086519829
0.086176515
0.084124482
0.079223478
0.069358509
0.051162433
0.022222521
0.0034995218
0.0021213662
0.016222161
0.01828765
0.022455212
0.028168747
0.034791399
0.041871747
0.049092086
0.055933864
0.062060003
0.067415649
0.072043787
0.076012482
0.079378343
0.082170211
0.08437802
0.085936278
0.086691631
0.086337021
0.084275351
0.079365333
0.069489554
0.051273562
0.022286428
0.0035105099
0.0021258104
0.016479201
0.018619219
0.02289313
0.028685126
0.035348436
0.042438145
0.049630807
0.056413372
0.062477572
0.067777456
0.072358655
0.076288926
0.079623688
0.082390505
0.084578153
0.086120135
0.086862237
0.086496645
0.084425591
0.079506757
0.069620331
0.051384567
0.022350359
0.0035215122
0.0021302715
0.016749164
0.018962683
0.023339227
0.029204754
0.035905001
0.043000056
0.050161451
0.056884308
0.06288746
0.068132792
0.072668225
0.076561113
0.079865663
0.082608161
0.084776241
0.086302425
0.087031659
0.086655395
0.084575202
0.07964775
0.069750837
0.051495443
0.022414311
0.0035325278
0.002134749
0.017032026
0.019317722
0.023792969
0.029727376
0.036460345
0.043557028
0.050683895
0.057346825
0.063289855
0.068481824
0.072972627
0.076829137
0.080104332
0.082823224
0.084972315
0.086483169
0.08719991
0.086813278
0.084724188
0.07978831
0.069881068
0.051606184
0.02247828
0.0035435562
0.0021392425
0.017327708
0.019683963
0.024253781
0.030252384
0.037014077
0.044108676
0.051198022
0.057801028
0.063684914
0.068824706
0.073271988
0.077093093
0.080339762
0.083035736
0.085166404
0.086662384
0.087367002
0.086970297
0.084872549
0.079928434
0.070011019
0.051716787
0.022542263
0.0035545966
0.0021437515
0.017636078
0.020060979
0.024721064
0.030779171
0.037565836
0.044654664
0.051703728
0.058246996
0.064072771
0.069161576
0.073566429
0.077353072
0.080572017
0.083245742
0.085358535
0.086840088
0.087532943
0.087126457
0.085020283
0.080068118
0.070140684
0.051827244
0.022606256
0.0035656484
0.0021482756
0.01795695
0.020448328
0.025194447
0.031306991
0.038115221
0.045194673
0.052200915
0.058684786
0.064453539
0.069492557
0.073856059
0.077609164
0.08080116
0.083453285
0.085548738
0.087016299
0.087697743
0.087281762
0.085167391
0.08020736
0.070270058
0.051937549
0.022670253
0.0035767107
0.0021528143
0.018290079
0.020845507
0.025673265
0.031835365
0.038661833
0.045728409
0.052689498
0.059114446
0.064827315
0.069817756
0.07414098
0.077861449
0.081027253
0.083658407
0.085737039
0.087191033
0.087861411
0.087436214
0.08531387
0.080346153
0.070399136
0.052047697
0.022734251
0.0035877828
0.0021573671
0.01863517
0.021252003
0.026156809
0.032363844
0.039205274
0.046255593
0.053169406
0.059536013
0.065194178
0.070137268
0.07442128
0.078110004
0.081250355
0.08386115
0.085923465
0.087364305
0.088023955
0.087589815
0.08545972
0.080484496
0.07052791
0.052157681
0.022798246
0.003598864
0.0021619337
0.01899189
0.021667364
0.026644336
0.032891964
0.039745138
0.04677596
0.05364058
0.059949519
0.065554199
0.070451174
0.07469704
0.078354898
0.081470519
0.084061552
0.086108043
0.087536132
0.088185383
0.087742569
0.085604939
0.080622383
0.070656376
0.052267495
0.022862233
0.0036099534
0.0021665136
0.019359873
0.02209091
0.027135294
0.033419357
0.040281624
0.047289295
0.054102322
0.060354857
0.065907402
0.070759531
0.074968325
0.078596191
0.081687793
0.084259648
0.086290796
0.087706528
0.088345703
0.087894477
0.085749526
0.08075981
0.070784528
0.052377133
0.022926208
0.0036210504
0.0021711065
0.019738711
0.022521953
0.027629095
0.033945545
0.040813884
0.047795286
0.054555042
0.06075207
0.066253822
0.071062391
0.075235189
0.078833933
0.081902221
0.084455471
0.086471745
0.087875507
0.088504921
0.088045542
0.085893479
0.080896774
0.07091236
0.052486589
0.022990167
0.0036321543
0.0021757119
0.020127879
0.022959826
0.028125131
0.034470001
0.041341218
0.048293679
0.054998986
0.061141242
0.06659351
0.071359799
0.075497678
0.079068168
0.082113838
0.084649049
0.086650912
0.088043081
0.088663044
0.088195766
0.086036796
0.081033271
0.071039868
0.052595857
0.023054106
0.0036432643
0.0021803294
0.020526815
0.02340386
0.028622779
0.034992196
0.041863058
0.048784249
0.055434277
0.061522461
0.06692652
0.071651801
0.075755835
0.079298933
0.082322676
0.084840406
0.086828311
0.08820926
0.088820076
0.088345148
0.086179476
0.081169295
0.071167044
0.052704932
0.023118021
0.0036543796
0.0021849587
0.020934931
0.023853393
0.029121411
0.035511611
0.042378925
0.049266786
0.055860977
0.061895799
0.067252908
0.07193844
0.076009697
0.079526261
0.082528761
0.085029562
0.087003958
0.088374052
0.088976022
0.08849369
0.086321516
0.081304844
0.071293885
0.052813807
0.023181908
0.0036654996
0.0021895993
0.021351622
0.02430777
0.029620402
0.036027742
0.042888399
0.049741096
0.056279104
0.06226131
0.067572719
0.072219755
0.076259298
0.07975018
0.082732117
0.085216533
0.087177862
0.088537463
0.089130882
0.088641389
0.086462912
0.081439911
0.071420383
0.052922477
0.023245763
0.0036766235
0.0021942509
0.021776275
0.024766355
0.030119131
0.036540103
0.043391103
0.050206996
0.056688656
0.062619035
0.067885991
0.072495779
0.076504665
0.079970713
0.08293276
0.085401332
0.087350032
0.088699497
0.089284659
0.088788245
0.08660366
0.081574493
0.071546534
0.053030935
0.023309581
0.0036877505
0.002198913
0.022208277
0.02522854
0.030616987
0.037048217
0.043886687
0.05066432
0.057089616
0.062968998
0.068192754
0.072766538
0.076745821
0.08018788
0.083130706
0.085583969
0.087520473
0.088860156
0.089437349
0.088934253
0.086743755
0.081708581
0.071672329
0.053139174
0.023373357
0.0036988798
0.0022035853
0.022647711
0.025694388
0.031112827
0.037551567
0.044374805
0.051112909
0.057481959
0.063311217
0.068493027
0.073032049
0.076982783
0.080401694
0.083325965
0.085764451
0.087689189
0.089019439
0.089588951
0.089079408
0.086883192
0.08184217
0.071797761
0.053247188
0.023437088
0.0037100104
0.002208267
0.023094521
0.026163713
0.031605777
0.038049635
0.044855125
0.051552616
0.057865654
0.0636457
0.068786825
0.073292326
0.077215562
0.080612166
0.083518545
0.085942781
0.087856178
0.089177343
0.089739459
0.089223704
0.087021961
0.08197525
0.071922821
0.053354966
0.023500765
0.0037211414
0.002212958
0.02354784
0.026635581
0.03209573
0.038542452
0.045327402
0.05198283
0.058240593
0.063972429
0.069074139
0.073547364
0.077444159
0.080819297
0.083708446
0.086118958
0.088021438
0.089333863
0.089888866
0.089367132
0.087160055
0.082107812
0.0720475
0.053462501
0.023564383
0.0037322709
0.0022176565
0.024006779
0.027109158
0.032582397
0.039029313
0.045791102
0.052403375
0.058606801
0.06429141
0.069354984
0.073797168
0.077668569
0.081023081
0.083895662
0.086292975
0.088184961
0.08948899
0.090037164
0.089509686
0.087297467
0.082239854
0.072171797
0.053569793
0.023627947
0.003743401
0.0022223633
0.024470428
0.02758363
0.033065175
0.039508778
0.046243345
0.052811415
0.058965582
0.06460265
0.069629163
0.074041655
0.077888771
0.08122351
0.084080186
0.086464826
0.08834674
0.089642717
0.090184344
0.089651355
0.087434187
0.082371362
0.072295699
0.053676835
0.023691453
0.0037545315
0.0022270826
0.024937871
0.028058188
0.033543393
0.039979931
0.0466845
0.053208624
0.059316158
0.064906026
0.069896482
0.074280685
0.078104708
0.081420565
0.084262008
0.086634499
0.088506762
0.08979503
0.090330391
0.089792122
0.087570194
0.082502314
0.072419183
0.053783603
0.023754882
0.0037656583
0.0022318123
0.025408185
0.028532044
0.034016413
0.04044223
0.047114924
0.053595786
0.059658234
0.065201473
0.070156814
0.0745141
0.078316286
0.081614204
0.084441105
0.086801975
0.088665008
0.08994591
0.090475285
0.089931968
0.087705471
0.082632696
0.072542238
0.053890085
0.023818229
0.00377678
0.0022365489
0.025880455
0.029004444
0.034483678
0.040895362
0.047534879
0.053973264
0.059991702
0.065488985
0.070410102
0.074741768
0.078523387
0.081804359
0.08461744
0.086967229
0.088821456
0.090095334
0.090619007
0.090070874
0.087840002
0.082762492
0.072664849
0.053996271
0.023881484
0.0037878949
0.0022412916
0.026353782
0.029474679
0.034944719
0.041339141
0.047944557
0.054341228
0.060316502
0.065768559
0.070656342
0.074963605
0.0787259
0.081990943
0.084790959
0.087130224
0.088976074
0.090243276
0.090761531
0.09020882
0.08797377
0.082891691
0.072787006
0.054102151
0.023944643
0.0037990021
0.0022460391
0.026827291
0.029942087
0.035399123
0.041773359
0.048343705
0.054698606
0.060631152
0.066040608
0.070895512
0.075179477
0.078923697
0.082173859
0.084961593
0.087290912
0.089128828
0.090389706
0.090902834
0.090345786
0.088106759
0.083020281
0.072908702
0.054207723
0.024007707
0.0038101033
0.0022507937
0.027300139
0.030406044
0.035846481
0.04219765
0.048731572
0.05504387
0.060934179
0.066305547
0.071127473
0.075389066
0.079116559
0.082352981
0.085129265
0.087449239
0.089279673
0.090534587
0.091042882
0.090481743
0.088238942
0.083148233
0.073029908
0.054312961
0.024070662
0.0038211959
0.0022555587
0.027771515
0.030865953
0.036286389
0.042611653
0.049107905
0.05537777
0.061227266
0.0665628
0.071352122
0.075592132
0.07930421
0.082528118
0.085293868
0.087605144
0.089428566
0.090677877
0.091181634
0.090616649
0.08837028
0.08327551
0.07315059
0.054417832
0.02413348
0.0038322731
0.0022603278
0.028240652
0.031321308
0.036718882
0.043015222
0.049472432
0.055700902
0.061511126
0.066812125
0.071569371
0.075788577
0.079486483
0.082699108
0.085455263
0.087758496
0.089575409
0.090819526
0.091319065
0.090750486
0.088500753
0.0834021
0.073270741
0.054522336
0.024196168
0.0038433376
0.0022650985
0.028706821
0.031771588
0.037143444
0.043408098
0.049825266
0.056012754
0.061783807
0.067050504
0.071779872
0.075978145
0.079662824
0.082865348
0.085612792
0.087908406
0.089719854
0.090959166
0.091454894
0.090883092
0.088630278
0.08352795
0.073390326
0.05462645
0.024258718
0.0038543891
0.002269878
0.029169405
0.032216663
0.037559762
0.043789723
0.050166392
0.056313165
0.062045731
0.067279233
0.07198314
0.076160447
0.079832527
0.083026092
0.085765764
0.088055172
0.089861634
0.091096505
0.091588836
0.091014231
0.088758687
0.083652946
0.073509256
0.054730105
0.024321084
0.0038654189
0.0022746648
0.02962782
0.03265616
0.037967463
0.044159858
0.050495769
0.056602162
0.06229707
0.067498092
0.072176962
0.076335524
0.079995147
0.083181067
0.085914548
0.088198833
0.090000723
0.09123146
0.09172073
0.091143707
0.088885803
0.083776951
0.073627436
0.054833233
0.024383234
0.0038764207
0.0022794511
0.030081416
0.033089297
0.038366045
0.044518658
0.050813414
0.056879735
0.062537622
0.067706655
0.072360462
0.076501913
0.080149817
0.083328838
0.086058464
0.088338928
0.090136948
0.091363975
0.091850505
0.091271402
0.089011483
0.083899839
0.073744774
0.054935785
0.024445156
0.0038873965
0.0022842431
0.030529521
0.033515391
0.038755134
0.044866192
0.051119349
0.057145822
0.062767133
0.067904422
0.072532665
0.076655901
0.080293052
0.083467329
0.086195046
0.088473354
0.090268938
0.091493291
0.091977759
0.091397074
0.089135541
0.084021443
0.073861124
0.055037645
0.02450679
0.0038983379
0.0022890523
0.030971469
0.033933842
0.039134437
0.045202485
0.051413594
0.057400371
0.062985486
0.068091409
0.072694441
0.076799817
0.080426697
0.083596688
0.086323076
0.088600441
0.090394659
0.091618059
0.092101415
0.091519975
0.08925749
0.084141428
0.073976232
0.055138618
0.024568019
0.0039092214
0.0022938697
0.031406619
0.034344131
0.039503719
0.045527536
0.051696175
0.057643389
0.063192752
0.068267956
0.072846606
0.076934905
0.080551882
0.083717541
0.086442722
0.088719917
0.090513852
0.091737477
0.092220657
0.091639352
0.08937672
0.084259342
0.074089772
0.055238467
0.024628714
0.0039200245
0.002298681
0.031834373
0.034745804
0.039862791
0.045841345
0.051967146
0.057874971
0.063389149
0.068434504
0.072989801
0.077061866
0.08066929
0.08383057
0.086554566
0.088832013
0.090626378
0.091851092
0.092334927
0.091754612
0.089492662
0.084374695
0.074201349
0.055336895
0.02468871
0.0039307187
0.0023034782
0.032254179
0.035138467
0.040211501
0.046143926
0.052226599
0.058095288
0.063574977
0.068591488
0.073124509
0.077181165
0.080779416
0.083936367
0.086659204
0.088937127
0.090732349
0.091958748
0.092443916
0.091865347
0.089604863
0.084487042
0.074310564
0.055433574
0.024747817
0.0039412715
0.0023082512
0.032665536
0.035521784
0.040549735
0.046435317
0.052474669
0.058304568
0.063750565
0.068739301
0.073251115
0.077293161
0.080882658
0.08403542
0.086757156
0.089035687
0.090832019
0.0920605
0.092547525
0.091971341
0.089713023
0.084596041
0.074417075
0.0555282
0.024805852
0.0039516507
0.0023129886
0.033067999
0.035895467
0.040877412
0.046715585
0.052711531
0.058503077
0.063916246
0.068878291
0.073369939
0.077398154
0.080979351
0.084128128
0.086848858
0.089128095
0.090925709
0.092156539
0.092645826
0.092072543
0.08981699
0.084701471
0.074520624
0.055620528
0.024862658
0.0039618283
0.0023176786
0.033461179
0.036259275
0.041194487
0.046984828
0.052937391
0.058691099
0.064072345
0.069008776
0.073481262
0.07749641
0.081069784
0.084214829
0.086934679
0.089214719
0.091013751
0.092247131
0.092738997
0.092169035
0.08991675
0.084803236
0.07462106
0.055710385
0.024918117
0.0039717823
0.0023223103
0.033844737
0.036613015
0.041500946
0.047243172
0.053152478
0.058868929
0.064219177
0.069131047
0.073585339
0.077588167
0.081154212
0.084295809
0.087014939
0.089295894
0.09109648
0.09233258
0.092827295
0.092260998
0.090012396
0.084901347
0.074718328
0.055797681
0.024972155
0.0039814983
0.0023268739
0.034218392
0.036956535
0.041796809
0.04749077
0.05335704
0.059036867
0.064357044
0.069245376
0.073682407
0.077673646
0.081232864
0.084371328
0.087089927
0.089371932
0.091174213
0.09241319
0.092911003
0.092348677
0.09010411
0.084995909
0.074812462
0.055882397
0.025024738
0.0039909691
0.0023313613
0.034581909
0.037289725
0.042082125
0.047727798
0.053551338
0.059195211
0.064486237
0.069352022
0.073772689
0.077753049
0.081305942
0.08444159
0.087159839
0.089442995
0.091247096
0.092488892
0.092990227
0.092432166
0.090191995
0.085087021
0.074903525
0.055964558
0.025075867
0.0040001934
0.0023357682
0.034935106
0.037612513
0.042356969
0.047954447
0.05373564
0.059344256
0.06460704
0.069451231
0.073856394
0.077826554
0.081373596
0.084506714
0.087224749
0.089509124
0.091315234
0.092559663
0.093065039
0.092511433
0.090276001
0.085174665
0.074991524
0.056044167
0.025125532
0.0040091689
0.0023400917
0.035277845
0.037924863
0.042621442
0.048170928
0.053910221
0.059484297
0.064719726
0.069543237
0.073933711
0.077894316
0.081435962
0.084566838
0.087284852
0.089570656
0.091379102
0.09262643
0.093135964
0.092586873
0.090356334
0.08525892
0.075076483
0.056121227
0.025173725
0.0040178924
0.0023443272
0.035610033
0.038226773
0.042875667
0.048377462
0.054075358
0.05961562
0.064824558
0.069628265
0.074004824
0.077956491
0.081493193
0.084622152
0.087340417
0.089627946
0.091439075
0.092689615
0.093203445
0.092658949
0.090433366
0.085340015
0.07515852
0.056195797
0.025220462
0.0040263656
0.0023484706
0.035931616
0.038518274
0.043119786
0.048574278
0.054231329
0.059738507
0.064921794
0.06970653
0.074069915
0.078013243
0.081545462
0.084672872
0.087391717
0.089681304
0.091495455
0.092749528
0.093267842
0.092728065
0.090507488
0.085418259
0.075237845
0.056268001
0.025265798
0.0040345962
0.0023525203
0.036242581
0.038799424
0.043353958
0.048761616
0.054378411
0.059853238
0.065011684
0.069778249
0.07412917
0.078064748
0.081592961
0.08471922
0.087439007
0.089731003
0.091548513
0.092806443
0.093329462
0.092794566
0.090579059
0.085493977
0.075314713
0.056338018
0.025309816
0.0040425976
0.0023564763
0.036542947
0.039070306
0.043578357
0.048939717
0.054516879
0.059960084
0.065094477
0.069843637
0.074182781
0.078111193
0.081635888
0.084761418
0.087482526
0.089777288
0.091598499
0.092860615
0.093388579
0.092858746
0.090648384
0.085567461
0.075389377
0.05640604
0.025352618
0.0040503861
0.0023603406
0.036832766
0.039331028
0.043793169
0.049108828
0.054647007
0.060059316
0.065170419
0.069902912
0.074230947
0.078152771
0.081674445
0.084799678
0.087522501
0.089820391
0.091645647
0.09291228
0.093445436
0.092920856
0.090715722
0.085638964
0.075462064
0.056472253
0.025394304
0.0040579786
0.0023641164
0.037112119
0.03958172
0.043998591
0.049269199
0.054769068
0.0601512
0.065239753
0.069956295
0.074273872
0.07818968
0.081708832
0.08483421
0.087559146
0.089860533
0.091690176
0.092961657
0.093500254
0.092981116
0.090781288
0.085708695
0.075532971
0.056536822
0.025434969
0.0040653907
0.0023678077
0.037381112
0.039822526
0.044194827
0.04942108
0.05488333
0.060236
0.065302726
0.07000401
0.074311764
0.078222122
0.081739252
0.08486522
0.087592671
0.089897922
0.091732295
0.093008946
0.093553226
0.093039711
0.090845262
0.085776826
0.075602257
0.056599885
0.025474691
0.004072636
0.0023714185
0.037639873
0.040053611
0.044382091
0.049564723
0.054990062
0.060313978
0.065359581
0.070046282
0.074344834
0.078250301
0.081765905
0.084892908
0.087623275
0.089932757
0.091772195
0.09305433
0.093604524
0.093096802
0.090907793
0.085843497
0.075670055
0.056661559
0.025513541
0.0040797264
0.0023749527
0.037888553
0.040275152
0.044560602
0.049700378
0.055089527
0.060385393
0.065410562
0.070083337
0.074373294
0.078274419
0.081788991
0.084917471
0.087651151
0.089965224
0.091810057
0.093097975
0.093654302
0.093152525
0.090969007
0.085908825
0.075736475
0.056721942
0.025551574
0.0040866715
0.0023784142
0.038127318
0.040487337
0.044730582
0.049828298
0.055181988
0.060450503
0.065455914
0.070115402
0.074397359
0.07829468
0.081808706
0.084939099
0.087676487
0.089995503
0.091846046
0.093140033
0.093702694
0.093206998
0.091029007
0.085972906
0.075801608
0.056781113
0.02558884
0.0040934799
0.002381806
0.03835635
0.040690365
0.04489226
0.049948732
0.055267704
0.060509563
0.065495877
0.070142706
0.074417241
0.078311289
0.081825246
0.084957982
0.087699459
0.090023761
0.091880317
0.093180639
0.093749818
0.093260323
0.091087883
0.086035822
0.07586553
0.056839144
0.02562538
0.0041001587
0.0023851314
0.038575844
0.040884446
0.045045864
0.050061929
0.055346933
0.060562826
0.065530695
0.070165474
0.074433155
0.078324447
0.081838803
0.084974299
0.087720241
0.090050157
0.091913012
0.093219917
0.093795779
0.093312586
0.091145709
0.086097641
0.075928308
0.056896092
0.025661231
0.0041067141
0.0023883928
0.038786005
0.041069793
0.045191627
0.050168137
0.055419929
0.060610542
0.065560604
0.070183933
0.074445313
0.078334353
0.081849563
0.084988229
0.087738994
0.090074839
0.091944263
0.093257979
0.093840671
0.093363865
0.091202552
0.086158423
0.075989998
0.05695201
0.025696423
0.0041131516
0.0023915927
0.038987049
0.041246628
0.045329783
0.050267603
0.055486942
0.060652958
0.065585843
0.070198306
0.074453924
0.078341205
0.081857713
0.084999942
0.087755876
0.090097947
0.091974191
0.093294925
0.093884577
0.093414228
0.091258468
0.086218221
0.076050652
0.057006943
0.025730985
0.0041194759
0.0023947333
0.039179198
0.041415176
0.045460565
0.050360568
0.055548219
0.060690317
0.065606646
0.070208815
0.074459197
0.078345196
0.081863432
0.085009603
0.087771037
0.090119615
0.092002911
0.093330851
0.093927573
0.093463734
0.091313509
0.086277081
0.076110314
0.057060933
0.025764941
0.0041256914
0.0023978165
0.039362681
0.041575666
0.045584208
0.050447275
0.055604005
0.06072286
0.065623243
0.070215678
0.074461335
0.078346517
0.081866894
0.085017372
0.087784619
0.090139965
0.092030526
0.09336584
0.093969727
0.093512438
0.091367721
0.086335046
0.076169024
0.057114017
0.025798314
0.0041318021
0.0024008443
0.03953773
0.041728331
0.045700946
0.050527962
0.055654541
0.060750823
0.065635862
0.07021911
0.074460541
0.078345354
0.081868271
0.085023403
0.087796757
0.090159116
0.092057136
0.093399972
0.094011102
0.093560389
0.091421145
0.086392154
0.076226821
0.057166228
0.025831126
0.0041378116
0.0024038182
0.039704582
0.041873404
0.045811012
0.050602865
0.055700062
0.060774439
0.065644726
0.070219322
0.07445701
0.078341888
0.081867727
0.085027842
0.087807581
0.090177178
0.092082833
0.09343332
0.094051756
0.093607635
0.09147382
0.086448441
0.076283738
0.057217598
0.025863394
0.0041437232
0.0024067398
0.039863476
0.042011118
0.045914637
0.050672216
0.0557408
0.060793936
0.065650054
0.070216521
0.074450936
0.078336296
0.081865421
0.085030833
0.087817216
0.090194257
0.092107702
0.093465953
0.094091742
0.093654216
0.091525781
0.086503939
0.076339808
0.057268157
0.025895137
0.0041495401
0.0024096106
0.040014653
0.042141708
0.046012051
0.050736244
0.055776984
0.060809536
0.065652062
0.07021091
0.074442506
0.078328749
0.081861509
0.08503251
0.087825777
0.09021045
0.092131824
0.093497935
0.094131112
0.093700174
0.091577065
0.086558682
0.076395063
0.057317933
0.025926372
0.0041552651
0.002412432
0.040158352
0.04226541
0.046103482
0.050795174
0.055808837
0.060821458
0.065650957
0.070202685
0.074431903
0.078319413
0.081856139
0.085033006
0.087833378
0.090225853
0.092155278
0.093529326
0.094169914
0.093745545
0.091627701
0.086612699
0.076449531
0.057366951
0.025957117
0.0041609013
0.0024152052
0.040294814
0.042382454
0.046189156
0.050849229
0.055836578
0.060829915
0.065646945
0.07019204
0.074419304
0.07830845
0.081849454
0.085032444
0.087840126
0.090240554
0.092178134
0.093560184
0.094208192
0.093790368
0.091677723
0.086666019
0.07650324
0.057415239
0.025987385
0.0041664513
0.0024179316
0.04042428
0.042493073
0.046269294
0.050898625
0.05586042
0.060835116
0.065640225
0.070179159
0.07440488
0.078296015
0.081841592
0.085030945
0.087846122
0.090254639
0.092200463
0.093590564
0.09424599
0.093834675
0.091727159
0.08671867
0.076556218
0.05746282
0.026017192
0.0041719177
0.0024206123
0.040546988
0.042597497
0.046344117
0.050943577
0.055880572
0.060837263
0.065630989
0.070164225
0.074388799
0.078282258
0.081832686
0.085028624
0.087851465
0.090268189
0.092222331
0.093620517
0.094283349
0.093878502
0.09177604
0.086770681
0.076608492
0.057509718
0.026046553
0.0041773031
0.0024232485
0.040663173
0.042695953
0.046413841
0.050984293
0.055897239
0.060836553
0.065619426
0.070147412
0.07437122
0.078267322
0.081822862
0.08502559
0.087856247
0.090281281
0.092243799
0.093650093
0.09432031
0.09392188
0.091824394
0.086822078
0.076660088
0.057555958
0.026075483
0.00418261
0.0024258414
0.040773071
0.042788664
0.046478678
0.051020977
0.055910618
0.060833177
0.065605716
0.07012889
0.074352298
0.078251347
0.081812244
0.08502195
0.087860558
0.090293989
0.092264927
0.093679341
0.094356911
0.093964842
0.091872249
0.086872887
0.076711031
0.057601562
0.026103995
0.0041878408
0.002428392
0.040876913
0.042875853
0.046538838
0.051053831
0.055920902
0.060827321
0.065590036
0.070108822
0.074332183
0.078234466
0.081800946
0.085017802
0.087864481
0.090306382
0.092285774
0.093708305
0.094393189
0.094007418
0.091919633
0.086923135
0.076761347
0.057646552
0.026132102
0.004192998
0.0024309014
0.040974925
0.042957737
0.046594525
0.051083048
0.055928279
0.060819164
0.065572555
0.070087365
0.074311017
0.078216806
0.081789082
0.085013244
0.087868098
0.090318528
0.092306392
0.093737029
0.094429179
0.094049639
0.091966572
0.086972848
0.07681106
0.057690951
0.02615982
0.0041980839
0.0024333708
0.041067334
0.04303453
0.04664594
0.05110882
0.055932932
0.06080888
0.065553437
0.070064671
0.074288937
0.07819849
0.081776758
0.085008366
0.087871486
0.09033049
0.092326835
0.093765556
0.094464918
0.094091533
0.092013093
0.087022049
0.076860194
0.05773478
0.02618716
0.004203101
0.0024358011
0.04115436
0.043106444
0.046693279
0.051131332
0.055935036
0.060796637
0.065532839
0.070040885
0.074266076
0.078179634
0.081764075
0.085003255
0.087874717
0.090342329
0.092347152
0.093793927
0.094500437
0.09413313
0.092059221
0.087070764
0.076908773
0.057778062
0.026214137
0.0042080513
0.0024381933
0.041236219
0.043173684
0.046736736
0.051150764
0.055934764
0.060782598
0.065510914
0.070016147
0.07424256
0.078160351
0.081751132
0.084997996
0.087877863
0.090354104
0.092367392
0.093822179
0.09453577
0.094174456
0.092104982
0.087119016
0.076956821
0.057820816
0.026240762
0.0042129374
0.0024405486
0.041313125
0.043236452
0.046776497
0.051167293
0.055932281
0.060766918
0.065487806
0.069990591
0.074218508
0.078140747
0.08173802
0.084992666
0.087880989
0.090365869
0.092387598
0.09385035
0.094570947
0.094215538
0.0921504
0.087166831
0.077004361
0.057863065
0.02626705
0.0042177614
0.0024428679
0.041385286
0.043294946
0.046812746
0.051181087
0.055927747
0.060749747
0.065463656
0.069964344
0.074194037
0.078120923
0.081724828
0.084987341
0.087884159
0.090377677
0.092407816
0.093878476
0.094605999
0.094256404
0.092195499
0.08721423
0.077051415
0.057904828
0.026293012
0.0042225256
0.0024451523
0.041452906
0.04334936
0.046845661
0.051192313
0.055921316
0.060731231
0.065438598
0.069937529
0.074169255
0.078100976
0.081711638
0.084982092
0.087887432
0.090389578
0.092428085
0.093906591
0.094640955
0.094297077
0.092240303
0.087261236
0.077098005
0.057946125
0.026318662
0.0042272321
0.0024474027
0.041516183
0.043399883
0.046875415
0.051201131
0.055913138
0.060711507
0.065412759
0.069910262
0.074144266
0.078080997
0.081698531
0.084976986
0.087890865
0.090401619
0.092448446
0.093934727
0.094675842
0.094337583
0.092284834
0.087307873
0.077144154
0.057986976
0.02634401
0.0042318832
0.0024496202
0.041575313
0.043446697
0.046902178
0.051207697
0.055903356
0.06069071
0.065386262
0.069882654
0.074119171
0.078061075
0.081685581
0.084972088
0.087894513
0.090413846
0.092468935
0.093962916
0.094710687
0.094377945
0.092329115
0.087354161
0.077189883
0.058027401
0.02636907
0.0042364809
0.0024518056
0.041630484
0.043489984
0.046926113
0.051212159
0.055892109
0.060668967
0.065359224
0.069854811
0.074094063
0.078041289
0.081672859
0.084967458
0.087898425
0.090426299
0.092489589
0.093991186
0.094745516
0.094418186
0.092373167
0.087400121
0.077235212
0.058067418
0.026393853
0.0042410274
0.00245396
0.041681883
0.043529917
0.04694738
0.051214663
0.055879529
0.060646399
0.065331757
0.069826834
0.074069031
0.07802172
0.081660433
0.084963152
0.087902649
0.090439021
0.09251044
0.094019567
0.094780352
0.094458326
0.09241701
0.087445774
0.077280162
0.058107046
0.026418371
0.0042455247
0.0024560843
0.041729688
0.043566665
0.046966134
0.05121535
0.055865745
0.060623125
0.065303966
0.069798817
0.074044159
0.07800244
0.081648365
0.084959224
0.087907231
0.090452047
0.092531519
0.094048084
0.094815219
0.094498388
0.092460664
0.087491139
0.077324753
0.058146303
0.026442635
0.0042499749
0.0024581795
0.041774076
0.043600394
0.046982523
0.051214354
0.055850879
0.060599255
0.065275953
0.069770852
0.074019528
0.077983518
0.081636715
0.084955724
0.087912212
0.090465413
0.092552857
0.094076763
0.094850138
0.094538391
0.092504149
0.087536236
0.077369003
0.058185207
0.026466656
0.00425438
0.0024602466
0.041815215
0.043631265
0.046996692
0.051211806
0.055835049
0.060574896
0.065247814
0.069743024
0.073995212
0.07796502
0.081625538
0.0849527
0.087917632
0.090479153
0.092574481
0.094105626
0.094885132
0.094578354
0.092547483
0.087581084
0.077412931
0.058223774
0.026490446
0.0042587418
0.0024622863
0.041853271
0.043659431
0.047008782
0.05120783
0.055818367
0.060550149
0.065219639
0.069715413
0.073971283
0.077947007
0.081614887
0.084950195
0.087923529
0.090493296
0.092596418
0.094134696
0.094920218
0.094618294
0.092590683
0.0876257
0.077456555
0.058262022
0.026514014
0.0042630623
0.0024642997
0.041888404
0.043685044
0.047018928
0.051202548
0.055800942
0.060525112
0.065191515
0.069688095
0.073947805
0.077929535
0.081604809
0.08494825
0.087929935
0.090507873
0.09261869
0.094163995
0.094955415
0.09465823
0.092633767
0.087670101
0.077499894
0.058299967
0.026537371
0.0042673434
0.0024662877
0.04192077
0.043708248
0.04702726
0.051196075
0.055782876
0.060499875
0.065163523
0.069661143
0.073924843
0.077912659
0.081595351
0.084946903
0.087936883
0.090522909
0.092641322
0.09419354
0.094990741
0.094698177
0.09267675
0.087714304
0.077542963
0.058337624
0.026560528
0.0042715869
0.002468251
0.041950518
0.043729185
0.047033904
0.051188523
0.055764268
0.060474526
0.065135741
0.069634624
0.073902454
0.077896428
0.081586554
0.084946189
0.087944402
0.090538429
0.092664333
0.094223349
0.095026212
0.09473815
0.092719647
0.087758325
0.077585779
0.058375009
0.026583493
0.0042757944
0.0024701907
0.041977794
0.043747992
0.047038983
0.051179999
0.055745211
0.060449148
0.06510824
0.0696086
0.073880693
0.077880888
0.081578457
0.084946141
0.08795252
0.090554456
0.092687742
0.09425344
0.095061843
0.094778163
0.092762473
0.087802178
0.077628357
0.058412137
0.026606277
0.0042799678
0.0024721075
0.042002739
0.043764798
0.047042612
0.051170603
0.055725796
0.060423819
0.065081089
0.069583131
0.073859609
0.077866082
0.081571096
0.084946789
0.08796126
0.090571009
0.092711568
0.094283827
0.095097647
0.094818231
0.092805242
0.087845879
0.077670713
0.058449021
0.026628889
0.0042841088
0.0024740022
0.042025488
0.043779732
0.047044904
0.051160436
0.055706106
0.060398612
0.065054352
0.069558273
0.073839251
0.07785205
0.081564504
0.084948159
0.087970646
0.090588109
0.092735825
0.094314524
0.095133637
0.094858364
0.092847966
0.08788944
0.077712862
0.058485676
0.026651337
0.0042882188
0.0024758758
0.042046174
0.043792916
0.047045967
0.05114959
0.055686224
0.060373599
0.06502809
0.069534076
0.073819661
0.077838827
0.081558711
0.084950276
0.087980697
0.090605771
0.092760529
0.094345544
0.095169825
0.094898575
0.092890657
0.087932876
0.077754816
0.058522114
0.02667363
0.0042922996
0.0024777289
0.042064922
0.043804467
0.047045906
0.051138155
0.055666226
0.060348844
0.065002358
0.069510588
0.073800879
0.077826448
0.081553744
0.084953163
0.087991432
0.090624011
0.092785692
0.094376898
0.095206222
0.094938875
0.092933328
0.087976199
0.07779659
0.058558349
0.026695777
0.0042963525
0.0024795624
0.042081854
0.043814499
0.04704482
0.051126217
0.055646184
0.06032441
0.06497721
0.069487853
0.073782943
0.077814942
0.081549627
0.08495684
0.088002867
0.090642842
0.092811326
0.094408595
0.095242838
0.094979273
0.092975988
0.08801942
0.077838196
0.058594392
0.026717786
0.0043003792
0.0024813771
0.042097089
0.043823122
0.047042804
0.051113857
0.055626169
0.060300355
0.064952693
0.069465913
0.073765886
0.077804337
0.081546384
0.084961324
0.088015017
0.090662277
0.09283744
0.094440646
0.09527968
0.095019778
0.093018648
0.08806255
0.077879645
0.058630256
0.026739664
0.0043043809
0.0024831736
0.042110739
0.043830439
0.04703995
0.051101152
0.055606245
0.060276733
0.064928855
0.069444805
0.073749739
0.077794657
0.081544033
0.084966631
0.088027893
0.090682324
0.092864043
0.094473057
0.095316758
0.095060399
0.093061317
0.088105601
0.077920951
0.058665951
0.026761419
0.0043083592
0.0024849527
0.042122914
0.043836553
0.047036346
0.051088177
0.055586474
0.060253597
0.064905736
0.069424562
0.073734529
0.077785924
0.081542592
0.084972775
0.088041507
0.090702994
0.092891144
0.094505836
0.095354077
0.095101143
0.093104003
0.088148582
0.077962123
0.058701489
0.026783058
0.0043123152
0.0024867152
0.042133718
0.043841559
0.047032075
0.051075003
0.055566914
0.060230992
0.064883375
0.069405218
0.073720281
0.077778159
0.081542077
0.084979766
0.088055868
0.090724293
0.092918747
0.094538989
0.095391644
0.095142016
0.093146715
0.088191502
0.078003173
0.05873688
0.026804588
0.0043162502
0.0024884616
0.042143251
0.043845551
0.047027218
0.051061695
0.05554762
0.060208965
0.06486181
0.069386799
0.073707018
0.077771378
0.081542499
0.084987616
0.088070983
0.090746226
0.092946858
0.094572519
0.095429464
0.095183025
0.093189459
0.08823437
0.078044109
0.058772133
0.026826015
0.0043201656
0.0024901927
0.04215161
0.043848617
0.04702185
0.051048317
0.055528643
0.060187557
0.064841071
0.069369332
0.073694759
0.077765595
0.081543869
0.084996331
0.088086857
0.0907688
0.092975481
0.094606431
0.095467542
0.095224175
0.093232243
0.088277195
0.078084942
0.058807258
0.026847346
0.0043240623
0.0024919091
0.042158889
0.043850843
0.047016046
0.05103493
0.055510032
0.060166804
0.06482119
0.06935284
0.073683521
0.077760824
0.081546198
0.085005918
0.088103496
0.090792016
0.093004619
0.094640729
0.095505881
0.095265471
0.093275072
0.088319984
0.07812568
0.058842264
0.026868587
0.0043279417
0.0024936115
0.042165175
0.04385231
0.047009874
0.051021589
0.055491831
0.060146744
0.064802193
0.069337342
0.07367332
0.077757075
0.081549491
0.085016381
0.088120902
0.090815877
0.093034273
0.094675413
0.095544483
0.095306917
0.093317952
0.088362744
0.078166332
0.058877159
0.026889744
0.0043318047
0.0024953004
0.042170553
0.043853097
0.0470034
0.051008349
0.055474084
0.060127409
0.064784105
0.069322858
0.073664168
0.077754357
0.081553755
0.085027724
0.088139076
0.090840384
0.093064445
0.094710485
0.095583352
0.095348517
0.093360889
0.088405482
0.078206906
0.058911952
0.026910822
0.0043356523
0.0024969765
0.042175106
0.043853276
0.046996688
0.05099526
0.055456829
0.060108828
0.064766949
0.069309403
0.073656076
0.077752675
0.081558992
0.085039949
0.08815802
0.090865537
0.093095134
0.094745947
0.095622489
0.095390272
0.093403887
0.088448205
0.078247409
0.058946649
0.026931827
0.0043394857
0.0024986403
0.04217891
0.043852921
0.046989797
0.05098237
0.055440103
0.060091029
0.064750743
0.06929699
0.073649051
0.077752035
0.081565204
0.085053054
0.088177732
0.090891334
0.093126339
0.094781796
0.095661894
0.095432187
0.09344695
0.088490917
0.078287848
0.05898126
0.026952763
0.0043433056
0.0025002923
0.04218204
0.043852097
0.046982782
0.050969722
0.05542394
0.060074037
0.064735505
0.06928563
0.073643102
0.07775244
0.081572393
0.08506704
0.08819821
0.090917774
0.09315806
0.094818034
0.095701569
0.095474262
0.093490081
0.088533625
0.07832823
0.059015789
0.026973636
0.0043471131
0.0025019332
0.042184567
0.04385087
0.046975699
0.050957361
0.055408372
0.060057874
0.06472125
0.069275333
0.073638232
0.077753891
0.081580557
0.085081903
0.088219452
0.090944853
0.093190292
0.094854658
0.095741513
0.095516499
0.093533284
0.088576332
0.078368561
0.059050244
0.02699445
0.0043509089
0.0025035634
0.042186559
0.0438493
0.046968598
0.050945324
0.055393427
0.060042559
0.064707991
0.069266106
0.073634444
0.077756388
0.081589694
0.08509764
0.088241452
0.090972568
0.093223035
0.094891667
0.095781726
0.095558899
0.09357656
0.088619044
0.078408847
0.059084631
0.027015208
0.0043546937
0.0025051833
0.042188081
0.043847447
0.046961526
0.050933648
0.055379132
0.060028112
0.06469574
0.069257955
0.07363174
0.07775993
0.081599801
0.085114249
0.088264209
0.091000915
0.093256279
0.094929049
0.095822201
0.095601462
0.093619917
0.088661767
0.078449094
0.059118956
0.027035917
0.0043584687
0.0025067935
0.042189192
0.043845365
0.046954529
0.050922368
0.055365511
0.060014548
0.064684504
0.069250883
0.07363012
0.077764512
0.081610869
0.085131711
0.088287689
0.091029838
0.093289962
0.094966664
0.095862868
0.095644119
0.093663304
0.088704477
0.078489295
0.059153219
0.027056577
0.0043622342
0.0025083948
0.042189953
0.043843107
0.046947649
0.050911515
0.055352586
0.060001881
0.064674292
0.069244892
0.07362958
0.077770126
0.081622883
0.085150003
0.088311864
0.091059317
0.093324083
0.095004565
0.095903726
0.095686845
0.093706683
0.088747141
0.078529428
0.059187408
0.027077183
0.0043659893
0.0025099874
0.042190418
0.043840722
0.046940927
0.05090112
0.055340378
0.059990123
0.064665109
0.069239982
0.073630114
0.07777676
0.081635826
0.085169107
0.088336722
0.091089355
0.093358657
0.0950428
0.095944796
0.095729655
0.093750051
0.08878974
0.078569473
0.059221507
0.027097729
0.0043697329
0.0025115712
0.04219064
0.043838259
0.046934399
0.050891209
0.055328904
0.059979283
0.064656956
0.069236148
0.073631713
0.077784401
0.081649684
0.085189013
0.08836226
0.091119959
0.09339369
0.095081383
0.095986094
0.09577257
0.093793422
0.088832278
0.078609423
0.059255509
0.027118208
0.0043734641
0.0025131461
0.042190669
0.04383576
0.046928102
0.050881807
0.055318179
0.059969369
0.064649835
0.069233387
0.073634369
0.077793038
0.081664445
0.085209712
0.088388477
0.09115113
0.093429185
0.095120316
0.096027628
0.095815607
0.093836817
0.088874768
0.078649286
0.059289415
0.027138621
0.0043771828
0.0025147119
0.042190552
0.043833269
0.046922067
0.050872938
0.055308218
0.059960387
0.064643746
0.069231691
0.07363807
0.07780266
0.0816801
0.085231199
0.088415372
0.091182868
0.093465137
0.095159599
0.096069403
0.09585878
0.093880256
0.088917231
0.078689078
0.059323236
0.027158972
0.0043808897
0.0025162688
0.042190335
0.043830823
0.046916326
0.050864623
0.055299033
0.05995234
0.064638685
0.069231055
0.073642808
0.077813255
0.081696641
0.085253468
0.088442938
0.091215169
0.093501543
0.09519923
0.096111421
0.095902098
0.093923754
0.088959686
0.078728816
0.059356985
0.02717927
0.0043845863
0.002517817
0.042190058
0.043828462
0.046910907
0.050856879
0.055290633
0.059945232
0.064634649
0.069231468
0.073648572
0.077824814
0.081714057
0.085276511
0.088471171
0.091248028
0.093538399
0.095239205
0.096153683
0.095945568
0.093967325
0.08900215
0.078768518
0.059390677
0.027199523
0.0043882742
0.0025193569
0.042189762
0.043826218
0.046905836
0.050849725
0.055283027
0.059939063
0.064631633
0.069232925
0.073655352
0.077837326
0.08173234
0.08530032
0.088500065
0.091281438
0.093575699
0.095279522
0.09619619
0.095989196
0.094010978
0.089044636
0.078808198
0.059424327
0.02721974
0.0043919548
0.0025208893
0.042189485
0.043824126
0.046901138
0.050843176
0.055276222
0.059933834
0.064629632
0.069235414
0.073663136
0.07785078
0.081751479
0.085324887
0.08852961
0.091315393
0.093613438
0.095320177
0.09623894
0.096032983
0.09405472
0.089087153
0.078847868
0.059457944
0.027239928
0.0043956295
0.0025224146
0.042189261
0.043822215
0.046896834
0.050837245
0.055270223
0.059929542
0.06462864
0.069238928
0.073671916
0.077865166
0.081771465
0.085350202
0.088559799
0.091349886
0.093651609
0.095361167
0.096281932
0.096076932
0.094098556
0.08912971
0.078887537
0.05949154
0.027260093
0.0043992994
0.0025239334
0.042189123
0.043820514
0.046892946
0.050831943
0.055265034
0.059926185
0.064628649
0.069243455
0.073681678
0.077880472
0.081792287
0.085376255
0.088590623
0.091384909
0.093690206
0.095402485
0.096325164
0.096121043
0.094142489
0.089172312
0.078927213
0.059525121
0.027280241
0.0044029655
0.0025254463
0.042189103
0.043819049
0.046889492
0.050827283
0.055260659
0.059923761
0.064629652
0.069248986
0.073692411
0.077896686
0.081813932
0.085403036
0.088622072
0.091420453
0.093729223
0.095444128
0.096368632
0.096165315
0.09418652
0.089214962
0.078966901
0.059558692
0.027300376
0.0044066287
0.0025269536
0.042189229
0.043817844
0.04688649
0.050823271
0.055257097
0.059922264
0.06463164
0.06925551
0.073704103
0.077913795
0.081836389
0.085430533
0.088654136
0.091456511
0.093768652
0.09548609
0.096412333
0.096209745
0.094230649
0.089257661
0.079006603
0.059592259
0.027320501
0.0044102895
0.002528456
0.042189529
0.043816923
0.046883954
0.050819917
0.055254351
0.059921689
0.064634604
0.069263014
0.073716742
0.077931787
0.081859646
0.085458735
0.088686805
0.091493072
0.093808485
0.095528365
0.096456263
0.096254333
0.094274876
0.089300413
0.079046323
0.059625825
0.027340618
0.0044139484
0.0025299537
0.042190027
0.043816306
0.046881899
0.050817226
0.055252419
0.059922031
0.064638534
0.069271486
0.073730313
0.077950648
0.081883689
0.08548763
0.088720068
0.091530128
0.093848715
0.095570946
0.096500416
0.096299073
0.094319199
0.089343215
0.079086062
0.059659393
0.027360731
0.0044176061
0.0025314472
0.042190746
0.043816013
0.046880337
0.050815204
0.055251301
0.059923284
0.06464342
0.069280915
0.073744804
0.077970365
0.081908506
0.085517206
0.088753915
0.091567669
0.093889334
0.095613827
0.096544789
0.096343964
0.094363617
0.08938607
0.079125824
0.059692966
0.027380842
0.0044212628
0.0025329366
0.042191708
0.04381606
0.046879278
0.050813854
0.055250993
0.059925438
0.064649251
0.069291287
0.0737602
0.077990923
0.081934083
0.08554745
0.088788333
0.091605684
0.093930333
0.095657
0.096589373
0.096389001
0.094408126
0.089428975
0.079165606
0.059726543
0.027400951
0.004424919
0.0025344226
0.042192934
0.043816466
0.046878735
0.050813179
0.055251493
0.059928488
0.064656016
0.069302589
0.073776488
0.078012309
0.081960406
0.08557835
0.088823313
0.091644166
0.093971703
0.09570046
0.096634167
0.096434182
0.094452729
0.089471933
0.079205414
0.05976013
0.027421061
0.0044285749
0.002535905
0.042194436
0.043817239
0.046878709
0.050813177
0.055252791
0.059932418
0.064663697
0.069314801
0.073793646
0.0780345
0.081987454
0.085609884
0.088858832
0.091683093
0.094013428
0.095744189
0.096679153
0.096479491
0.094497408
0.089514932
0.079245238
0.059793723
0.027441175
0.0044322317
0.0025373851
0.042196258
0.043818417
0.046879232
0.050813872
0.055254906
0.059937242
0.064672306
0.069327933
0.073811684
0.078057509
0.082015242
0.085642071
0.088894914
0.091722491
0.094055535
0.095788223
0.096724373
0.096524976
0.094542218
0.089558022
0.079285122
0.059827351
0.027461302
0.0044358904
0.0025388643
0.042198293
0.043819892
0.046880188
0.050815137
0.055257701
0.059942814
0.064681685
0.06934182
0.07383043
0.078081155
0.082043582
0.085674716
0.088931357
0.091762155
0.094097811
0.095832335
0.096769586
0.096570384
0.094586902
0.08960097
0.079324882
0.059860909
0.027481417
0.0044395499
0.0025403377
0.0422011
0.043822219
0.046882132
0.050817536
0.055261751
0.059949726
0.064692451
0.069357103
0.073850553
0.078106135
0.082073196
0.085708568
0.088968935
0.091802886
0.094141106
0.095877448
0.096815802
0.096616819
0.094632628
0.089644928
0.07936554
0.059895156
0.027501924
0.0044432868
0.0025418514
0.042202113
0.043822788
0.046882355
0.050818219
0.05526405
0.059954805
0.064701261
0.06937028
0.073868405
0.078128681
0.082100226
0.085739704
0.089003687
0.091840683
0.094181301
0.095919215
0.096858385
0.096659336
0.094674278
0.089684969
0.07940296
0.059927385
0.027521738
0.0044469544
0.0025433865
0.042206785
0.043827171
0.046886693
0.050823405
0.05527128
0.059965263
0.064715902
0.069389736
0.073892968
0.078158344
0.082134736
0.085778618
0.089046419
0.091886567
0.094229743
0.095969188
0.096909404
0.096710385
0.094724349
0.08973282
0.079446586
0.059962957
0.027542233
0.0044505673
0.0025451517
)
;

boundaryField
{
    inlet
    {
        type            fixedValue;
        value           uniform 0.03375;
    }
    outlet
    {
        type            zeroGradient;
    }
    wall
    {
        Ceps2           1.9;
        Ck              -0.416;
        Bk              8.366;
        C               11;
        type            kLowReWallFunction;
        value           nonuniform List<scalar> 
250
(
0.0014571754
4.7594411e-05
1.0400271e-05
6.2993086e-06
5.0310385e-06
4.0455326e-06
3.3883304e-06
2.9918075e-06
2.737466e-06
2.574398e-06
2.4787041e-06
2.4282344e-06
2.4041299e-06
2.3920058e-06
2.3812008e-06
2.3659303e-06
2.3451661e-06
2.3205348e-06
2.2942017e-06
2.2678736e-06
2.2426606e-06
2.2191974e-06
2.1978449e-06
2.1787185e-06
2.1617297e-06
2.1467678e-06
2.1336807e-06
2.1223163e-06
2.1125792e-06
2.1042931e-06
2.0972498e-06
2.0912998e-06
2.0862819e-06
2.0820785e-06
2.0786467e-06
2.0758824e-06
2.0736646e-06
2.0719266e-06
2.0706125e-06
2.0696843e-06
2.0691542e-06
2.0690239e-06
2.0692476e-06
2.0697872e-06
2.0706275e-06
2.0717493e-06
2.0731363e-06
2.0748098e-06
2.0767877e-06
2.0790407e-06
2.0815493e-06
2.0843107e-06
2.087316e-06
2.0905469e-06
2.0939986e-06
2.0976975e-06
2.1016447e-06
2.105817e-06
2.1102037e-06
2.1148006e-06
2.1196e-06
2.1245963e-06
2.1297744e-06
2.1351359e-06
2.1407025e-06
2.1464618e-06
2.1523937e-06
2.1584951e-06
2.1647617e-06
2.1711876e-06
2.1777682e-06
2.1844963e-06
2.1913647e-06
2.1983809e-06
2.2055512e-06
2.2128634e-06
2.2203071e-06
2.2278797e-06
2.2355779e-06
2.2433978e-06
2.251336e-06
2.2593894e-06
2.267553e-06
2.275822e-06
2.2842016e-06
2.2926972e-06
2.3013001e-06
2.3100026e-06
2.3188032e-06
2.3276996e-06
2.3366894e-06
2.3457705e-06
2.3549409e-06
2.3641986e-06
2.3735411e-06
2.382967e-06
2.3924718e-06
2.4020558e-06
2.4117263e-06
2.4214786e-06
2.4313049e-06
2.4412039e-06
2.4511748e-06
2.4612158e-06
2.471326e-06
2.4815046e-06
2.4917506e-06
2.502063e-06
2.5124409e-06
2.5228835e-06
2.5333899e-06
2.5439593e-06
2.5545908e-06
2.5652837e-06
2.5760369e-06
2.5868497e-06
2.5977213e-06
2.6086507e-06
2.6196371e-06
2.6306796e-06
2.6417775e-06
2.6529299e-06
2.6641363e-06
2.6753958e-06
2.6867075e-06
2.6980707e-06
2.7094846e-06
2.7209482e-06
2.732461e-06
2.7440212e-06
2.7556287e-06
2.7672791e-06
2.7789745e-06
2.7907254e-06
2.802527e-06
2.8143706e-06
2.8262541e-06
2.8381746e-06
2.8501377e-06
2.8621523e-06
2.8742021e-06
2.8862813e-06
2.8984078e-06
2.9105779e-06
2.9227722e-06
2.9350065e-06
2.9473101e-06
2.9596601e-06
2.9720203e-06
2.9843693e-06
2.9966815e-06
3.0089266e-06
3.0210737e-06
3.0330934e-06
3.0449594e-06
3.0566497e-06
3.0681522e-06
3.0794575e-06
3.0905525e-06
3.1014255e-06
3.1120708e-06
3.1224874e-06
3.132679e-06
3.1426531e-06
3.152419e-06
3.1619864e-06
3.171365e-06
3.1805636e-06
3.1895901e-06
3.1984518e-06
3.2071549e-06
3.2157053e-06
3.2241081e-06
3.232368e-06
3.2404894e-06
3.2484761e-06
3.2563319e-06
3.2640601e-06
3.2716641e-06
3.2791469e-06
3.2865115e-06
3.2937606e-06
3.3008971e-06
3.3079237e-06
3.3148429e-06
3.3216574e-06
3.3283697e-06
3.3349824e-06
3.341498e-06
3.347919e-06
3.3542478e-06
3.3604871e-06
3.3666391e-06
3.3727064e-06
3.3786914e-06
3.3845966e-06
3.3904243e-06
3.396177e-06
3.4018569e-06
3.4074665e-06
3.4130081e-06
3.418484e-06
3.4238964e-06
3.4292475e-06
3.4345397e-06
3.439775e-06
3.4449555e-06
3.4500833e-06
3.4551605e-06
3.4601891e-06
3.465171e-06
3.4701082e-06
3.4750024e-06
3.4798556e-06
3.4846694e-06
3.4894457e-06
3.494186e-06
3.498892e-06
3.5035653e-06
3.5082074e-06
3.5128197e-06
3.5174038e-06
3.5219609e-06
3.5264922e-06
3.5309992e-06
3.5354839e-06
3.5399472e-06
3.5443886e-06
3.5488076e-06
3.553204e-06
3.5575778e-06
3.5619299e-06
3.5662616e-06
3.5705743e-06
3.5748698e-06
3.5791495e-06
3.583415e-06
3.5876674e-06
3.5919083e-06
3.5961384e-06
3.600359e-06
3.6045706e-06
3.608775e-06
3.6129715e-06
3.6171641e-06
3.6213564e-06
3.6255347e-06
3.6298297e-06
3.6341883e-06
3.6392034e-06
)
;
    }
    front
    {
        type            wedge;
    }
    back
    {
        type            wedge;
    }
    axis
    {
        type            empty;
    }
}


// ************************************************************************* //
