/*--------------------------------*- C++ -*----------------------------------*\
| =========                 |                                                 |
| \\      /  F ield         | OpenFOAM: The Open Source CFD Toolbox           |
|  \\    /   O peration     | Version:  v2012                                 |
|   \\  /    A nd           | Website:  www.openfoam.com                      |
|    \\/     M anipulation  |                                                 |
\*---------------------------------------------------------------------------*/
FoamFile
{
    version     2.0;
    format      ascii;
    class       volScalarField;
    location    "2000";
    object      nut;
}
// * * * * * * * * * * * * * * * * * * * * * * * * * * * * * * * * * * * * * //

dimensions      [0 2 -1 0 0 0 0];


internalField   nonuniform List<scalar> 
6250
(
0.00058610793
0.000586129
0.00058621714
0.00058635364
0.00058651816
0.00058667483
0.00058672613
0.00058643299
0.0005852684
0.0005821805
0.00057526911
0.00056145237
0.0005363413
0.00049474659
0.00043239985
0.00034922007
0.00025289599
0.0001593145
8.56957e-05
3.9632991e-05
1.624832e-05
6.155428e-06
2.2400344e-06
8.9335395e-07
5.6671178e-07
0.00058558377
0.00058567177
0.00058585809
0.00058612423
0.00058639807
0.00058651565
0.00058608931
0.00058430179
0.00057962388
0.00056953248
0.00055042373
0.0005180308
0.00046864209
0.0004010971
0.0003188608
0.00023077021
0.00014904168
8.4549619e-05
4.1926855e-05
1.8466363e-05
7.5978766e-06
3.0769396e-06
1.1006696e-06
2.5217806e-07
9.9854254e-08
0.00058471611
0.00058484516
0.00058508863
0.00058538515
0.00058555898
0.00058521336
0.00058352254
0.00057896817
0.00056911564
0.00055063072
0.00051978918
0.00047361361
0.00041142239
0.00033613553
0.0002544975
0.00017571534
0.00010877028
5.9458927e-05
2.865704e-05
1.2767567e-05
5.8566943e-06
2.5314179e-06
9.5601143e-07
1.216844e-07
4.637995e-08
0.00058369006
0.0005838429
0.00058410295
0.00058432326
0.0005841636
0.0005829092
0.00057923062
0.00057097597
0.00055517438
0.00052846364
0.00048803398
0.00043288162
0.00036485041
0.00028887405
0.00021213589
0.00014236195
8.5844795e-05
4.5894271e-05
2.2151676e-05
1.0671131e-05
5.1276185e-06
2.5142749e-06
9.5956877e-07
9.696851e-08
3.6035804e-08
0.00058263583
0.00058279459
0.00058302094
0.0005830458
0.00058230748
0.00057972831
0.00057350482
0.00056105146
0.00053929079
0.00050539507
0.00045784055
0.00039736534
0.00032735125
0.00025337613
0.00018206588
0.00011966114
7.0762411e-05
3.7496063e-05
1.8818397e-05
9.8908128e-06
5.2389249e-06
2.7786788e-06
9.9222095e-07
9.0729399e-08
3.218255e-08
0.00058155425
0.0005816921
0.00058181287
0.00058149381
0.00057991497
0.00057563769
0.00056648407
0.00054967941
0.00052239027
0.00048260385
0.000430045
0.00036671214
0.00029675312
0.00022571034
0.00015943203
0.00010302881
6.0118859e-05
3.2167888e-05
1.7328627e-05
9.6661382e-06
5.7955725e-06
3.1460693e-06
1.0531503e-06
8.8976514e-08
2.8840784e-08
0.00058044138
0.00058052654
0.00058045632
0.00057963141
0.00057696056
0.00057068469
0.00055838631
0.00053732758
0.00050514523
0.0004607078
0.00040477696
0.00034016155
0.00027129066
0.00020339366
0.00014160595
9.0271623e-05
5.244442e-05
2.8989241e-05
1.7075132e-05
1.0393847e-05
6.5785117e-06
3.5903987e-06
1.1455385e-06
9.0555647e-08
2.6381578e-08
0.00057929441
0.00057928914
0.00057893378
0.00057744051
0.00057345644
0.0005649701
0.00054946607
0.00052441972
0.00048804828
0.00044004109
0.00038194507
0.0003170364
0.00024975327
0.00018493841
0.00012716747
8.0303699e-05
4.7006378e-05
2.7366905e-05
1.7151754e-05
1.1661985e-05
7.5186208e-06
4.1087368e-06
1.2646108e-06
9.475805e-08
2.4781731e-08
0.00057809919
0.00057796049
0.00057722073
0.00057490416
0.00056942528
0.00055860241
0.00053995045
0.00051127586
0.00047140029
0.0004207144
0.00036132057
0.00029672416
0.00023123396
0.00016932398
0.00011516538
7.2318881e-05
4.3025155e-05
2.6917787e-05
1.8296574e-05
1.3251268e-05
8.5803617e-06
4.6921783e-06
1.4050356e-06
1.0086242e-07
2.3699524e-08
0.00057683668
0.00057651879
0.00057529541
0.0005720157
0.00056490425
0.00055169406
0.00053003398
0.00049812626
0.00045536577
0.00040270887
0.00034262724
0.00027870269
0.00021506225
0.00015588063
0.000105079
6.6027272e-05
4.0443022e-05
2.7066647e-05
1.9987509e-05
1.503415e-05
9.7342629e-06
5.3258459e-06
1.5616038e-06
1.0837555e-07
2.2979231e-08
0.000575488
0.00057494451
0.00057314299
0.00056878062
0.0005599428
0.00054435608
0.00051987875
0.00048513128
0.00044002023
0.00038593782
0.00032558223
0.00026251668
0.00020067449
0.00014399642
9.6233939e-05
6.051216e-05
3.8899392e-05
2.7080394e-05
2.1403786e-05
1.6878171e-05
1.0938044e-05
5.9838984e-06
1.7256673e-06
1.1670279e-07
2.2545964e-08
0.00057403494
0.00057322069
0.00057075469
0.0005652131
0.00055459554
0.00053668991
0.00050961246
0.00047239431
0.00042537945
0.00037028313
0.00030992808
0.0002478127
0.00018770892
0.00013342913
8.8678124e-05
5.6355959e-05
3.8306393e-05
2.7706637e-05
2.2929385e-05
1.8670766e-05
1.2136128e-05
6.6335165e-06
1.8864226e-06
1.2512452e-07
2.2314109e-08
0.00057246051
0.00057133323
0.00056812716
0.00056133344
0.00054891796
0.00052878418
0.00049933196
0.00045997594
0.0004114216
0.00035561364
0.00029542816
0.00023427792
0.00017580682
0.0001237519
8.1737118e-05
5.332174e-05
3.8732211e-05
2.8768644e-05
2.4489894e-05
2.034418e-05
1.3280766e-05
7.244905e-06
2.0345646e-06
1.3300844e-07
2.2202531e-08
0.00057074972
0.00056927143
0.00056526209
0.00055716632
0.00054296404
0.00052071469
0.00048910911
0.00044790729
0.00039810482
0.00034180195
0.00028188346
0.00022168128
0.00016476878
0.00011489294
7.5637567e-05
5.1223269e-05
3.842112e-05
3.0113281e-05
2.6060059e-05
2.1676048e-05
1.4318303e-05
7.7926032e-06
2.1624129e-06
1.3982421e-07
2.2146199e-08
0.00056889007
0.00056702797
0.00056216543
0.00055273915
0.00053678483
0.00051254536
0.00047899665
0.00043620117
0.00038538224
0.00032874239
0.000269158
0.0002099168
0.00015461262
0.00010710323
7.1031933e-05
5.0205842e-05
3.8575492e-05
3.1617349e-05
2.7600157e-05
2.2781763e-05
1.5224978e-05
8.2629518e-06
2.2667157e-06
1.4531362e-07
2.2095876e-08
0.00056687179
0.0005645989
0.0005588466
0.00054808068
0.00053042735
0.00050432932
0.00046903236
0.00042485784
0.00037320322
0.00031633281
0.00025710185
0.0001987633
0.00014491753
9.9380801e-05
6.7233062e-05
5.030447e-05
3.9196209e-05
3.3188886e-05
2.9084506e-05
2.3804812e-05
1.600963e-05
8.6579544e-06
2.3494566e-06
1.49555e-07
2.2024563e-08
0.00056468802
0.00056198348
0.00055531781
0.00054321986
0.00052393403
0.00049610984
0.00045924201
0.00041386911
0.00036151886
0.00030449119
0.00024562652
0.0001881907
0.00013588688
9.2655637e-05
6.4475371e-05
5.1035894e-05
4.018822e-05
3.4775413e-05
3.0485559e-05
2.4753603e-05
1.6690877e-05
8.9890519e-06
2.415011e-06
1.5279597e-07
2.1927226e-08
0.00056233493
0.00055918393
0.00055159331
0.00053818502
0.00051734233
0.00048792143
0.00044964205
0.00040322258
0.00035028835
0.0002931658
0.00023470977
0.00017827227
0.00012774701
8.7353454e-05
6.2848015e-05
5.1270557e-05
4.1445175e-05
3.6377683e-05
3.1811579e-05
2.5635573e-05
1.7288756e-05
9.2700824e-06
2.4678993e-06
1.5530758e-07
2.1811206e-08
0.00055981155
0.00055620511
0.00054768877
0.00053300313
0.00051068473
0.00047979076
0.00044024101
0.00039290062
0.00033946645
0.00028228257
0.00022422061
0.00016868945
0.00011959733
8.2818713e-05
6.236669e-05
5.1310882e-05
4.2857767e-05
3.7994023e-05
3.3081595e-05
2.6460088e-05
1.7820861e-05
9.5132581e-06
2.5118122e-06
1.5731604e-07
2.1686491e-08
0.00055711956
0.00055305408
0.00054362066
0.00052769932
0.00050398879
0.00047173766
0.0004310411
0.00038288256
0.00032901166
0.00027179082
0.00021413522
0.0001595758
0.00011219141
7.9254712e-05
6.260099e-05
5.1740662e-05
4.4362411e-05
3.9600703e-05
3.4303033e-05
2.723551e-05
1.830106e-05
9.7278606e-06
2.5494171e-06
1.5898591e-07
2.1561087e-08
0.00055426298
0.00054973964
0.00053940568
0.00052229661
0.00049727751
0.00046377635
0.00042204062
0.00037314981
0.00031889855
0.00026168801
0.00020453917
0.00015121213
0.00010607068
7.6778671e-05
6.3275833e-05
5.2515128e-05
4.5926255e-05
4.1167491e-05
3.5475505e-05
2.7968048e-05
1.8739607e-05
9.9204103e-06
2.5824888e-06
1.6042611e-07
2.1440316e-08
0.00055124773
0.00054627194
0.00053506035
0.00051681576
0.00049056984
0.00045591655
0.00041323475
0.00036368235
0.00030909412
0.00025191819
0.0001952753
0.00014303516
0.0001008444
7.5432056e-05
6.4316438e-05
5.3572358e-05
4.7524961e-05
4.2684134e-05
3.6599063e-05
2.8662402e-05
1.9144031e-05
1.0095449e-05
2.6121836e-06
1.6170617e-07
2.1327319e-08
0.00054808133
0.00054266199
0.00053060073
0.00051127525
0.0004838811
0.00044816409
0.00040461548
0.00035445673
0.00029955734
0.00024241321
0.00018623757
0.00013499162
9.6320071e-05
7.5003155e-05
6.4945444e-05
5.4836527e-05
4.9164097e-05
4.4160887e-05
3.7676705e-05
2.9322346e-05
1.9519994e-05
1.0256291e-05
2.6392997e-06
1.6287274e-07
2.1223971e-08
0.00054477253
0.00053892139
0.00052604212
0.00050569136
0.0004772234
0.00044052178
0.00039617373
0.0003454542
0.00029027274
0.00023320652
0.000177653
0.00012787677
9.279445e-05
7.5122087e-05
6.5174574e-05
5.6245751e-05
5.084866e-05
4.5607025e-05
3.8712219e-05
2.9950929e-05
1.9871714e-05
1.0405385e-05
2.6644091e-06
1.6395817e-07
2.1130973e-08
0.00054133094
0.00053506202
0.00052139894
0.00050007827
0.00047060623
0.00043299063
0.00038790161
0.00033666456
0.00028124691
0.00022435672
0.00016964846
0.00012188231
9.028034e-05
7.5653035e-05
6.5683738e-05
5.7755548e-05
5.2552362e-05
4.7024443e-05
3.9709255e-05
3.0550737e-05
2.0202308e-05
1.0544539e-05
2.6879349e-06
1.6498526e-07
2.1048029e-08
0.0005377668
0.00053109577
0.00051668463
0.00049444827
0.00046403686
0.00042556981
0.00037978913
0.00032806683
0.00027242815
0.0002156811
0.00016155812
0.00011652099
8.8829687e-05
7.6537741e-05
6.6468177e-05
5.9334849e-05
5.4238633e-05
4.8407666e-05
4.0670196e-05
3.1123978e-05
2.0514106e-05
1.0675068e-05
2.7101693e-06
1.6596904e-07
2.0974711e-08
0.00053409066
0.00052703434
0.00051191161
0.00048881187
0.00045752053
0.00041825658
0.00037182389
0.0003196364
0.00026377579
0.00020715008
0.00015362183
0.00011181679
8.8178004e-05
7.7744328e-05
6.7480212e-05
6.0963016e-05
5.5903364e-05
4.9753999e-05
4.1596245e-05
3.1672329e-05
2.0808859e-05
1.0797899e-05
2.7312873e-06
1.6691742e-07
2.0910373e-08
0.00053031321
0.00052288911
0.00050709124
0.00048317802
0.00045106083
0.00041104733
0.00036399581
0.00031136471
0.00025531736
0.00019894516
0.00014645526
0.00010800516
8.8054126e-05
7.9231201e-05
6.8690304e-05
6.2620546e-05
5.7539442e-05
5.1061553e-05
4.2488146e-05
3.2197112e-05
2.1088003e-05
1.0913764e-05
2.7514128e-06
1.6783521e-07
2.0854345e-08
0.00052644507
0.00051867102
0.00050223385
0.00047755424
0.00044466027
0.00040393893
0.00035629989
0.00030325873
0.00024710297
0.0001911857
0.00014025862
0.00010512399
8.83407e-05
7.9709614e-05
7.0060169e-05
6.4340798e-05
5.9151354e-05
5.2328519e-05
4.334571e-05
3.2699194e-05
2.1352696e-05
1.1023251e-05
2.7706289e-06
1.6872521e-07
2.0806221e-08
0.00052249666
0.00051439046
0.00049734878
0.00047194684
0.00043832024
0.00039692713
0.0003487255
0.00029528957
0.00023901119
0.00018335398
0.00013466115
0.00010325125
8.9004853e-05
8.0205314e-05
7.1542147e-05
6.6110504e-05
6.0741777e-05
5.3554063e-05
4.416865e-05
3.3179056e-05
2.1603764e-05
1.1126781e-05
2.7889831e-06
1.6958806e-07
2.0765181e-08
0.00051847805
0.00051005723
0.00049244443
0.00046636098
0.00043204095
0.00039000568
0.0003412565
0.00028742023
0.00023097382
0.00017547459
0.00012959584
0.0001022145
9.0022708e-05
8.0890467e-05
7.310411e-05
6.7903109e-05
6.2307932e-05
5.4739051e-05
4.4957414e-05
3.3637124e-05
2.1841866e-05
1.1224713e-05
2.8065236e-06
1.7042432e-07
2.0730233e-08
0.00051439894
0.0005056805
0.00048752826
0.00046080076
0.00042582167
0.00038316833
0.00033388334
0.00027965679
0.00022310668
0.00016809447
0.00012529484
0.00010173961
9.1342288e-05
8.1777074e-05
7.472478e-05
6.9690584e-05
6.384282e-05
5.5883983e-05
4.5712916e-05
3.4073937e-05
2.2067579e-05
1.1317362e-05
2.8232878e-06
1.7123421e-07
2.0700666e-08
0.0005102685
0.00050126879
0.00048260688
0.00045526948
0.0004196615
0.00037641154
0.00032660939
0.00027204211
0.00021556288
0.00016150935
0.00012182256
0.00010168848
9.2901246e-05
8.2867987e-05
7.6389327e-05
7.1449725e-05
6.5338458e-05
5.6988729e-05
4.6436195e-05
3.4490125e-05
2.2281417e-05
1.140498e-05
2.8392968e-06
1.7201703e-07
2.0675697e-08
0.00050609542
0.00049682995
0.00047768617
0.00044976978
0.00041355952
0.00036973237
0.00031943238
0.00026455967
0.00020817758
0.00015562206
0.00011922537
0.00010201788
9.4665732e-05
8.4138734e-05
7.8081803e-05
7.3176299e-05
6.6790813e-05
5.8053121e-05
4.7128332e-05
3.4886496e-05
2.2483967e-05
1.1487844e-05
2.8545822e-06
1.7277292e-07
2.0654759e-08
0.0005018878
0.00049237121
0.00047277125
0.00044430362
0.00040751362
0.00036312231
0.00031232264
0.00025709235
0.00020054507
0.00015012752
0.00011753382
0.00010269869
9.5274557e-05
8.5554814e-05
7.9847306e-05
7.487951e-05
6.8197886e-05
5.9076621e-05
4.7790277e-05
3.5263982e-05
2.267589e-05
1.156624e-05
2.8691738e-06
1.7350234e-07
2.0637648e-08
0.00049765319
0.00048789915
0.00046786656
0.00043887215
0.00040152049
0.00035657125
0.0003052611
0.00024964574
0.00019298317
0.00014517204
0.00011651128
0.00010369389
9.5887722e-05
8.7071077e-05
8.1670482e-05
7.6565661e-05
6.9561337e-05
6.005947e-05
4.8422853e-05
3.5623445e-05
2.2857801e-05
1.1640427e-05
2.8830979e-06
1.7420553e-07
2.0623855e-08
0.00049339859
0.00048341973
0.00046297586
0.00043347595
0.00039557699
0.00035007461
0.00029826018
0.0002423307
0.00018590807
0.0001409257
0.00011596368
0.00010496669
9.6648092e-05
8.8661003e-05
8.352445e-05
7.8233651e-05
7.0883865e-05
6.1003053e-05
4.9027059e-05
3.5965733e-05
2.303034e-05
1.1710707e-05
2.8964061e-06
1.7488412e-07
2.0612783e-08
0.00048913041
0.00047893834
0.00045810239
0.0004281154
0.00038968156
0.00034363593
0.00029135339
0.00023525897
0.00017951874
0.0001374268
0.00011580606
0.0001064856
9.7570714e-05
9.030923e-05
8.5387382e-05
7.9878221e-05
7.2167249e-05
6.1909346e-05
4.9604201e-05
3.6291763e-05
2.3194177e-05
1.1777416e-05
2.9091599e-06
1.755406e-07
2.0604101e-08
0.00048485452
0.00047445981
0.0004532489
0.00042279073
0.00038383258
0.00033725233
0.00028451737
0.00022823656
0.00017368688
0.00013473504
0.00011601407
0.00010822526
9.8654417e-05
9.2005162e-05
8.7244098e-05
8.1493617e-05
7.3412127e-05
6.2780271e-05
5.0155751e-05
3.6602504e-05
2.3349972e-05
1.1840878e-05
2.9214196e-06
1.7617753e-07
2.0597535e-08
0.00048057627
0.00046998844
0.00044841764
0.00041750136
0.00037802486
0.0003309029
0.00027766305
0.00022095004
0.00016817155
0.00013287023
0.00011657458
0.00011014537
9.9908606e-05
9.3733634e-05
8.9069287e-05
8.3071906e-05
7.461869e-05
6.3617726e-05
5.0683266e-05
3.6898963e-05
2.3498372e-05
1.1901405e-05
2.933246e-06
1.7679766e-07
2.0592896e-08
0.00047630049
0.00046552803
0.00044361033
0.00041224589
0.00037225161
0.00032457148
0.00027078476
0.00021364074
0.00016310052
0.00013164079
0.00011745067
0.00011146526
0.00010131124
9.5513292e-05
9.086552e-05
8.4608884e-05
7.5786572e-05
6.4423366e-05
5.1188344e-05
3.7182187e-05
2.3640013e-05
1.1959287e-05
2.9446928e-06
1.7740367e-07
2.0590246e-08
0.00047203151
0.00046108188
0.00043882818
0.0004070226
0.00036650857
0.00031826231
0.00026396033
0.00020666667
0.00015863912
0.00013087069
0.00011859292
0.00011215129
0.00010282601
9.7363397e-05
9.2644619e-05
8.6104406e-05
7.6915374e-05
6.5198418e-05
5.1672446e-05
3.745316e-05
2.3775439e-05
1.2014746e-05
2.9557945e-06
1.7799721e-07
2.0589594e-08
0.00046777321
0.00045665285
0.00043407212
0.00040183045
0.00036079665
0.00031199793
0.00025728784
0.00020023742
0.00015484053
0.00013047023
0.00011996678
0.0001129373
0.00010442087
9.9261831e-05
9.4411196e-05
8.7561284e-05
7.8005827e-05
6.5943952e-05
5.2136806e-05
3.7712745e-05
2.3905119e-05
1.2067966e-05
2.966581e-06
1.7857948e-07
2.0590713e-08
0.00046352904
0.00045224342
0.00042934291
0.00039666887
0.00035511706
0.00030578271
0.00025071469
0.00019434124
0.00015173916
0.0001304059
0.00012154922
0.0001138496
0.00010607838
0.00010118577
9.6163268e-05
8.8982388e-05
7.9059721e-05
6.6661233e-05
5.2582538e-05
3.7961731e-05
2.4029509e-05
1.2119143e-05
2.9770885e-06
1.7915208e-07
2.059341e-08
0.00045930203
0.00044785569
0.0004246409
0.00039153566
0.00034945899
0.00029955456
0.00024392633
0.00018873986
0.00014940427
0.00013067283
0.00012332442
0.00011489717
0.00010778725
0.00010311796
9.7896023e-05
9.03694e-05
8.0079222e-05
6.7351789e-05
5.3010751e-05
3.820087e-05
2.4149057e-05
1.2168477e-05
2.9873537e-06
1.7971668e-07
2.059761e-08
0.00045509482
0.00044349136
0.00041996581
0.00038642653
0.00034380669
0.00029327184
0.00023693821
0.00018343136
0.00014773666
0.00013126278
0.00012527842
0.00011607789
0.00010953883
0.00010504612
9.9604459e-05
9.1722969e-05
8.1066353e-05
6.801726e-05
5.3422564e-05
3.8430874e-05
2.4264181e-05
1.2216152e-05
2.9974102e-06
1.8027486e-07
2.0603215e-08
0.00045090968
0.00043915171
0.00041531683
0.00038133708
0.00033815338
0.00028696259
0.00023003709
0.00017857918
0.00014657093
0.00013215539
0.0001273952
0.0001173875
0.00011132156
0.00010695954
0.00010128426
9.3043309e-05
8.2022843e-05
6.8659255e-05
5.3819094e-05
3.8652434e-05
2.4375267e-05
1.226232e-05
3.0072563e-06
1.8082822e-07
2.0610144e-08
0.00044674851
0.00043483771
0.00041069305
0.00037626516
0.00033250655
0.00028069719
0.00022347217
0.00017428852
0.00014579805
0.00013331071
0.00012893082
0.00011883264
0.00011315279
0.00010884606
0.00010292932
9.4330103e-05
8.2950256e-05
6.9279344e-05
5.4201457e-05
3.8866226e-05
2.4482678e-05
1.2307123e-05
3.0169537e-06
1.8137869e-07
2.06185e-08
0.00044261289
0.00043055007
0.00040609392
0.00037121172
0.00032688291
0.00027454001
0.00021737526
0.00017059227
0.0001453605
0.00013468365
0.0001297451
0.00012039008
0.00011505656
0.00011071445
0.00010453737
9.5582526e-05
8.3849727e-05
6.9878966e-05
5.4570694e-05
3.9072833e-05
2.4586668e-05
1.2350619e-05
3.0265511e-06
1.8192819e-07
2.0628373e-08
0.00043850413
0.00042628932
0.00040151892
0.00036617588
0.00032127348
0.00026837671
0.00021167307
0.00016754143
0.00014523431
0.00013624746
0.00013063036
0.00012202755
0.00011701355
0.00011257272
0.00010611065
9.6800623e-05
8.4722057e-05
7.0459292e-05
5.4927703e-05
3.9272756e-05
2.4687501e-05
1.2392961e-05
3.0360345e-06
1.8247587e-07
2.0639613e-08
0.00043442325
0.00042205565
0.0003969663
0.00036114873
0.00031562834
0.00026197024
0.00020618089
0.00016517989
0.00014541314
0.00013798612
0.00013161357
0.00012372688
0.00011900248
0.00011442121
0.0001076522
9.7985595e-05
8.5568099e-05
7.102128e-05
5.5273259e-05
3.946646e-05
2.4785418e-05
1.2434274e-05
3.0454224e-06
1.8302257e-07
2.065212e-08
0.00043037098
0.00041784881
0.00039243301
0.00035611879
0.0003099194
0.0002553734
0.00020093642
0.00016340796
0.00014588738
0.00013988811
0.00013270665
0.00012547675
0.00012100707
0.00011625662
0.0001091641
9.9139232e-05
8.6388967e-05
7.1565813e-05
5.5608012e-05
3.9654281e-05
2.4880517e-05
1.2474729e-05
3.0547478e-06
1.8356992e-07
2.066588e-08
0.00042634773
0.00041366814
0.00038791574
0.00035108016
0.0003041662
0.00024881557
0.00019608187
0.00016208908
0.00014664008
0.00014194276
0.00013391313
0.00012726864
0.0001230152
0.00011807465
0.00011064729
0.00010026335
8.7185965e-05
7.2093779e-05
5.593258e-05
3.983663e-05
2.4973097e-05
1.2514343e-05
3.0640101e-06
1.8411775e-07
2.0680844e-08
0.00042235364
0.00040951281
0.00038341232
0.00034603612
0.0002984192
0.00024249964
0.00019171007
0.00016113408
0.00014765177
0.00014413898
0.00013523089
0.00012909651
0.00012501839
0.00011987143
0.00011210204
0.00010135948
8.7960422e-05
7.260608e-05
5.6247563e-05
4.0013901e-05
2.5063384e-05
1.2553174e-05
3.0732155e-06
1.8466622e-07
2.069692e-08
0.00041838865
0.00040538208
0.00037892248
0.00034099735
0.00029273179
0.00023654783
0.00018785578
0.00016049897
0.00014890364
0.00014646393
0.00013666013
0.00013094864
0.00012700692
0.00012164332
0.00011352848
0.00010242899
8.871362e-05
7.3103619e-05
5.6553546e-05
4.0186432e-05
2.515161e-05
1.2591317e-05
3.0823826e-06
1.8521633e-07
2.0714081e-08
0.00041445258
0.00040127531
0.00037444592
0.00033596371
0.00028705372
0.00023094234
0.00018456039
0.00016016445
0.00015036373
0.00014783208
0.00013819858
0.00013286326
0.00012898295
0.00012338666
0.00011492578
0.00010347285
8.9446754e-05
7.3587286e-05
5.6851064e-05
4.0354495e-05
2.5238023e-05
1.2628881e-05
3.0915308e-06
1.8576925e-07
2.0732456e-08
0.00041054505
0.0003971913
0.00036997774
0.00033090333
0.00028118697
0.00022552455
0.00018188418
0.00016012215
0.00015200248
0.00014880365
0.00013983774
0.00013484818
0.00013094386
0.00012509831
0.00011629302
0.00010449173
9.0160877e-05
7.4057912e-05
5.7140672e-05
4.0518469e-05
2.5322707e-05
1.2665889e-05
3.1006604e-06
1.8632481e-07
2.0752046e-08
0.00040666535
0.00039312788
0.00036550935
0.00032578393
0.00027508542
0.00022026609
0.00017978406
0.00016036305
0.00015380146
0.00014982922
0.00014155166
0.00013688397
0.00013289619
0.00012677976
0.00011763003
0.0001054861
9.085684e-05
7.4516249e-05
5.7422884e-05
4.0678638e-05
2.5405746e-05
1.2702362e-05
3.1097729e-06
1.8688295e-07
2.0772734e-08
0.00040281238
0.0003890823
0.00036103348
0.0003206033
0.00026889694
0.00021528086
0.0001781465
0.00016087245
0.00015574772
0.00015093318
0.00014332347
0.0001389519
0.00013484126
0.00012843362
0.0001189376
0.00010645648
9.1535321e-05
7.4962901e-05
5.7698062e-05
4.0835288e-05
2.5487265e-05
1.2738341e-05
3.1188748e-06
1.8744392e-07
2.0794462e-08
0.0003989848
0.00038505193
0.00035654787
0.0003153876
0.00026280249
0.00021067707
0.00017687708
0.00016163286
0.00015783111
0.00015212838
0.00014514275
0.00014103775
0.00013677676
0.00013006177
0.00012021709
0.00010740359
9.2196929e-05
7.5398387e-05
5.7966586e-05
4.0988639e-05
2.5567373e-05
1.2773865e-05
3.1279714e-06
1.8800794e-07
2.0817208e-08
0.00039518121
0.00038103511
0.00035205631
0.00031017833
0.00025693954
0.00020651071
0.00017592043
0.00016262732
0.0001600427
0.00015342032
0.00014700219
0.00014313099
0.0001386993
0.00013166514
0.00012146992
0.00010832835
9.2842295e-05
7.5823221e-05
5.8228857e-05
4.1138852e-05
2.5646142e-05
1.2808964e-05
3.1370651e-06
1.88575e-07
2.084093e-08
0.00039140037
0.00037703127
0.00034756535
0.00030500219
0.0002513777
0.00020280615
0.00017524934
0.00016384085
0.00016237394
0.00015481073
0.00014889604
0.00014522338
0.00014060537
0.00013324401
0.00012269735
0.00010923178
9.3472114e-05
7.6237914e-05
5.8485223e-05
4.1286089e-05
2.5723639e-05
1.2843658e-05
3.1461569e-06
1.8914506e-07
2.0865596e-08
0.00038764107
0.00037303905
0.0003430686
0.00029977833
0.00024605673
0.00019960872
0.00017485451
0.00016526083
0.00016481629
0.00015629742
0.00015082006
0.00014730915
0.00014249207
0.0001347983
0.00012390042
0.00011011487
9.4087052e-05
7.6642846e-05
5.873603e-05
4.1430541e-05
2.579994e-05
1.2877972e-05
3.1552488e-06
1.8971806e-07
2.089113e-08
0.00038390153
0.00036905392
0.00033854048
0.00029436102
0.00024085393
0.00019695814
0.00017473562
0.00016687457
0.00016722947
0.00015788234
0.00015276752
0.00014938067
0.00014435639
0.00013632792
0.00012508003
0.00011097855
9.4687788e-05
7.7038525e-05
5.898156e-05
4.1572372e-05
2.5875135e-05
1.2911945e-05
3.1643488e-06
1.9029452e-07
2.0917535e-08
0.00038017919
0.00036506922
0.00033395866
0.00028873904
0.00023577566
0.00019481088
0.00017488669
0.00016865244
0.00016837577
0.00015956283
0.00015479162
0.00015144507
0.000146195
0.0001378316
0.00012623671
0.00011182368
9.5275044e-05
7.7425465e-05
5.92221e-05
4.171174e-05
2.5949304e-05
1.2945608e-05
3.1734598e-06
1.9087461e-07
2.0944916e-08
0.00037647091
0.00036107908
0.00032932067
0.00028302713
0.0002309241
0.00019307894
0.00017529506
0.00017057864
0.00016953212
0.00016132017
0.0001568815
0.00015350496
0.00014800728
0.00013930834
0.00012737065
0.00011265101
9.584949e-05
7.7804132e-05
5.9457904e-05
4.1848755e-05
2.6022483e-05
1.2978961e-05
3.1825773e-06
1.914579e-07
2.0973208e-08
0.0003727737
0.00035708069
0.00032464321
0.00027736376
0.00022639372
0.00019168812
0.00017594471
0.00017263951
0.00017073336
0.00016314431
0.00015901712
0.00015555779
0.00014979389
0.00014075812
0.00012848204
0.00011346109
9.6411673e-05
7.817494e-05
5.9689211e-05
4.1983519e-05
2.6094704e-05
1.3012014e-05
3.191703e-06
1.9204436e-07
2.1002308e-08
0.00036908534
0.00035307527
0.0003199548
0.00027186097
0.00022223849
0.00019059177
0.00017681958
0.00017482432
0.00017200125
0.00016502126
0.00016118233
0.00015760491
0.00015155671
0.00014218159
0.00012957122
0.00011425435
9.6962097e-05
7.8538256e-05
5.991622e-05
4.2116127e-05
2.616601e-05
1.3044783e-05
3.2008383e-06
1.9263405e-07
2.1032198e-08
0.0003654048
0.00034906721
0.00031528307
0.00026659
0.00021848174
0.00018976431
0.00017790528
0.00017712444
0.00017334777
0.00016694231
0.0001633653
0.00015964455
0.0001532972
0.00014357981
0.00013063871
0.00011503126
9.7501203e-05
7.8894394e-05
6.0139112e-05
4.224667e-05
2.6236442e-05
1.3077283e-05
3.2099838e-06
1.9322689e-07
2.1062854e-08
0.00036173119
0.00034505616
0.00031059814
0.00026153577
0.00021515324
0.00018919411
0.0001791896
0.00017953257
0.00017477864
0.00016890134
0.00016555716
0.00016167396
0.00015501606
0.00014495388
0.00013168526
0.00011579231
9.802935e-05
7.9243641e-05
6.0358057e-05
4.2375234e-05
2.6306036e-05
1.3109525e-05
3.2191396e-06
1.9382283e-07
2.1094243e-08
0.00035806158
0.0003410286
0.00030579688
0.00025660129
0.00021229326
0.00018887818
0.00018066243
0.0001820421
0.00017629609
0.00017089352
0.00016775094
0.00016369023
0.00015671347
0.00014630478
0.00013271162
0.000116538
9.8546931e-05
7.9586259e-05
6.0573216e-05
4.2501899e-05
2.6374827e-05
1.314152e-05
3.2283054e-06
1.9442177e-07
2.112634e-08
0.00035439037
0.00033696552
0.00030081814
0.00025174123
0.00020989721
0.00018881552
0.00018231508
0.00018464671
0.00017789948
0.0001729154
0.0001699414
0.00016569074
0.0001583893
0.00014763332
0.00013371855
0.00011726889
9.9054339e-05
7.9922488e-05
6.078473e-05
4.2626737e-05
2.6442844e-05
1.3173276e-05
3.2374803e-06
1.9502356e-07
2.1159107e-08
0.00035071121
0.00033285608
0.00029570283
0.00024701139
0.00020790983
0.0001890027
0.00018413945
0.00018733965
0.00017958805
0.00017496051
0.00017212306
0.00016767317
0.00016004339
0.00014894018
0.00013470683
0.00011798553
9.9551945e-05
8.0252556e-05
6.0992732e-05
4.2749817e-05
2.6510118e-05
1.3204804e-05
3.2466654e-06
1.956282e-07
2.1192506e-08
0.00034701927
0.00032870271
0.00029054456
0.00024249959
0.00020626803
0.0001894316
0.00018611896
0.00018947965
0.00018136364
0.00017704691
0.00017429463
0.00016963472
0.00016167518
0.00015022597
0.00013567723
0.00011868836
0.0001000401
8.05767e-05
6.1197369e-05
4.2871224e-05
2.6576693e-05
1.3236122e-05
3.2558633e-06
1.9623589e-07
2.1226569e-08
0.00034331285
0.00032451912
0.0002854396
0.00023827487
0.00020492444
0.00019008973
0.00018823281
0.00019087097
0.00018321816
0.00017920269
0.00017646246
0.00017157338
0.00016328344
0.00015149087
0.00013663031
0.00011937802
0.00010051918
8.0895155e-05
6.1398784e-05
4.2991034e-05
2.66426e-05
1.3267238e-05
3.2650725e-06
1.9684649e-07
2.1261326e-08
0.00033959397
0.00032032609
0.00028046612
0.0002343771
0.000203849
0.00019096392
0.00019047015
0.00019227064
0.00018513601
0.00018141655
0.00017862981
0.0001734895
0.00016486734
0.00015273484
0.00013756656
0.00012005506
0.00010098955
8.1208134e-05
6.1597088e-05
4.3109293e-05
2.670785e-05
1.3298148e-05
3.2742901e-06
1.9745972e-07
2.1296712e-08
0.00033586813
0.00031614749
0.00027568052
0.00023082337
0.00020302403
0.00019204139
0.00019282074
0.00019370791
0.00018711367
0.00018367174
0.00018079136
0.00017538329
0.00016642698
0.000153958
0.00013848626
0.00012071992
0.00010145156
8.1515834e-05
6.1792379e-05
4.3226041e-05
2.6772457e-05
1.3328856e-05
3.2835164e-06
1.9807553e-07
2.1332674e-08
0.00033213952
0.00031198141
0.0002710896
0.00022762967
0.00020243987
0.00019331057
0.00019527619
0.0001952015
0.00018913966
0.00018595487
0.00018294844
0.00017725617
0.00016796294
0.00015516064
0.00013938966
0.00012137292
0.0001019055
8.1818441e-05
6.1984757e-05
4.3341325e-05
2.683644e-05
1.335937e-05
3.2927515e-06
1.986939e-07
2.1369199e-08
0.00032840227
0.00030777061
0.00026662789
0.00022482525
0.00020209234
0.00019476143
0.00019782961
0.00019676225
0.00019120669
0.00018825592
0.00018509977
0.00017910929
0.00016947598
0.00015634305
0.0001402772
0.00012201441
0.00010235162
8.2116126e-05
6.2174315e-05
4.345519e-05
2.6899821e-05
1.3389697e-05
3.3019952e-06
1.9931474e-07
2.1406266e-08
0.00032464223
0.0003034578
0.00026223833
0.00022242068
0.00020197957
0.00019638532
0.00020047516
0.00019839594
0.00019330957
0.00019056728
0.00018724315
0.00018094325
0.00017096693
0.00015750572
0.00014114928
0.00012264471
0.00010279016
8.2409047e-05
6.2361146e-05
4.3567682e-05
2.6962618e-05
1.3419843e-05
3.3112471e-06
1.99938e-07
2.1443854e-08
0.00032084668
0.00029903801
0.00025793159
0.0002203917
0.00020209905
0.00019817458
0.00020320757
0.00020010519
0.0001954443
0.00019288293
0.0001893762
0.00018275835
0.00017243677
0.000158649
0.00014200622
0.0001232641
0.00010322133
8.2697348e-05
6.2545334e-05
4.3678845e-05
2.7024849e-05
1.3449814e-05
3.3205068e-06
2.0056359e-07
2.1481945e-08
0.00031701159
0.00029455444
0.00025376608
0.00021869602
0.00020244649
0.00020012217
0.00020602179
0.00020189089
0.00019760739
0.00019519785
0.00019149659
0.00018455451
0.00017388609
0.00015977354
0.00014284841
0.00012387286
0.00010364535
8.2981167e-05
6.2726961e-05
4.3788719e-05
2.7086532e-05
1.3479613e-05
3.3297735e-06
2.0119142e-07
2.152052e-08
0.00031314305
0.00029006906
0.00024980503
0.00021729405
0.00020301608
0.00020222137
0.00020891278
0.00020375218
0.00019979633
0.0001975082
0.00019360222
0.00018633143
0.00017531532
0.00016088008
0.00014367634
0.00012447127
0.00010406241
8.3260631e-05
6.2906099e-05
4.3897338e-05
2.7147678e-05
1.3509243e-05
3.3390462e-06
2.0182136e-07
2.1559554e-08
0.00030925521
0.00028564242
0.00024609577
0.00021615691
0.00020380125
0.00020446555
0.00021187503
0.00020568833
0.00020200597
0.00019980981
0.00019569126
0.00018808885
0.00017672492
0.00016196926
0.00014449046
0.00012505965
0.00010447269
8.3535862e-05
6.3082822e-05
4.400474e-05
2.7208305e-05
1.3538711e-05
3.3483251e-06
2.024534e-07
2.159902e-08
0.00030536734
0.00028132542
0.00024266729
0.000215266
0.00020479377
0.00020684041
0.00021433932
0.0002077017
0.00020425169
0.00020210164
0.00019776156
0.0001898266
0.0001781148
0.00016304148
0.00014529121
0.00012563828
0.0001048764
8.3806989e-05
6.3257211e-05
4.4110973e-05
2.7268437e-05
1.3568026e-05
3.3576117e-06
2.0308766e-07
2.1638941e-08
0.00030150111
0.00027715758
0.00023953428
0.0002146098
0.00020598325
0.00020932779
0.00021607957
0.00020978673
0.00020656054
0.0002043895
0.00019981124
0.0001915433
0.00017948524
0.00016409719
0.000146079
0.00012620747
0.00010527372
8.407414e-05
6.3429347e-05
4.4216079e-05
2.7328092e-05
1.3597193e-05
3.3669047e-06
2.0372402e-07
2.1679342e-08
0.00029767858
0.00027316792
0.00023670175
0.00021418086
0.00020735953
0.00021191922
0.00021782209
0.0002119309
0.0002089238
0.00020667619
0.00020184027
0.00019323791
0.00018083629
0.00016513686
0.00014685425
0.00012676752
0.00010566486
8.4337431e-05
6.359929e-05
4.4320083e-05
2.7387272e-05
1.3626206e-05
3.3762017e-06
2.0436227e-07
2.1720176e-08
0.00029392078
0.0002693768
0.00023416864
0.00021397392
0.00020891303
0.00021460688
0.00021959206
0.00021412938
0.00021132756
0.00020895908
0.00020384898
0.00019491024
0.00018216799
0.0001661608
0.00014761732
0.0001273187
0.00010604999
8.4596964e-05
6.376709e-05
4.4423003e-05
2.7445983e-05
1.3655067e-05
3.3855025e-06
2.0500235e-07
2.1761407e-08
0.00029024685
0.00026579768
0.00023193046
0.00021398476
0.00021063495
0.00021738427
0.00022140674
0.00021637254
0.0002137601
0.00021123985
0.00020583939
0.00019655986
0.00018348016
0.00016716923
0.00014836855
0.00012786128
0.00010642929
8.485284e-05
6.3932799e-05
4.4524863e-05
2.7504235e-05
1.3683779e-05
3.3948069e-06
2.0564423e-07
2.1803023e-08
0.00028665493
0.00026241253
0.00022998971
0.0002142099
0.00021251733
0.00022024586
0.00022327713
0.00021865427
0.00021621248
0.00021351759
0.00020781223
0.00019818775
0.00018477301
0.00016816233
0.00014910818
0.00012839549
0.00010680292
8.5105155e-05
6.4096471e-05
4.462569e-05
2.7562039e-05
1.3712348e-05
3.4041147e-06
2.0628787e-07
2.1845014e-08
0.00028309534
0.00025914161
0.00022836555
0.00021464696
0.00021455304
0.00022318684
0.00022520984
0.00022097027
0.00021867777
0.00021579036
0.000209768
0.00019979481
0.00018604696
0.00016914032
0.00014983644
0.00012892156
0.00010717103
8.5354003e-05
6.4258155e-05
4.4725508e-05
2.7619407e-05
1.3740776e-05
3.4134256e-06
2.0693319e-07
2.1887364e-08
0.0002795625
0.0002559854
0.00022704621
0.000215293
0.00021673561
0.00022620278
0.00022720873
0.00022331727
0.00022115038
0.00021805597
0.00021170687
0.00020138184
0.00018730249
0.00017010345
0.00015055355
0.00012943965
0.00010753377
8.5599478e-05
6.4417905e-05
4.4824344e-05
2.767635e-05
1.3769067e-05
3.4227391e-06
2.0758017e-07
2.1930063e-08
0.00027607008
0.00025296888
0.00022601255
0.00021614429
0.00021905899
0.00022928943
0.00022927589
0.00022569259
0.0002236261
0.00022031314
0.00021362786
0.00020294916
0.00018854012
0.00017105207
0.00015125971
0.00012994996
0.00010789126
8.5841665e-05
6.457577e-05
4.4922221e-05
2.7732877e-05
1.3797223e-05
3.4320549e-06
2.0822872e-07
2.1973098e-08
0.00027264385
0.00025012594
0.00022524442
0.00021719637
0.00022151742
0.00023244248
0.00023141227
0.00022809395
0.00022610109
0.00022255926
0.00021553125
0.0002044973
0.00018976033
0.00017198649
0.00015195515
0.00013045263
0.00010824363
8.6080646e-05
6.4731796e-05
4.5019164e-05
2.7788998e-05
1.3825246e-05
3.4413724e-06
2.088788e-07
2.2016458e-08
0.00026931404
0.00024748769
0.00022472465
0.00021844424
0.00022410528
0.00023565749
0.00023361796
0.00023051929
0.00022857196
0.00022479216
0.00021741694
0.00020602674
0.00019096357
0.00017290708
0.00015264011
0.00013094783
0.000108591
8.6316497e-05
6.4886029e-05
4.5115193e-05
2.784472e-05
1.3853139e-05
3.450691e-06
2.0953034e-07
2.2060131e-08
0.00026611037
0.00024507781
0.00022444008
0.00021988259
0.00022681696
0.00023892976
0.00023589268
0.00023296651
0.00023103566
0.00022700999
0.00021928467
0.00020753786
0.00019215031
0.00017381416
0.00015331482
0.00013143573
0.00010893348
8.6549292e-05
6.5038511e-05
4.5210329e-05
2.7900052e-05
1.3880903e-05
3.4600101e-06
2.1018328e-07
2.2104107e-08
0.0002630596
0.00024291217
0.00022438116
0.00022150592
0.00022964687
0.00024225439
0.00023823429
0.0002354349
0.0002334916
0.00022921009
0.00022113379
0.00020903101
0.00019332101
0.00017470809
0.00015397952
0.00013191648
0.00010927117
8.6779098e-05
6.5189279e-05
4.5304588e-05
2.7954999e-05
1.3908539e-05
3.4693289e-06
2.1083751e-07
2.2148363e-08
0.00026018457
0.00024100024
0.00022454106
0.00022330852
0.00023258804
0.00024553862
0.0002406439
0.00023792041
0.00023593571
0.00023139171
0.00022296401
0.00021050641
0.00019447607
0.00017558921
0.00015463445
0.00013239026
0.00010960418
8.7005973e-05
6.5338359e-05
4.5397988e-05
2.8009571e-05
1.3936052e-05
3.4786482e-06
2.1149312e-07
2.21929e-08
0.00025750416
0.00023934683
0.00022491449
0.00022528175
0.00023562015
0.00024786766
0.00024312761
0.0002404597
0.00023836829
0.00023355208
0.00022477445
0.00021196415
0.00019561582
0.00017645782
0.00015527983
0.00013285723
0.00010993263
8.7229956e-05
6.5485753e-05
4.549053e-05
2.8063771e-05
1.3963441e-05
3.487967e-06
2.1215005e-07
2.223775e-08
0.00025503349
0.00023795347
0.00022549684
0.00022741706
0.00023873592
0.00025019959
0.00024567017
0.00024304847
0.00024079558
0.00023569105
0.00022656421
0.00021340417
0.00019674058
0.00017731426
0.00015591593
0.00013331754
0.00011025659
8.7451101e-05
6.5631493e-05
4.5582222e-05
2.8117594e-05
1.3990701e-05
3.4972817e-06
2.1280801e-07
2.2282889e-08
0.00025278443
0.00023681941
0.00022628379
0.00022970647
0.00024192949
0.00025255421
0.00024826029
0.00024567755
0.00024322013
0.00023780973
0.00022833287
0.00021482633
0.00019785061
0.00017815886
0.00015654297
0.00013377135
0.00011057616
8.7669466e-05
6.5775614e-05
4.5673071e-05
2.8171037e-05
1.4017828e-05
3.5065916e-06
2.1346694e-07
2.2328279e-08
0.00025076596
0.00023594241
0.00022727122
0.00023214263
0.00024519592
0.00025494691
0.00025089111
0.00024833605
0.00024564345
0.00023990983
0.00023008054
0.00021623046
0.00019894603
0.00017899187
0.00015716118
0.00013421879
0.00011089142
8.7885108e-05
6.5918152e-05
4.5763094e-05
2.8224107e-05
1.4044825e-05
3.515897e-06
2.1412683e-07
2.2373913e-08
0.00024898472
0.00023531932
0.00022845502
0.00023471876
0.00024853088
0.00025738873
0.00025355835
0.00025101545
0.00024806489
0.00024199283
0.00023180771
0.00021761654
0.00020002689
0.00017981349
0.00015777077
0.00013466002
0.00011120246
8.8098089e-05
6.6059145e-05
4.5852311e-05
2.8276813e-05
1.4071695e-05
3.5251978e-06
2.1478765e-07
2.2419785e-08
0.00024744539
0.00023494646
0.00022983111
0.00023742864
0.00025193034
0.00025988719
0.0002562592
0.00025370891
0.00025048286
0.00024405969
0.00023351509
0.00021898473
0.00020109329
0.00018062386
0.00015837189
0.00013509516
0.00011150939
8.8308468e-05
6.6198628e-05
4.5940744e-05
2.8329166e-05
1.4098444e-05
3.5344944e-06
2.1544942e-07
2.2465887e-08
0.00024615111
0.00023481985
0.00023139538
0.0002402664
0.00025539031
0.00026244789
0.00025899319
0.00025640965
0.00025289496
0.00024611089
0.00023520341
0.00022033534
0.00020214534
0.00018142313
0.00015896471
0.00013552435
0.00011181228
8.8516304e-05
6.6336639e-05
4.6028411e-05
2.8381176e-05
1.4125073e-05
3.5437869e-06
2.161121e-07
2.2512212e-08
0.00024510374
0.00023493546
0.00023314367
0.00024322646
0.00025890679
0.00026507434
0.00026175753
0.00025911418
0.00025529913
0.00024814651
0.0002368733
0.00022166875
0.0002031832
0.00018221141
0.00015954935
0.0001359477
0.00011211123
8.8721658e-05
6.6473213e-05
4.6115334e-05
2.843285e-05
1.4151585e-05
3.5530752e-06
2.167757e-07
2.2558756e-08
0.00024430419
0.00023528922
0.00023507174
0.00024630346
0.00026247564
0.00026776871
0.00026455013
0.00026181938
0.00025769351
0.00025016641
0.00023852529
0.00022298539
0.00020420712
0.00018298886
0.00016012595
0.00013636534
0.00011240633
8.8924587e-05
6.6608385e-05
4.6201528e-05
2.8484197e-05
1.4177984e-05
3.5623592e-06
2.1744018e-07
2.2605512e-08
0.00024375263
0.00023587714
0.00023717528
0.0002494921
0.00026609254
0.000270533
0.00026736863
0.00026452245
0.00026007646
0.00025217031
0.00024015974
0.00022428565
0.00020521732
0.00018375562
0.00016069462
0.00013677735
0.00011269765
8.9125143e-05
6.6742185e-05
4.628701e-05
2.8535222e-05
1.4204271e-05
3.5716388e-06
2.1810551e-07
2.2652475e-08
0.00024344862
0.00023669531
0.00023944984
0.00025278708
0.00026975298
0.00027336903
0.00027021051
0.00026722077
0.00026244645
0.00025415788
0.00024177696
0.00022556991
0.00020621408
0.00018451186
0.00016125548
0.00013718384
0.00011298527
8.932338e-05
6.6874644e-05
4.6371794e-05
2.8585932e-05
1.4230446e-05
3.5809138e-06
2.1877167e-07
2.269964e-08
0.0002433913
0.00023773988
0.00024189081
0.00025618299
0.00027345176
0.00027627651
0.00027307532
0.0002699117
0.00026480201
0.00025612877
0.00024337716
0.00022683851
0.00020719766
0.00018525776
0.00016180866
0.00013758491
0.00011326926
8.9519344e-05
6.7005791e-05
4.6455895e-05
2.8636333e-05
1.4256513e-05
3.5901838e-06
2.1943863e-07
2.2747001e-08
0.00024357943
0.00023900702
0.00024449332
0.00025967379
0.00027718183
0.00027925867
0.0002759624
0.00027259037
0.00026714113
0.0002580826
0.00024496054
0.00022809176
0.00020816832
0.00018599349
0.00016235429
0.00013798064
0.00011354969
8.971308e-05
6.713565e-05
4.6539325e-05
2.8686428e-05
1.4282471e-05
3.5994485e-06
2.2010635e-07
2.2794553e-08
0.0002440115
0.00024049287
0.00024725224
0.00026325363
0.0002809382
0.000282308
0.00027887054
0.00027525845
0.00026946287
0.00026001892
0.00024652725
0.00022932996
0.0002091263
0.00018671924
0.00016289248
0.00013837113
0.00011382663
8.9904631e-05
6.7264246e-05
4.6622094e-05
2.8736222e-05
1.4308321e-05
3.6087076e-06
2.2077479e-07
2.2842292e-08
0.00024468573
0.00024219356
0.00025016232
0.00026691673
0.0002847155
0.0002854212
0.000281799
0.00027791696
0.00027176681
0.0002619373
0.00024807733
0.00023055336
0.00021007186
0.00018743518
0.00016342337
0.00013875647
0.00011410013
9.0094036e-05
6.7391601e-05
4.6704215e-05
2.8785718e-05
1.4334065e-05
3.6179608e-06
2.2144393e-07
2.2890212e-08
0.00024560014
0.00024410518
0.00025321817
0.00027065738
0.00028850888
0.00028859525
0.0002847472
0.00028056662
0.00027405284
0.00026383737
0.00024961076
0.00023176218
0.00021100522
0.00018814149
0.00016394708
0.00013913674
0.00011437025
9.028133e-05
6.7517735e-05
4.6785695e-05
2.8834921e-05
1.4359703e-05
3.6272075e-06
2.2211372e-07
2.2938309e-08
0.00024675255
0.00024622374
0.00025641444
0.00027447093
0.00029231325
0.00029182702
0.00028771453
0.00028320792
0.00027632095
0.00026571891
0.00025112749
0.00023295657
0.00021192661
0.00018883835
0.00016446373
0.00013951203
0.00011463705
9.0466549e-05
6.7642666e-05
4.6866542e-05
2.8883831e-05
1.4385235e-05
3.6364474e-06
2.2278412e-07
2.2986577e-08
0.00024814057
0.00024854521
0.00025974565
0.00027835153
0.00029612418
0.00029511377
0.00029070041
0.00028584128
0.00027857126
0.00026758178
0.00025262748
0.00023413665
0.0002128362
0.00018952592
0.00016497345
0.00013988241
0.00011490058
9.0649722e-05
6.7766411e-05
4.6946765e-05
2.8932452e-05
1.441066e-05
3.6456799e-06
2.2345508e-07
2.3035012e-08
0.00024976165
0.00025106541
0.00026320609
0.00028229319
0.00029993704
0.00029845297
0.00029370432
0.00028846702
0.00028080393
0.00026942591
0.00025411071
0.00023530253
0.00021373416
0.00019020436
0.00016547634
0.00014024797
0.00011516089
9.083088e-05
6.7888985e-05
4.7026368e-05
2.8980785e-05
1.443598e-05
3.6549045e-06
2.2412657e-07
2.3083609e-08
0.00025161297
0.00025378018
0.00026679088
0.0002862894
0.00030374678
0.00030184226
0.00029672576
0.00029108545
0.00028301915
0.00027125131
0.00025557718
0.00023645429
0.00021462064
0.00019087383
0.00016597254
0.00014060879
0.00011541803
9.1010051e-05
6.8010401e-05
4.7105358e-05
2.9028832e-05
1.4461194e-05
3.6641207e-06
2.2479854e-07
2.3132363e-08
0.00025369154
0.00025668511
0.00027049382
0.00029033411
0.00030754831
0.0003052794
0.00029976436
0.00029369683
0.00028521713
0.00027305801
0.00025702689
0.00023759202
0.00021549578
0.00019153445
0.00016646214
0.00014096493
0.00011567204
9.118726e-05
6.8130674e-05
4.718374e-05
2.9076593e-05
1.4486301e-05
3.673328e-06
2.2547094e-07
2.3181269e-08
0.00025599411
0.00025977568
0.00027430827
0.00029442103
0.00031133654
0.00030876221
0.00030281983
0.00029630148
0.0002873981
0.0002748461
0.00025845989
0.00023871579
0.00021635969
0.00019218635
0.00016694525
0.00014131648
0.00011592298
9.1362533e-05
6.8249814e-05
4.7261518e-05
2.9124069e-05
1.4511301e-05
3.6825256e-06
2.2614372e-07
2.3230322e-08
0.00025851733
0.00026304746
0.00027822728
0.00029854351
0.0003151065
0.00031228864
0.00030589204
0.00029889972
0.00028956228
0.00027661564
0.00025987622
0.00023982569
0.00021721248
0.00019282965
0.00016742197
0.00014166351
0.00011617089
9.1535895e-05
6.8367834e-05
4.7338697e-05
2.9171262e-05
1.4536193e-05
3.6917132e-06
2.2681683e-07
2.3279519e-08
0.00026125732
0.00026649481
0.00028224338
0.00030269281
0.00031884453
0.00031585703
0.00030897706
0.00030149114
0.00029170996
0.0002783668
0.00026127596
0.00024092179
0.00021805427
0.00019346445
0.00016789239
0.00014200608
0.0001164158
9.1707368e-05
6.8484746e-05
4.741528e-05
2.9218172e-05
1.4560979e-05
3.7008902e-06
2.2749025e-07
2.3328854e-08
0.00026420972
0.00027011156
0.00028634885
0.00030686114
0.00032254839
0.00031946497
0.00031207758
0.0003040762
0.00029384135
0.00028009971
0.00026265916
0.00024200417
0.00021888514
0.00019409087
0.0001683566
0.00014234425
0.00011665776
9.1876977e-05
6.8600558e-05
4.7491272e-05
2.9264799e-05
1.4585656e-05
3.7100559e-06
2.2816391e-07
2.3378324e-08
0.00026736937
0.00027389104
0.00029053588
0.00031104151
0.00032621683
0.00032311042
0.00031519545
0.00030665571
0.00029595669
0.00028181451
0.00026402593
0.0002430729
0.00021970519
0.000194709
0.00016881469
0.00014267808
0.00011689681
9.2044741e-05
6.8715282e-05
4.7566676e-05
2.9311144e-05
1.4610224e-05
3.71921e-06
2.2883778e-07
2.3427925e-08
0.00027073048
0.00027782606
0.00029479667
0.00031522748
0.00032984875
0.00032679154
0.00031833185
0.0003092306
0.00029805627
0.00028351127
0.00026537634
0.00024412807
0.00022051451
0.00019531891
0.00016926671
0.00014300763
0.00011713297
9.2210681e-05
6.8828927e-05
4.7641494e-05
2.9357208e-05
1.4634684e-05
3.7283517e-06
2.295118e-07
2.3477651e-08
0.00027428659
0.00028190885
0.00029912349
0.00031941299
0.00033344303
0.00033050669
0.00032148753
0.00031180178
0.00030014047
0.00028519012
0.00026671043
0.00024516974
0.00022131317
0.00019592069
0.00016971275
0.00014333296
0.0001173663
9.2374814e-05
6.89415e-05
4.771573e-05
2.9402991e-05
1.4659034e-05
3.7374807e-06
2.3018594e-07
2.35275e-08
0.00027803049
0.00028613109
0.00030350866
0.00032359223
0.00033699849
0.00033425435
0.00032466295
0.00031437007
0.00030220971
0.00028685116
0.00026802825
0.00024619798
0.00022210126
0.00019651442
0.00017015287
0.0001436541
0.00011759681
9.2537158e-05
6.905301e-05
4.7789387e-05
2.9448492e-05
1.4683274e-05
3.7465963e-06
2.3086015e-07
2.3577466e-08
0.00028195425
0.00029048389
0.00030794459
0.00032775952
0.00034051395
0.00033803314
0.0003278584
0.00031693621
0.00030426442
0.00028849454
0.00026932986
0.00024721282
0.00022287883
0.00019710017
0.00017058713
0.00014397111
0.00011782453
9.2697728e-05
6.9163463e-05
4.7862465e-05
2.9493711e-05
1.4707403e-05
3.7556979e-06
2.3153439e-07
2.3627545e-08
0.00028604917
0.00029495774
0.00031242376
0.00033190936
0.00034398827
0.00034184186
0.00033107408
0.00031950084
0.00030630503
0.00029012043
0.00027061529
0.00024821432
0.00022364594
0.00019767799
0.00017101557
0.00014428401
0.00011804949
9.2856537e-05
6.9272865e-05
4.7934966e-05
2.9538648e-05
1.473142e-05
3.764785e-06
2.3220859e-07
2.3677732e-08
0.00029029635
0.00029952515
0.00031694393
0.00033603618
0.00034742056
0.00034567912
0.00033430995
0.00032206455
0.00030833201
0.000291729
0.0002718846
0.00024920249
0.00022440264
0.00019824795
0.00017143825
0.00014459285
0.00011827171
9.3013594e-05
6.9381218e-05
4.8006889e-05
2.9583302e-05
1.4755324e-05
3.7738567e-06
2.328827e-07
2.3728022e-08
0.00029467577
0.00030416209
0.00032150173
0.00034013465
0.00035081017
0.00034954452
0.00033756624
0.0003246276
0.00031034554
0.00029332036
0.00027313782
0.00025017737
0.00022514896
0.00019881007
0.00017185521
0.00014489766
0.00011849121
9.3168908e-05
6.9488525e-05
4.8078236e-05
2.9627671e-05
1.4779114e-05
3.7829124e-06
2.3355666e-07
2.3778411e-08
0.00029917541
0.00030886344
0.00032608633
0.00034419286
0.00035414685
0.00035342923
0.00034084064
0.00032719148
0.00031234706
0.00029489506
0.0002743751
0.00025113902
0.00022588496
0.00019936443
0.0001722665
0.00014519846
0.000118708
9.3322486e-05
6.9594786e-05
4.8149e-05
2.9671751e-05
1.4802788e-05
3.7919508e-06
2.3423037e-07
2.3828881e-08
0.00030378387
0.00031362315
0.00033068771
0.00034820702
0.00035743277
0.00035725513
0.00034413666
0.00032975306
0.00031433425
0.00029645296
0.0002755967
0.00025208754
0.00022661069
0.00019991106
0.00017267214
0.00014549528
0.0001189221
9.3474336e-05
6.9700006e-05
4.8219188e-05
2.9715547e-05
1.4826348e-05
3.8009732e-06
2.3490395e-07
2.387944e-08
0.00030849012
0.00031843441
0.00033529642
0.00035217215
0.00036066108
0.00035997331
0.00034744907
0.00033237002
0.00031632016
0.00029799323
0.00027680147
0.00025302267
0.0002273261
0.00020044994
0.00017307214
0.00014578814
0.00011913353
9.3624476e-05
6.9804201e-05
4.8288811e-05
2.9759065e-05
1.4849796e-05
3.8099793e-06
2.3557739e-07
2.3930133e-08
0.00031328335
0.00032328967
0.00033990333
0.00035608504
0.00036383569
0.0003626494
0.00035076329
0.00033503383
0.0003183146
0.0002995186
0.00027798879
0.0002539439
0.00022803115
0.00020098114
0.00017346656
0.00014607705
0.0001193423
9.3772912e-05
6.9907367e-05
4.8357861e-05
2.9802294e-05
1.4873125e-05
3.8189655e-06
2.3625043e-07
2.3980938e-08
0.00031815287
0.00032818072
0.0003444998
0.00035994384
0.0003669601
0.00036528603
0.00035407194
0.00033772905
0.00032032045
0.00030103279
0.00027915911
0.0002548508
0.00022872563
0.00020150467
0.00017385541
0.00014636205
0.00011954841
9.3919634e-05
7.0009493e-05
4.8426322e-05
2.9845223e-05
1.4896326e-05
3.8279308e-06
2.3692296e-07
2.4031817e-08
0.000323088
0.00033309895
0.00034907773
0.0003637475
0.00037003705
0.00036788438
0.00035737133
0.00034044348
0.00032233671
0.00030253887
0.00028031367
0.00025574321
0.00022940924
0.00020202041
0.00017423872
0.00014664314
0.00011975186
9.4064629e-05
7.011056e-05
4.8494181e-05
2.9887843e-05
1.4919399e-05
3.8368741e-06
2.3759491e-07
2.4082761e-08
0.00032807808
0.00033803543
0.00035362961
0.00036749544
0.00037306862
0.00037044501
0.00036066673
0.00034317023
0.00032435794
0.0003040373
0.00028145384
0.00025662147
0.00023008185
0.00020252826
0.00017461644
0.00014692032
0.00011995264
9.4207885e-05
7.0210556e-05
4.8561429e-05
2.9930151e-05
1.4942342e-05
3.8457949e-06
2.3826623e-07
2.4133757e-08
0.00033311251
0.00034298115
0.00035814834
0.00037118693
0.00037605479
0.00037296497
0.00036352031
0.00034590407
0.0003264014
0.00030553171
0.00028258001
0.00025748563
0.00023074333
0.00020302806
0.0001749885
0.00014719356
0.00012015075
9.4349398e-05
7.0309481e-05
4.8628069e-05
2.9972153e-05
1.4965158e-05
3.854694e-06
2.3893701e-07
2.4184828e-08
0.00033818069
0.00034792698
0.00036262703
0.00037482049
0.00037899332
0.0003754395
0.00036562194
0.00034863045
0.00032850275
0.00030703624
0.00028369347
0.0002583348
0.00023139321
0.00020351968
0.00017535486
0.00014746284
0.00012034617
9.4489162e-05
7.0407335e-05
4.8694103e-05
3.0013845e-05
1.4987844e-05
3.8635689e-06
2.3960708e-07
2.4236012e-08
0.00034327207
0.00035286374
0.00036705883
0.00037839462
0.00038188379
0.00037786955
0.00036767946
0.00035132992
0.00033064058
0.00030855835
0.00028479999
0.00025916997
0.00023203091
0.00020400252
0.00017571526
0.00014772814
0.00012053893
9.4627175e-05
7.0504093e-05
4.8759502e-05
3.0055204e-05
1.5010384e-05
3.8724147e-06
2.4027603e-07
2.4287239e-08
0.00034837606
0.00035778151
0.00037143071
0.00038189939
0.00038473129
0.00038025676
0.00036969623
0.00035401455
0.00033279971
0.00031008945
0.00028589825
0.00025999061
0.00023265687
0.00020447794
0.00017607018
0.00014798912
0.00012072871
9.4763319e-05
7.0599723e-05
4.8824252e-05
3.0096225e-05
1.503278e-05
3.8812333e-06
2.4094404e-07
2.4338485e-08
0.000353482
0.00036267042
0.00037573626
0.0003853366
0.00038753387
0.00038259931
0.00037166957
0.00035584997
0.00033495374
0.00031167507
0.00028700788
0.00026080717
0.00023326364
0.00020488617
0.00017641613
0.00014824897
0.00012091675
9.4897725e-05
7.0694175e-05
4.8888332e-05
3.0136905e-05
1.5055032e-05
3.8900237e-06
2.4161108e-07
2.4389824e-08
0.00035857842
0.00036751495
0.0003799609
0.00038871287
0.00039028927
0.00038489636
0.0003735996
0.00035746918
0.00033708909
0.00031331308
0.00028814505
0.00026161287
0.0002337835
0.00020528117
0.00017675687
0.00014850701
0.00012110318
9.50305e-05
7.0787417e-05
4.8951688e-05
3.0177209e-05
1.5077119e-05
3.8987782e-06
2.422766e-07
2.444124e-08
0.00036365319
0.00037230137
0.000384096
0.00039203153
0.00039299606
0.00038714743
0.00037548589
0.00035904554
0.000338742
0.00031497303
0.0002893288
0.0002624153
0.00023429156
0.00020566634
0.00017708953
0.00014876139
0.00012128753
9.5161622e-05
7.0879409e-05
4.9014255e-05
3.0217089e-05
1.5099019e-05
3.9074916e-06
2.4294021e-07
2.4492653e-08
0.00036869457
0.00037702218
0.0003881439
0.00039529094
0.000395653
0.0003893518
0.00037732749
0.00036057926
0.00034000863
0.00031642582
0.00029056481
0.00026315869
0.00023478609
0.00020604142
0.00017741278
0.00014901027
0.00012146897
9.5290913e-05
7.0970129e-05
4.9076011e-05
3.0256527e-05
1.5120726e-05
3.9161633e-06
2.4360207e-07
2.4544126e-08
0.00037369147
0.00038167126
0.00039210644
0.0003984896
0.0003982589
0.00039150852
0.00037912322
0.00036206861
0.00034123178
0.00031741845
0.00029137189
0.00026377628
0.00023526036
0.00020640315
0.00017772701
0.00014925518
0.00012164721
9.5417938e-05
7.1059405e-05
4.9136901e-05
3.0295492e-05
1.5142218e-05
3.9247838e-06
2.4426161e-07
2.4595784e-08
0.00037863375
0.00038624357
0.00039598495
0.00040162618
0.0004008126
0.00039361666
0.0003808723
0.00036351335
0.00034241271
0.00031837082
0.00029212707
0.00026436445
0.00023571289
0.00020674958
0.00017799197
0.00014949509
0.00012182467
9.5543256e-05
7.1147069e-05
4.9196732e-05
3.0333863e-05
1.516343e-05
3.9333328e-06
2.4491735e-07
2.464753e-08
0.00038351228
0.00039073496
0.00039978033
0.00040469954
0.00040331302
0.00039567551
0.00038257458
0.00036491406
0.00034355291
0.00031928575
0.00029284902
0.00026492515
0.00023614397
0.00020707974
0.00017824442
0.00014972971
0.00012199985
9.5666527e-05
7.1232891e-05
4.9255269e-05
3.0371482e-05
1.5184284e-05
3.9417899e-06
2.455679e-07
2.4699211e-08
0.00038831902
0.00039514198
0.0004034932
0.00040770874
0.00040575927
0.00039768471
0.00038423032
0.0003662716
0.00034465366
0.00032016509
0.00029353993
0.0002654601
0.00023655448
0.00020739374
0.00017848436
0.00014995828
0.00012217142
9.5787033e-05
7.1316501e-05
4.9312256e-05
3.0408182e-05
1.5204701e-05
3.9501298e-06
2.4621153e-07
2.4750739e-08
0.00039304695
0.00039946176
0.00040712394
0.00041065306
0.00040815073
0.00039964421
0.00038584002
0.00036758684
0.00034571606
0.00032101029
0.00029420143
0.00026597071
0.00023694535
0.0002076921
0.00017871208
0.00015017968
0.00012233832
9.5904054e-05
7.1397477e-05
4.9367425e-05
3.0443797e-05
1.5224594e-05
3.9583243e-06
2.4684624e-07
2.4802008e-08
0.00039769005
0.00040369195
0.00041067282
0.00041353201
0.00041048703
0.00040155412
0.00038740425
0.00036886058
0.0003467411
0.00032182257
0.00029483485
0.00026645815
0.00023731746
0.00020797543
0.00017892796
0.00015039284
0.00012249957
9.6016958e-05
7.1475426e-05
4.9420529e-05
3.0478176e-05
1.5243885e-05
3.9663461e-06
2.4747006e-07
2.4852893e-08
0.00040224325
0.00040783063
0.00041414005
0.00041634529
0.00041276801
0.00040341471
0.00038892359
0.00037009359
0.00034772968
0.00032260299
0.0002954413
0.00026692339
0.0002376716
0.00020824436
0.00017913245
0.00015059696
0.00012265439
9.6125218e-05
7.1550024e-05
4.9471365e-05
3.0511194e-05
1.526251e-05
3.9741722e-06
2.4808128e-07
2.4903271e-08
0.00040670234
0.00041187628
0.00041752587
0.00041909283
0.00041499369
0.00040522634
0.00039039863
0.00037128658
0.00034868267
0.00032335255
0.00029602176
0.00026736728
0.00023800848
0.00020849945
0.00017932597
0.00015079154
0.0001228022
9.6228428e-05
7.1621024e-05
4.9519788e-05
3.0542769e-05
1.5280426e-05
3.9817859e-06
2.4867859e-07
2.4953021e-08
0.0004110639
0.00041582778
0.00042083054
0.00042177471
0.00041716424
0.0004069894
0.00039182996
0.00037244027
0.00034960089
0.00032407213
0.0002965771
0.00026779059
0.00023832873
0.00020874122
0.00017950892
0.00015097628
0.00012294259
9.6326311e-05
7.1688275e-05
4.9565718e-05
3.0572858e-05
1.5297611e-05
3.9891773e-06
2.4926112e-07
2.5002039e-08
0.00041532524
0.00041968431
0.00042405441
0.00042439114
0.00041927991
0.00040870436
0.00039321817
0.00037355536
0.00035048515
0.00032476257
0.0002971081
0.00026819401
0.00023863293
0.00020897016
0.00017968166
0.00015115136
0.00012307544
9.6418663e-05
7.175167e-05
4.9609126e-05
3.060146e-05
1.5314068e-05
3.9963434e-06
2.4982847e-07
2.5050239e-08
0.00041948433
0.00042344541
0.0004271979
0.00042694247
0.00042134108
0.00041037167
0.00039456386
0.00037463256
0.00035133621
0.00032542465
0.00029761548
0.00026857814
0.00023892158
0.00020918664
0.00017984456
0.00015130296
0.00012319998
9.6505966e-05
7.1811348e-05
4.9650039e-05
3.0628599e-05
1.5329812e-05
4.0032858e-06
2.503806e-07
2.5097575e-08
0.00042353973
0.00042711089
0.00043026154
0.00042942914
0.00042334816
0.00041199186
0.00039586763
0.00037567255
0.00035215481
0.00032605909
0.00029809986
0.00026894346
0.00023919503
0.00020939094
0.00017999784
0.00015141917
0.00012331449
9.6588811e-05
7.18677e-05
4.9688562e-05
3.06543e-05
1.5344853e-05
4.0100046e-06
2.5091738e-07
2.5144015e-08
0.00042749055
0.00043068085
0.00043324593
0.00043185167
0.00042530164
0.00041356546
0.0003971301
0.00037667602
0.00035294165
0.00032666655
0.00029856181
0.00026929046
0.00023945368
0.00020958336
0.00018014153
0.00015152725
0.00012341945
9.6666008e-05
7.1920568e-05
4.9724779e-05
3.0678609e-05
1.5359204e-05
4.0164998e-06
2.5143863e-07
2.5189507e-08
0.00043133634
0.00043415564
0.00043615179
0.00043421066
0.00042720205
0.00041509301
0.00039835189
0.00037764363
0.00035369742
0.00032724767
0.00029900192
0.00026961966
0.00023969799
0.00020976427
0.00018027595
0.00015162784
0.00012351581
9.6737273e-05
7.1969797e-05
4.9758742e-05
3.0701589e-05
1.5372893e-05
4.0227754e-06
2.519445e-07
2.5234012e-08
0.00043507713
0.00043753583
0.00043897988
0.00043650675
0.00042904993
0.00041657511
0.00039953362
0.00037857606
0.0003544228
0.0003278031
0.00029942079
0.00026993159
0.00023992842
0.00020993407
0.00018040148
0.00015172139
0.00012360441
9.6802851e-05
7.2015432e-05
4.9790535e-05
3.0723323e-05
1.5385962e-05
4.0288413e-06
2.5243548e-07
2.5277509e-08
0.00043871327
0.0004408222
0.00044173109
0.00043874064
0.0004308459
0.00041801234
0.00040067595
0.00037947401
0.00035511849
0.00032833352
0.00029981901
0.00027022678
0.00024014541
0.00021009315
0.00018051854
0.00015180833
0.00012368589
9.686313e-05
7.205767e-05
4.9820295e-05
3.0743911e-05
1.5398466e-05
4.0347119e-06
2.5291243e-07
2.532e-08
0.00044224548
0.00044401569
0.00044440633
0.00044091307
0.00043259059
0.00041940534
0.00040177954
0.00038033817
0.00035578519
0.00032883959
0.00030019721
0.00027050576
0.00024034943
0.00021024194
0.0001806275
0.00015188903
0.00012376078
9.6918515e-05
7.2096767e-05
4.9848195e-05
3.0763467e-05
1.5410465e-05
4.0404037e-06
2.5337636e-07
2.5361506e-08
0.00044567474
0.00044711744
0.00044700661
0.00044302482
0.00043428465
0.00042075475
0.00040284507
0.00038116925
0.00035642361
0.00032932199
0.00030055597
0.00027076904
0.00024054092
0.00021038084
0.00018072877
0.00015196385
0.00012382955
9.6969389e-05
7.2132997e-05
4.9874416e-05
3.0782104e-05
1.5422016e-05
4.0459331e-06
2.5382834e-07
2.5402061e-08
0.00044900227
0.0004501287
0.00044953299
0.00044507669
0.00043592877
0.00042206124
0.00040387326
0.000381968
0.00035703448
0.00032978137
0.00030089589
0.00027101714
0.00024072034
0.00021051027
0.00018082271
0.00015203312
0.00012389262
9.701611e-05
7.2166623e-05
4.9899138e-05
3.0799931e-05
1.5433172e-05
4.051315e-06
2.5426934e-07
2.5441707e-08
0.00045222951
0.00045305083
0.00045198655
0.00044706953
0.00043752367
0.00042332553
0.00040486483
0.00038273516
0.00035761852
0.00033021842
0.00030121756
0.00027125057
0.00024088816
0.00021063065
0.00018090971
0.00015209718
0.00012395039
9.7059017e-05
7.2197893e-05
4.9922522e-05
3.081704e-05
1.5443977e-05
4.0565621e-06
2.5470019e-07
2.5480489e-08
0.00045535807
0.00045588531
0.00045436847
0.00044900422
0.00043907009
0.00042454833
0.00040582053
0.00038347148
0.00035817646
0.00033063379
0.00030152156
0.00027146986
0.00024104482
0.00021074236
0.00018099012
0.00015215634
0.00012400322
9.7098424e-05
7.2227034e-05
4.9944713e-05
3.0833512e-05
1.5454468e-05
4.0616852e-06
2.5512164e-07
2.5518449e-08
0.00045838971
0.00045863371
0.00045667993
0.00045088166
0.00044056882
0.0004257304
0.00040674113
0.00038417772
0.00035870902
0.00033102815
0.00030180848
0.0002716755
0.00024119076
0.00021084582
0.00018106428
0.00015221089
0.00012405148
9.713462e-05
7.2254249e-05
4.9965838e-05
3.0849416e-05
1.5464676e-05
4.066693e-06
2.5553427e-07
2.5555626e-08
0.00046132628
0.00046129764
0.00045892216
0.00045270278
0.00044202064
0.00042687252
0.0004076274
0.00038485466
0.00035921694
0.00033140215
0.00030207891
0.00027186802
0.00024132645
0.0002109414
0.00018113253
0.00015226113
0.00012409548
9.7167876e-05
7.2279723e-05
4.9986005e-05
3.0864808e-05
1.5474626e-05
4.0715932e-06
2.559386e-07
2.5592056e-08
0.00046416975
0.0004638788
0.00046109642
0.00045446854
0.00044342639
0.00042797547
0.00040848015
0.00038550308
0.00035970093
0.00033175645
0.00030233342
0.00027204791
0.00024145231
0.00021102949
0.0001811952
0.00015230733
0.00012413555
9.7198436e-05
7.2303618e-05
5.000531e-05
3.0879737e-05
1.5484339e-05
4.0763919e-06
2.5633508e-07
2.5627771e-08
0.00046692216
0.00046637892
0.00046320401
0.00045617992
0.0004447869
0.00042904006
0.00040930017
0.00038612374
0.00036016173
0.00033209171
0.00030257259
0.00027221568
0.00024156877
0.00021111046
0.00018125261
0.00015234973
0.00012417197
9.7226528e-05
7.2326081e-05
5.0023835e-05
3.0894243e-05
1.5493833e-05
4.0810947e-06
2.5672409e-07
2.5662799e-08
0.00046958559
0.00046879977
0.00046524623
0.00045783794
0.00044610306
0.00043006713
0.00041008827
0.00038671743
0.00036060005
0.00033240857
0.00030279698
0.00027237181
0.00024167626
0.00021118466
0.00018130504
0.0001523886
0.00012420501
9.7252356e-05
7.234724e-05
5.0041651e-05
3.0908362e-05
1.5503121e-05
4.0857062e-06
2.5710596e-07
2.5697167e-08
0.00047216216
0.00047114314
0.00046722444
0.00045944362
0.00044737574
0.00043105752
0.00041084527
0.00038728493
0.00036101662
0.00033270768
0.00030300717
0.0002725168
0.00024177521
0.00021125246
0.0001813528
0.00015242415
0.00012423492
9.7276108e-05
7.2367212e-05
5.0058819e-05
3.0922122e-05
1.5512218e-05
4.0902305e-06
2.5748098e-07
2.5730897e-08
0.00047465403
0.00047341085
0.00046913998
0.00046099802
0.00044860585
0.00043201207
0.00041157199
0.00038782702
0.00036141214
0.00033298968
0.0003032037
0.00027265113
0.000241866
0.00021131419
0.00018139617
0.00015245662
0.00012426195
9.7297954e-05
7.23861e-05
5.0075395e-05
3.093555e-05
1.5521134e-05
4.0946714e-06
2.5784941e-07
2.5764012e-08
0.00047706336
0.00047560472
0.00047099423
0.00046250218
0.00044979431
0.00043293165
0.00041226926
0.00038834446
0.00036178734
0.00033325519
0.00030338713
0.00027277526
0.00024194906
0.00021137018
0.0001814354
0.0001524862
0.0001242863
9.7318052e-05
7.2403996e-05
5.0091426e-05
3.0948669e-05
1.5529879e-05
4.0990322e-06
2.5821151e-07
2.5796529e-08
0.00047939232
0.00047772658
0.00047278857
0.00046395721
0.00045094206
0.00043381713
0.0004129379
0.00038883804
0.00036214292
0.00033350485
0.00030355801
0.00027288967
0.00024202476
0.00021142076
0.00018147076
0.0001525131
0.00012430817
9.7336543e-05
7.2420984e-05
5.0106956e-05
3.0961498e-05
1.5538461e-05
4.103316e-06
2.5856749e-07
2.5828469e-08
0.00048164307
0.00047977826
0.00047452439
0.00046536418
0.00045205004
0.00043466937
0.00041357872
0.00038930852
0.00036247956
0.00033373927
0.00030371687
0.00027299481
0.00024209348
0.00021146623
0.00018150249
0.00015253751
0.00012432776
9.7353561e-05
7.243714e-05
5.0122023e-05
3.0974057e-05
1.554689e-05
4.1075255e-06
2.5891756e-07
2.5859846e-08
0.00048381778
0.0004817616
0.0004762031
0.00046672421
0.0004531192
0.00043548926
0.00041419257
0.00038975666
0.00036279797
0.00033395907
0.00030386424
0.00027309113
0.0002421556
0.00021150689
0.00018153083
0.00015255959
0.00012434525
9.7369224e-05
7.2452533e-05
5.0136663e-05
3.0986362e-05
1.5555172e-05
4.1116634e-06
2.592619e-07
2.5890678e-08
0.00048591857
0.0004836784
0.00047782609
0.00046803842
0.0004541505
0.00043627768
0.00041478024
0.00039018322
0.00036309882
0.00033416483
0.00030400063
0.00027317906
0.00024221148
0.00021154305
0.000181556
0.00015257953
0.00012436078
9.7383647e-05
7.2467228e-05
5.0150908e-05
3.0998428e-05
1.5563314e-05
4.1157322e-06
2.596007e-07
2.5920979e-08
0.00048794757
0.00048553049
0.00047939477
0.0004693079
0.0004551449
0.00043703549
0.00041534256
0.00039058894
0.00036338278
0.00033435716
0.00030412656
0.00027325904
0.00024226148
0.00021157497
0.00018157822
0.00015259747
0.00012437453
9.739693e-05
7.2481282e-05
5.0164788e-05
3.101027e-05
1.5571323e-05
4.1197342e-06
2.5993414e-07
2.5950763e-08
0.00048990686
0.00048731966
0.00048091054
0.00047053381
0.00045610337
0.00043776358
0.00041588033
0.00039097456
0.00036365052
0.00033453663
0.00030424251
0.00027333148
0.00024230592
0.00021160292
0.00018159771
0.00015261358
0.00012438663
9.7409173e-05
7.249475e-05
5.017833e-05
3.10219e-05
1.5579205e-05
4.1236718e-06
2.6026237e-07
2.5980043e-08
0.00049179851
0.00048904767
0.0004823748
0.00047171724
0.00045702687
0.00043846281
0.00041639436
0.0003913408
0.00036390268
0.00033470381
0.00030434899
0.00027339678
0.00024234515
0.00021162718
0.00018161465
0.00015262799
0.00012439722
9.7420464e-05
7.2507682e-05
5.019156e-05
3.1033332e-05
1.5586965e-05
4.1275471e-06
2.6058557e-07
2.6008832e-08
0.00049362455
0.00049071629
0.00048378895
0.00047285934
0.00045791637
0.00043913406
0.00041688543
0.0003916884
0.00036413991
0.00033485926
0.00030444646
0.00027345535
0.00024237948
0.00021164799
0.00018162924
0.00015264085
0.00012440642
9.7430889e-05
7.2520127e-05
5.0204503e-05
3.1044578e-05
1.559461e-05
4.1313623e-06
2.6090388e-07
2.6037143e-08
0.00049538698
0.00049232726
0.00048515435
0.00047396122
0.00045877283
0.00043977818
0.00041735433
0.00039201805
0.00036436283
0.00033500353
0.00030453539
0.00027350756
0.00024240922
0.00021166559
0.00018164166
0.00015265229
0.00012441436
9.7440528e-05
7.253213e-05
5.0217182e-05
3.105565e-05
1.5602145e-05
4.1351194e-06
2.6121747e-07
2.6064989e-08
0.00049708777
0.00049388228
0.00048647239
0.00047502399
0.00045959721
0.00044039604
0.00041780182
0.00039233044
0.00036457206
0.00033513715
0.00030461623
0.0002735538
0.00024243468
0.00021168022
0.00018165209
0.00015266243
0.00012442115
9.7449455e-05
7.2543733e-05
5.022962e-05
3.1066558e-05
1.5609575e-05
4.1388205e-06
2.6152647e-07
2.6092381e-08
0.00049872884
0.00049538304
0.00048774443
0.00047604878
0.00046039046
0.00044098846
0.00041822868
0.00039262627
0.0003647682
0.00033526064
0.00030468942
0.00027359442
0.00024245615
0.00021169211
0.00018166069
0.00015267139
0.0001244269
9.7457743e-05
7.2554976e-05
5.0241838e-05
3.1077314e-05
1.5616906e-05
4.1424676e-06
2.6183104e-07
2.611933e-08
0.00050031209
0.00049683121
0.00048897181
0.00047703667
0.00046115351
0.0004415563
0.00041863564
0.0003929062
0.00036495184
0.00033537451
0.0003047554
0.00027362979
0.00024247391
0.00021170146
0.00018166763
0.0001526793
0.00012443171
9.7465459e-05
7.2565898e-05
5.0253855e-05
3.1087928e-05
1.5624143e-05
4.1460626e-06
2.6213132e-07
2.6145848e-08
0.00050183937
0.00049822841
0.00049015587
0.00047798878
0.00046188731
0.00044210037
0.00041902346
0.00039317089
0.00036512356
0.00033547926
0.00030481458
0.00027366024
0.00024248823
0.0002117085
0.00018167307
0.00015268626
0.00012443569
9.7472668e-05
7.2576536e-05
5.0265692e-05
3.1098411e-05
1.563129e-05
4.1496075e-06
2.6242746e-07
2.6171947e-08
0.0005033125
0.00049957624
0.00049129792
0.00047890617
0.00046259278
0.00044262148
0.00041939285
0.00039342098
0.00036528393
0.00033557537
0.00030486736
0.00027368609
0.00024249937
0.00021171342
0.00018167714
0.00015269237
0.00012443892
9.7479431e-05
7.2586924e-05
5.0277368e-05
3.1108772e-05
1.5638353e-05
4.1531041e-06
2.6271959e-07
2.6197638e-08
0.00050473325
0.00050087629
0.00049239926
0.00047978993
0.00046327084
0.00044312045
0.00041974452
0.0003936571
0.00036543348
0.00033566331
0.00030491414
0.00027370769
0.00024250758
0.00021171642
0.00018168
0.00015269774
0.0001244415
9.7485808e-05
7.2597097e-05
5.0288901e-05
3.1119021e-05
1.5645337e-05
4.1565544e-06
2.6300786e-07
2.6222931e-08
0.00050610336
0.0005021301
0.00049346116
0.0004806411
0.00046392238
0.00044359806
0.00042007918
0.00039387987
0.00036557277
0.00033574354
0.0003049553
0.00027372532
0.00024251312
0.00021171767
0.00018168178
0.00015270247
0.0001244435
9.7491854e-05
7.2607087e-05
5.0300308e-05
3.1129168e-05
1.5652246e-05
4.1599602e-06
2.6329241e-07
2.6247838e-08
0.00050742453
0.00050333919
0.00049448489
0.00048146073
0.00046454829
0.00044405508
0.00042039751
0.00039408989
0.0003657023
0.00033581651
0.00030499121
0.00027373929
0.00024251621
0.00021171737
0.00018168262
0.00015270664
0.00012444502
9.7497623e-05
7.2616925e-05
5.0311607e-05
3.1139222e-05
1.5659085e-05
4.1633234e-06
2.6357337e-07
2.6272369e-08
0.00050869841
0.00050450502
0.00049547167
0.00048224985
0.00046514945
0.00044449228
0.00042070017
0.00039428775
0.0003658226
0.00033588264
0.00030502223
0.00027374989
0.00024251708
0.00021171567
0.00018168262
0.00015271035
0.00012444613
9.7503167e-05
7.262664e-05
5.0322814e-05
3.1149192e-05
1.5665858e-05
4.1666456e-06
2.6385087e-07
2.6296536e-08
0.00050992663
0.00050562906
0.00049642273
0.00048300948
0.00046572672
0.0004449104
0.00042098783
0.00039447402
0.00036593415
0.00033594236
0.00030504869
0.0002737574
0.00024251594
0.00021171275
0.00018168193
0.00015271368
0.00012444691
9.7508534e-05
7.2636261e-05
5.0333944e-05
3.1159086e-05
1.567257e-05
4.1699286e-06
2.6412504e-07
2.6320348e-08
0.00051111075
0.00050671273
0.00049733925
0.00048374059
0.00046628095
0.00044531019
0.00042126113
0.00039464925
0.00036603742
0.00033599606
0.00030507095
0.00027376208
0.00024251301
0.00021170876
0.00018168065
0.00015271671
0.00012444742
9.7513772e-05
7.2645816e-05
5.0345014e-05
3.1168913e-05
1.5679226e-05
4.1731743e-06
2.6439603e-07
2.6343816e-08
0.00051225233
0.00050775741
0.00049822241
0.00048444418
0.00046681295
0.00044569234
0.00042152069
0.000394814
0.0003661329
0.00033604414
0.0003050893
0.00027376419
0.00024250848
0.00021170385
0.00018167888
0.00015271952
0.00012444774
9.7518925e-05
7.2655331e-05
5.0356037e-05
3.117868e-05
1.5685828e-05
4.1763842e-06
2.6466394e-07
2.6366951e-08
0.00051335286
0.00050876445
0.00049907335
0.0004851212
0.00046732356
0.00044605758
0.00042176711
0.00039496878
0.00036622102
0.00033608697
0.00030510407
0.00027376398
0.00024250254
0.00021169816
0.00018167675
0.00015272218
0.00012444793
9.7524037e-05
7.266483e-05
5.0367029e-05
3.1188397e-05
1.5692382e-05
4.17956e-06
2.6492892e-07
2.6389763e-08
0.00051441381
0.00050973518
0.00049989318
0.00048577258
0.00046781356
0.00044640658
0.000422001
0.00039511412
0.00036630223
0.00033612493
0.00030511556
0.00027376168
0.00024249538
0.00021169184
0.00018167433
0.00015272476
0.00012444805
9.7529148e-05
7.2674338e-05
5.0378001e-05
3.119807e-05
1.5698892e-05
4.1827034e-06
2.6519108e-07
2.6412262e-08
0.00051543658
0.00051067088
0.00050068301
0.00048639926
0.00046828374
0.00044674001
0.00042222294
0.0003952505
0.00036637694
0.00033615836
0.00030512404
0.00027375751
0.00024248717
0.00021168501
0.00018167174
0.00015272733
0.00012444816
9.7534296e-05
7.2683876e-05
5.0388967e-05
3.1207707e-05
1.570536e-05
4.1858158e-06
2.6545054e-07
2.6434458e-08
0.00051642258
0.00051157282
0.00050144391
0.00048700212
0.00046873486
0.00044705853
0.00042243348
0.00039537842
0.00036644557
0.0003361876
0.0003051298
0.00027375171
0.00024247808
0.00021167779
0.00018166905
0.00015272995
0.00012444832
9.753952e-05
7.2693468e-05
5.039994e-05
3.1217314e-05
1.5711792e-05
4.1888989e-06
2.6570742e-07
2.6456361e-08
0.00051737314
0.00051244222
0.00050217691
0.00048758205
0.00046916767
0.00044736278
0.00042263318
0.00039549834
0.00036650851
0.00033621297
0.0003051331
0.00027374447
0.00024246827
0.00021167031
0.00018166636
0.00015273268
0.00012444857
9.7544854e-05
7.2703133e-05
5.0410931e-05
3.1226899e-05
1.5718189e-05
4.1919541e-06
2.6596185e-07
2.6477981e-08
0.00051828958
0.00051328027
0.00050288305
0.00048813992
0.00046958288
0.00044765338
0.00042282256
0.00039561071
0.00036656614
0.0003362348
0.00030513418
0.000273736
0.00024245789
0.00021166268
0.00018166374
0.00015273557
0.00012444898
9.755033e-05
7.2712891e-05
5.0421951e-05
3.1236467e-05
1.5724556e-05
4.1949829e-06
2.6621392e-07
2.6499328e-08
0.00051917317
0.00051408813
0.00050356332
0.00048867655
0.00046998122
0.00044793093
0.00042300215
0.00039571597
0.00036661883
0.00033625339
0.0003051333
0.00027372648
0.00024244708
0.000211655
0.00018166127
0.00015273869
0.00012444959
9.7555981e-05
7.2722759e-05
5.0433011e-05
3.1246024e-05
1.5730896e-05
4.1979866e-06
2.6646375e-07
2.652041e-08
0.00052002513
0.00051486694
0.00050421869
0.00048919277
0.00047036338
0.00044819602
0.00042317245
0.00039581455
0.00036666693
0.00033626902
0.00030513069
0.00027371609
0.00024243598
0.00021164737
0.00018165903
0.00015274208
0.00012445045
9.7561837e-05
7.2732757e-05
5.0444121e-05
3.1255577e-05
1.5737213e-05
4.2009667e-06
2.6671144e-07
2.6541238e-08
0.00052084669
0.00051561779
0.0005048501
0.00048968937
0.00047073002
0.00044844923
0.00042333393
0.00039590686
0.00036671079
0.00033628197
0.00030512657
0.00027370501
0.00024242473
0.0002116399
0.00018165708
0.00015274578
0.00012445159
9.7567924e-05
7.2742899e-05
5.0455289e-05
3.1265131e-05
1.5743508e-05
4.2039245e-06
2.6695711e-07
2.656182e-08
0.00052163899
0.00051634175
0.00050545847
0.00049016714
0.00047108182
0.00044869112
0.00042348708
0.00039599328
0.00036675073
0.00033629252
0.00030512114
0.00027369341
0.00024241344
0.00021163267
0.00018165549
0.00015274985
0.00012445305
9.7574269e-05
7.2753201e-05
5.0466525e-05
3.1274691e-05
1.5749785e-05
4.2068613e-06
2.6720084e-07
2.6582166e-08
0.00052240317
0.00051703985
0.00050604471
0.00049062683
0.0004714194
0.00044892221
0.00042363235
0.00039607421
0.00036678706
0.0003363009
0.00030511462
0.00027368143
0.00024240223
0.00021162576
0.00018165431
0.00015275432
0.00012445488
9.7580897e-05
7.2763677e-05
5.0477837e-05
3.1284261e-05
1.5756046e-05
4.2097782e-06
2.6744275e-07
2.6602283e-08
0.00052314032
0.0005177131
0.00050660967
0.00049106917
0.00047174338
0.00044914303
0.00042377017
0.00039615001
0.00036682009
0.00033630738
0.00030510719
0.00027366922
0.00024239121
0.00021161926
0.00018165361
0.00015275923
0.00012445711
9.758783e-05
7.2774341e-05
5.0489232e-05
3.1293847e-05
1.5762295e-05
4.2126764e-06
2.6768292e-07
2.6622182e-08
0.00052385151
0.00051836249
0.00050715421
0.00049149489
0.00047205437
0.0004493541
0.00042390098
0.00039622103
0.00036685011
0.00033631217
0.00030509903
0.00027365693
0.00024238049
0.00021161324
0.00018165343
0.00015276462
0.00012445977
9.7595089e-05
7.2785203e-05
5.0500717e-05
3.1303452e-05
1.5768533e-05
4.2155572e-06
2.6792144e-07
2.6641869e-08
0.00052453777
0.00051898895
0.00050767914
0.00049190467
0.00047235295
0.00044955589
0.00042402518
0.00039628761
0.00036687739
0.00033631551
0.00030509033
0.00027364469
0.00024237017
0.00021160777
0.00018165383
0.00015277052
0.0001244629
9.7602694e-05
7.2796277e-05
5.05123e-05
3.131308e-05
1.5774763e-05
4.2184216e-06
2.681584e-07
2.6661354e-08
0.00052520009
0.0005195934
0.00050818527
0.0004922992
0.00047263969
0.0004497489
0.00042414317
0.00039635008
0.00036690221
0.0003363176
0.00030508124
0.00027363262
0.00024236033
0.00021160292
0.00018165485
0.00015277697
0.00012446651
9.7610663e-05
7.2807572e-05
5.0523986e-05
3.1322736e-05
1.5780986e-05
4.2212706e-06
2.683939e-07
2.6680644e-08
0.00052583944
0.00052017674
0.00050867337
0.00049267912
0.00047291514
0.00044993356
0.00042425532
0.00039640876
0.00036692481
0.00033631865
0.00030507192
0.00027362083
0.00024235106
0.00021159875
0.00018165653
0.00015278399
0.00012447064
9.7619013e-05
7.2819098e-05
5.053578e-05
3.1332422e-05
1.5787206e-05
4.2241053e-06
2.68628e-07
2.6699747e-08
0.00052645675
0.00052073982
0.00050914417
0.00049304507
0.00047317983
0.00045011033
0.00042436202
0.00039646394
0.00036694543
0.00033631884
0.00030506253
0.00027360945
0.00024234244
0.00021159532
0.00018165891
0.0001527916
0.00012447531
9.7627758e-05
7.2830863e-05
5.0547688e-05
3.1342142e-05
1.5793423e-05
4.2269266e-06
2.688608e-07
2.6718671e-08
0.00052705292
0.00052128348
0.00050959842
0.00049339767
0.00047343427
0.00045027964
0.0004244636
0.00039651591
0.00036696432
0.00033631837
0.00030505318
0.00027359857
0.00024233456
0.00021159268
0.00018166204
0.00015279984
0.00012448054
9.7636913e-05
7.2842874e-05
5.0559714e-05
3.1351899e-05
1.579964e-05
4.2297355e-06
2.6909236e-07
2.6737422e-08
0.00052762883
0.00052180853
0.00051003681
0.0004937375
0.00047367896
0.0004504419
0.00042456042
0.00039656495
0.00036698168
0.0003363174
0.00030504403
0.0002735883
0.00024232747
0.00021159087
0.00018166593
0.00015280872
0.00012448636
9.7646489e-05
7.285514e-05
5.0571863e-05
3.1361695e-05
1.5805858e-05
4.2325328e-06
2.6932276e-07
2.675601e-08
0.00052818533
0.00052231575
0.00051046002
0.00049406515
0.00047391438
0.00045059751
0.00042465279
0.00039661133
0.00036699773
0.00033631609
0.0003050352
0.00027357871
0.00024232125
0.00021158995
0.00018167063
0.00015281827
0.00012449277
9.7656498e-05
7.2867666e-05
5.0584137e-05
3.1371532e-05
1.5812079e-05
4.2353194e-06
2.6955207e-07
2.6774439e-08
0.00052872323
0.00052280588
0.00051086872
0.00049438117
0.000474141
0.00045074684
0.00042474103
0.00039665528
0.00036701268
0.0003363146
0.00030502679
0.00027356991
0.00024231596
0.00021158995
0.00018167616
0.00015282849
0.0001244998
9.7666949e-05
7.2880457e-05
5.059654e-05
3.1381414e-05
1.5818305e-05
4.2380961e-06
2.6978036e-07
2.6792717e-08
0.00052924331
0.00052327967
0.00051126352
0.00049468609
0.00047435925
0.00045089027
0.00042482543
0.00039669707
0.0003670267
0.00033631308
0.00030501892
0.00027356196
0.00024231164
0.00021159092
0.00018168254
0.00015283941
0.00012450746
9.7677852e-05
7.2893519e-05
5.0609075e-05
3.1391341e-05
1.5824535e-05
4.2408637e-06
2.7000769e-07
2.6810851e-08
0.00052974633
0.00052373781
0.00051164505
0.00049498045
0.00047456958
0.00045102815
0.0004249063
0.0003967369
0.00036703997
0.00033631166
0.0003050117
0.00027355495
0.00024230836
0.00021159289
0.00018168981
0.00015285105
0.00012451576
9.7689214e-05
7.2906855e-05
5.0621745e-05
3.1401316e-05
1.5830773e-05
4.2436228e-06
2.7023413e-07
2.6828847e-08
0.00053023304
0.00052418098
0.00051201391
0.00049526473
0.0004747724
0.00045116082
0.00042498389
0.00039677501
0.00036705268
0.00033631047
0.00030500521
0.00027354894
0.00024230615
0.00021159588
0.00018169796
0.00015286341
0.00012452471
9.7701041e-05
7.2920469e-05
5.0634551e-05
3.141134e-05
1.5837018e-05
4.2463742e-06
2.7045972e-07
2.6846711e-08
0.00053070413
0.00052460983
0.00051237065
0.00049553941
0.00047496811
0.0004512886
0.00042505848
0.00039681161
0.00036706498
0.00033630964
0.00030499955
0.00027354399
0.00024230508
0.00021159993
0.00018170704
0.0001528765
0.00012453433
9.7713338e-05
7.2934362e-05
5.0647496e-05
3.1421415e-05
1.5843272e-05
4.2491185e-06
2.7068454e-07
2.6864449e-08
0.00053116028
0.00052502501
0.00051271584
0.00049580498
0.00047515709
0.00045141182
0.00042513031
0.00039684688
0.00036707702
0.00033630928
0.0003049948
0.00027354017
0.00024230516
0.00021160507
0.00018171704
0.00015289033
0.00012454462
9.772611e-05
7.2948538e-05
5.0660579e-05
3.1431541e-05
1.5849536e-05
4.2518564e-06
2.7090862e-07
2.6882066e-08
0.00053160216
0.00052542711
0.00051304999
0.00049606186
0.00047533971
0.00045153077
0.00042519963
0.00039688102
0.00036708894
0.0003363095
0.00030499104
0.00027353752
0.00024230644
0.00021161131
0.00018172799
0.00015290492
0.00012455559
9.773936e-05
7.2962999e-05
5.0673803e-05
3.144172e-05
1.5855811e-05
4.2545884e-06
2.7113203e-07
2.6899569e-08
0.00053203039
0.00052581672
0.00051337363
0.00049631049
0.00047551632
0.00045164573
0.00042526666
0.0003969142
0.00036710089
0.0003363104
0.00030498834
0.0002735361
0.00024230895
0.00021161868
0.00018173989
0.00015292026
0.00012456723
9.7753089e-05
7.2977745e-05
5.0687169e-05
3.1451952e-05
1.5862097e-05
4.257315e-06
2.7135481e-07
2.6916962e-08
0.00053244558
0.00052619441
0.00051368725
0.00049655129
0.00047568727
0.00045175699
0.00042533162
0.0003969466
0.00036711299
0.00033631206
0.00030498677
0.00027353595
0.00024231273
0.00021162719
0.00018175276
0.00015293635
0.00012457959
9.7767286e-05
7.2992763e-05
5.0700673e-05
3.1462239e-05
1.5868395e-05
4.2600369e-06
2.7157702e-07
2.693425e-08
0.00053284832
0.00052656071
0.00051399131
0.00049678465
0.00047585288
0.0004518648
0.00042539471
0.00039697837
0.00036712536
0.00033631459
0.00030498639
0.00027353712
0.00024231779
0.00021163686
0.0001817666
0.00015294787
0.00012459233
9.7782172e-05
7.3008128e-05
5.071432e-05
3.1472576e-05
1.5874705e-05
4.2627542e-06
2.7179867e-07
2.6951442e-08
0.00053323917
0.00052691614
0.00051428627
0.00049701095
0.00047601346
0.00045196941
0.00042545614
0.00039700966
0.00036713811
0.00033631805
0.00030498725
0.00027353961
0.00024232412
0.00021164763
0.00018178134
0.000152958
0.00012460532
9.7797624e-05
7.3023842e-05
5.0728112e-05
3.148296e-05
1.5881022e-05
4.265466e-06
2.7201973e-07
2.6968541e-08
0.00053361866
0.00052726122
0.00051457256
0.00049723056
0.00047616932
0.00045207107
0.00042551609
0.00039704063
0.00036715135
0.00033632252
0.00030498938
0.00027354345
0.00024233172
0.00021165951
0.00018179696
0.00015296835
0.0001246186
9.7813489e-05
7.303985e-05
5.0742039e-05
3.1493383e-05
1.5887343e-05
4.2681711e-06
2.722401e-07
2.6985546e-08
0.00053398731
0.0005275964
0.00051485062
0.00049744383
0.00047632073
0.00045216999
0.00042557473
0.00039707138
0.00036716516
0.00033632806
0.00030499282
0.00027354865
0.00024234059
0.00021167247
0.00018181343
0.00015297919
0.00012463229
9.7829711e-05
7.3056106e-05
5.0756084e-05
3.1503841e-05
1.5893664e-05
4.2708685e-06
2.7245973e-07
2.7002454e-08
0.00053434562
0.00052792217
0.00051512082
0.00049765109
0.00047646797
0.0004522664
0.00042563224
0.00039710206
0.00036717963
0.00033633471
0.0003049976
0.00027355523
0.00024235073
0.00021168652
0.00018183079
0.00015299067
0.00012464645
9.7846284e-05
7.3072585e-05
5.0770236e-05
3.1514329e-05
1.5899986e-05
4.2735583e-06
2.7267863e-07
2.7019265e-08
0.00053469407
0.00052823895
0.00051538356
0.00049785267
0.0004766113
0.0004523605
0.00042568876
0.00039713277
0.00036719485
0.00033634254
0.00030500375
0.00027356319
0.00024236215
0.00021170168
0.00018184903
0.00015300288
0.00012466115
9.7863221e-05
7.3089281e-05
5.0784491e-05
3.1524849e-05
1.5906308e-05
4.2762412e-06
2.7289684e-07
2.703598e-08
0.00053503311
0.00052854717
0.00051563921
0.00049804887
0.00047675097
0.00045245248
0.00042574445
0.00039716362
0.00036721088
0.00033635159
0.0003050113
0.00027357255
0.00024237486
0.00021171794
0.00018186816
0.00015301585
0.00012467641
9.7880535e-05
7.3106195e-05
5.0798849e-05
3.1535404e-05
1.5912635e-05
4.2789183e-06
2.7311444e-07
2.7052602e-08
0.00053536317
0.00052884724
0.00051588812
0.00049823999
0.00047688721
0.00045254253
0.00042579944
0.00039719472
0.00036722781
0.00033636191
0.00030502028
0.00027358334
0.00024238887
0.00021173531
0.0001818882
0.00015302963
0.00012469228
9.7898238e-05
7.3123334e-05
5.0813317e-05
3.1545999e-05
1.5918969e-05
4.281591e-06
2.7333154e-07
2.7069136e-08
0.00053568468
0.00052913953
0.00051613062
0.00049842629
0.00047702025
0.00045263083
0.00042585387
0.00039722616
0.00036724569
0.00033637355
0.00030503071
0.00027359556
0.00024240419
0.00021175381
0.00018190915
0.00015304424
0.00012470875
9.7916341e-05
7.3140705e-05
5.0827898e-05
3.1556637e-05
1.5925314e-05
4.2842605e-06
2.7354822e-07
2.7085588e-08
0.00053599803
0.00052942443
0.00051636703
0.00049860806
0.0004771503
0.00045271753
0.00042590786
0.00039725803
0.00036726458
0.00033638653
0.00030504262
0.00027360923
0.00024242083
0.00021177343
0.00018193101
0.00015305969
0.00012472585
9.7934853e-05
7.3158313e-05
5.08426e-05
3.1567325e-05
1.5931672e-05
4.2869277e-06
2.7376456e-07
2.7101964e-08
0.0005363036
0.00052970228
0.00051659767
0.00049878554
0.00047727757
0.00045280281
0.00042596153
0.00039729041
0.00036728456
0.0003364009
0.00030505603
0.00027362437
0.0002424388
0.00021179419
0.00018195378
0.00015307599
0.00012474359
9.7953782e-05
7.3176165e-05
5.0857427e-05
3.1578064e-05
1.5938045e-05
4.2895937e-06
2.7398064e-07
2.711827e-08
0.00053660176
0.00052997341
0.00051682281
0.00049895898
0.00047740225
0.0004528868
0.000426015
0.00039732339
0.00036730565
0.00033641669
0.00030507095
0.00027364097
0.00024245809
0.00021181608
0.00018197748
0.00015309315
0.00012476197
9.7973132e-05
7.3194266e-05
5.0872381e-05
3.1588859e-05
1.5944434e-05
4.2922591e-06
2.7419651e-07
2.7134512e-08
0.00053689285
0.00053023816
0.00051704275
0.00049912861
0.00047752452
0.00045296966
0.00042606836
0.00039735704
0.00036732793
0.00033643392
0.00030508741
0.00027365905
0.00024247872
0.00021183911
0.00018200209
0.00015311117
0.00012478099
9.7992908e-05
7.3212617e-05
5.0887467e-05
3.1599709e-05
1.5950842e-05
4.2949244e-06
2.7441222e-07
2.7150695e-08
0.0005371772
0.00053049682
0.00051725774
0.00049929464
0.00047764456
0.0004530515
0.00042612172
0.00039739142
0.00036735142
0.00033645263
0.00030510541
0.00027367862
0.00024250068
0.00021186327
0.00018202763
0.00015313007
0.00012480067
9.8013111e-05
7.3231221e-05
5.0902683e-05
3.1610616e-05
1.5957267e-05
4.29759e-06
2.746278e-07
2.7166825e-08
0.00053745513
0.00053074968
0.00051746804
0.00049945729
0.00047776253
0.00045313247
0.00042617517
0.0003974266
0.00036737617
0.00033647284
0.00030512498
0.00027369967
0.00024252398
0.00021188857
0.00018205408
0.00015314983
0.000124821
9.8033742e-05
7.3250077e-05
5.0918031e-05
3.1621581e-05
1.5963711e-05
4.3002562e-06
2.748433e-07
2.7182904e-08
0.00053772693
0.00053099703
0.00051767388
0.00049961675
0.0004778786
0.00045321268
0.00042622879
0.00039746265
0.00036740222
0.00033649457
0.00030514611
0.00027372222
0.00024254861
0.00021191501
0.00018208146
0.00015317047
0.00012484198
9.8054801e-05
7.3269185e-05
5.093351e-05
3.1632602e-05
1.5970174e-05
4.3029235e-06
2.7505873e-07
2.7198938e-08
0.00053799289
0.00053123912
0.00051787551
0.00049977322
0.00047799291
0.00045329224
0.00042628267
0.0003974996
0.00036742959
0.00033651784
0.00030516882
0.00027374627
0.00024257458
0.00021194258
0.00018210974
0.00015319197
0.00012486361
9.8076285e-05
7.3288544e-05
5.094912e-05
3.164368e-05
1.5976656e-05
4.3055919e-06
2.7527412e-07
2.7214928e-08
0.00053825327
0.00053147621
0.00051807312
0.00049992687
0.0004781056
0.00045337127
0.00042633687
0.00039753752
0.00036745833
0.00033654266
0.00030519312
0.00027377181
0.00024260188
0.00021197127
0.00018213893
0.00015321434
0.00012488588
9.8098193e-05
7.3308151e-05
5.0964858e-05
3.1654815e-05
1.5983155e-05
4.3082616e-06
2.754895e-07
2.7230882e-08
0.00053850835
0.00053170854
0.00051826694
0.00050007787
0.0004782168
0.00045344985
0.00042639148
0.00039757644
0.00036748846
0.00033656905
0.00030521901
0.00027379886
0.00024263052
0.00021200109
0.00018216903
0.00015323757
0.0001249088
9.8120518e-05
7.3328e-05
5.098072e-05
3.1666003e-05
1.5989673e-05
4.3109328e-06
2.7570487e-07
2.7246796e-08
0.00053875833
0.0005319363
0.00051845712
0.00050022636
0.00047832664
0.00045352807
0.00042644655
0.00039761642
0.00036752001
0.00033659702
0.0003052465
0.0002738274
0.00024266049
0.00021203204
0.00018220004
0.00015326166
0.00012493237
9.8143268e-05
7.3348102e-05
5.0996715e-05
3.167725e-05
1.5996211e-05
4.3136062e-06
2.7592032e-07
2.7262687e-08
0.00053900357
0.00053215983
0.00051864398
0.00050037259
0.00047843529
0.00045360608
0.00042650218
0.00039765751
0.000367553
0.00033662661
0.00030527559
0.00027385745
0.00024269178
0.0002120641
0.00018223194
0.00015328665
0.00012495657
9.8166405e-05
7.3368416e-05
5.1012816e-05
3.1688543e-05
1.6002766e-05
4.316282e-06
2.7613587e-07
2.7278567e-08
0.00053924365
0.00053237873
0.00051882713
0.00050051623
0.00047854248
0.00045368364
0.00042655817
0.00039769956
0.00036758733
0.0003366577
0.00030530623
0.00027388896
0.00024272438
0.00021209727
0.00018226473
0.00015331247
0.00012498153
9.8190143e-05
7.3389135e-05
5.1029142e-05
3.1699934e-05
1.6009352e-05
4.318961e-06
2.7635158e-07
2.7294386e-08
0.00053948174
0.00053259598
0.00051900925
0.00050065961
0.0004786502
0.00045376243
0.00042661596
0.00039774375
0.00036762397
0.00033669111
0.00030533906
0.00027392245
0.00024275871
0.0002121319
0.00018229874
0.00015333957
0.00012500684
9.8213677e-05
7.3409541e-05
5.1045293e-05
3.1711319e-05
1.6016002e-05
4.3216896e-06
2.7657177e-07
2.7310636e-08
0.00053970364
0.000532798
0.00051917781
0.00050079139
0.00047874833
0.00045383351
0.00042666768
0.00039778329
0.00036765714
0.00033672199
0.00030537012
0.00027395477
0.00024279233
0.00021216615
0.00018233254
0.00015336781
0.00012503563
9.8241498e-05
7.3433704e-05
5.1063876e-05
3.1723773e-05
1.6022932e-05
4.3243864e-06
2.7678903e-07
2.7327118e-08
0.00053993855
0.00053301297
0.00051935926
0.00050093608
0.00047885938
0.00045391743
0.00042673197
0.00039783489
0.00036770158
0.00033676314
0.00030541023
0.00027399476
0.00024283215
0.00021220516
0.00018236993
0.00015337434
0.00012504297
9.8252211e-05
7.3444976e-05
5.1073737e-05
3.1731306e-05
1.6027681e-05
4.3268205e-06
2.7699507e-07
2.734607e-08
)
;

boundaryField
{
    inlet
    {
        type            calculated;
        value           nonuniform List<scalar> 
25
(
0.00058696784
0.00058696784
0.00058696784
0.00058696784
0.00058696784
0.00058696784
0.00058696784
0.00058696784
0.00058696784
0.00058696784
0.00058696784
0.00058696784
0.00058696784
0.00058335627
0.00054683803
0.00051447813
0.00048658601
0.00046606782
0.00045846689
0.0004346693
0.00017600395
3.7161994e-05
1.0573153e-05
3.6959264e-06
1.3850213e-06
)
;
    }
    outlet
    {
        type            calculated;
        value           nonuniform List<scalar> 
25
(
0.00053993855
0.00053301297
0.00051935926
0.00050093608
0.00047885938
0.00045391743
0.00042673197
0.00039783489
0.00036770158
0.00033676314
0.00030541023
0.00027399476
0.00024283215
0.00021220516
0.00018236993
0.00015355044
0.00012592758
9.9754458e-05
7.5298345e-05
5.2902511e-05
3.3021205e-05
1.6352076e-05
4.3268205e-06
2.7699507e-07
2.734607e-08
)
;
    }
    wall
    {
        type            nutkWallFunction;
        blending        stepwise;
        Cmu             0.09;
        kappa           0.41;
        E               9.8;
        value           uniform 0;
    }
    front
    {
        type            wedge;
    }
    back
    {
        type            wedge;
    }
    axis
    {
        type            empty;
    }
}


// ************************************************************************* //
