/*--------------------------------*- C++ -*----------------------------------*\
| =========                 |                                                 |
| \\      /  F ield         | OpenFOAM: The Open Source CFD Toolbox           |
|  \\    /   O peration     | Version:  v2012                                 |
|   \\  /    A nd           | Website:  www.openfoam.com                      |
|    \\/     M anipulation  |                                                 |
\*---------------------------------------------------------------------------*/
FoamFile
{
    version     2.0;
    format      ascii;
    class       volScalarField;
    location    "2000";
    object      omega;
}
// * * * * * * * * * * * * * * * * * * * * * * * * * * * * * * * * * * * * * //

dimensions      [0 0 -1 0 0 0 0];


internalField   nonuniform List<scalar> 
6250
(
56.785964
56.786325
56.796671
56.813744
56.83682
56.868658
56.916572
56.999205
57.160065
57.491405
58.172942
59.532733
62.148518
67.040073
76.086064
93.004365
125.80742
192.95386
337.84582
658.06197
1360.4364
2916.4709
6725.8521
18623.063
93402.612
56.133544
56.141889
56.163851
56.200744
56.253702
56.334107
56.470083
56.725265
57.229224
58.221132
60.109941
63.566287
69.692993
80.387235
99.148097
132.901
196.08483
319.25338
564.76609
1052.9642
2022.9074
3975.4681
7968.301
18594.184
93109.26
55.460132
55.474131
55.505195
55.558289
55.640266
55.777196
56.029002
56.517683
57.464965
59.237961
62.410327
67.869103
77.036448
92.344951
118.25403
163.42573
245.32426
399.45515
697.04375
1282.243
2433.4356
4512.848
7911.2982
17130.144
93075.651
54.786977
54.805764
54.846514
54.917562
55.036034
55.249198
55.656165
56.439614
57.901074
60.500791
64.919666
72.185534
83.941077
102.99892
134.48914
188.2699
284.06349
462.51945
809.56847
1500.2762
2787.5877
4753.969
7566.2493
16559.461
93069.158
54.129619
54.153572
54.206119
54.30044
54.467279
54.779261
55.376101
56.494046
58.49427
61.898151
67.455726
76.294112
90.224244
112.35959
148.38905
209.31
317.58689
521.47886
924.88048
1710.5803
3024.9752
4756.7001
7245.4104
16324.168
93066.815
53.488678
53.518066
53.584501
53.707766
53.934843
54.365539
55.177234
56.648499
59.180899
63.334223
69.905872
80.101137
95.87516
120.61966
160.60778
228.23987
349.75365
582.97265
1044.4651
1890.5176
3148.0417
4671.4233
7026.6468
16196.195
93064.785
52.864657
52.900337
52.983479
53.14223
53.441495
54.007757
55.05033
56.87839
59.919068
64.756986
72.22671
83.604549
100.98876
128.07545
171.85202
246.56631
383.25585
649.11411
1161.0632
2024.2871
3190.2955
4568.7611
6869.2406
16104.067
93063.296
52.258791
52.301988
52.405216
52.606344
52.988654
53.702885
54.983425
57.15994
60.675198
66.131828
74.398716
86.825709
105.67097
134.99781
182.7043
265.38275
419.48152
718.9651
1262.3592
2107.4511
3181.4355
4467.0451
6747.8786
16037.462
93062.345
51.671403
51.723475
51.850362
52.100444
52.574745
53.444719
54.96315
57.472533
61.425562
67.440849
76.42431
89.811016
110.05571
141.69872
193.86205
286.29086
462.50715
791.11289
1337.6625
2147.5357
3143.5104
4371.7861
6653.0996
15990.12
93061.716
51.102455
51.164885
51.319057
51.624063
52.197204
53.226673
54.977931
57.801165
62.156625
68.680468
78.323021
92.624691
114.29023
148.47609
205.85836
309.86672
510.35732
860.10527
1393.8447
2159.4675
3090.6807
4284.4065
6578.1609
15955.915
93061.311
50.55197
50.626312
50.811294
51.176369
51.853102
53.042558
55.018454
58.135817
62.862727
69.85756
80.1276
95.350253
118.56351
155.76784
219.8419
339.86078
561.8641
914.99273
1437.5128
2153.5349
3029.7468
4203.7627
6517.69
15931.38
93061.084
50.019961
50.10776
50.326824
50.756157
51.539321
52.886839
55.077643
58.470656
63.544149
70.985972
81.877159
98.071057
123.02996
163.79791
235.75324
372.94745
612.72554
961.03931
1468.2667
2135.1485
2965.7773
4129.2297
6467.9279
15914.117
93060.981
49.506366
49.609106
49.865167
50.361966
51.252783
52.754837
55.150514
58.803257
64.205647
72.084874
83.617878
100.88629
127.90872
173.13173
255.52453
409.07309
656.39592
999.5312
1486.0008
2108.3413
2902.7497
4061.1088
6426.2239
15901.898
93060.953
49.011052
49.130109
49.425656
49.992193
50.990595
52.642738
55.233829
59.133719
64.854904
73.176139
85.396931
103.88802
133.36658
183.99653
278.80572
446.77446
693.05584
1030.7365
1494.6646
2078.9333
2844.3472
3999.5928
6390.3501
15892.805
93060.959
48.533804
48.670404
49.007464
49.645149
50.750094
52.547487
55.325657
59.463714
65.500719
74.280483
87.252525
107.13203
139.43211
196.08733
302.81967
481.99963
725.0802
1055.5552
1497.7942
2050.1358
2792.4341
3945.2272
6358.9443
15885.41
93060.969
48.074313
48.229502
48.609626
49.319118
50.528868
52.466688
55.425082
59.796071
66.153073
75.421104
89.235972
110.75006
146.55582
211.44745
329.50753
511.30975
751.69345
1075.3242
1497.6032
2023.15
2747.2212
3898.2617
6331.331
15878.785
93060.965
47.632189
47.806815
48.231092
49.01242
50.324808
52.398559
55.532026
60.134435
66.822278
76.61955
91.386559
114.79633
154.67359
228.59135
356.77975
537.25209
774.29791
1090.1024
1493.2147
1997.9571
2708.0342
3858.0298
6306.9499
15872.465
93060.945
47.206974
47.401685
47.870784
48.723482
50.136133
52.341885
55.647073
60.482843
67.517823
77.892439
93.725036
119.26575
163.60056
246.11816
382.27471
560.79253
793.69893
1100.1832
1485.5651
1974.4796
2673.9373
3823.4297
6285.2819
15866.334
93060.913
46.798163
47.013415
47.527632
48.450876
49.961411
52.295983
55.771431
60.846015
68.25075
79.264604
96.319896
124.41976
174.62833
265.28503
403.82596
581.19212
809.8175
1106.7738
1476.3653
1952.7361
2644.0593
3793.4039
6265.9296
15860.458
93060.875
46.405216
46.641287
47.200615
48.193351
49.799551
52.260648
55.906832
61.229129
69.032129
80.757242
99.204713
130.24242
186.96507
284.95861
422.87524
598.35363
822.92932
1110.8493
1466.4352
1932.6207
2617.6362
3767.0859
6248.6005
15854.938
93060.836
46.027568
46.284583
46.888774
47.949836
49.649772
52.236057
56.055305
61.637105
69.87051
82.379746
102.36531
136.5599
199.62094
303.90683
440.49866
613.39031
833.66031
1111.9751
1456.0301
1913.9302
2594.0193
3743.7886
6233.0558
15849.841
93060.799
45.664639
45.942595
46.591227
47.719436
49.511564
52.222704
56.219167
62.075306
70.777093
84.160468
105.90988
143.95271
213.06095
320.94402
456.55255
626.71752
842.16332
1110.4458
1445.3233
1896.4814
2572.6977
3722.9757
6219.0838
15845.198
93060.767
45.315842
45.614636
46.307176
47.501423
49.38466
52.221367
56.401102
62.549959
71.766136
86.13636
109.94328
152.66555
227.46627
335.85024
470.71561
638.19235
848.63492
1107.444
1434.6077
1880.1773
2553.3074
3704.2452
6206.5032
15841.013
93060.741
44.980594
45.300047
46.035906
47.295222
49.269
52.233038
56.603915
63.066773
72.84703
88.312263
114.3809
161.90106
241.76034
349.53692
483.05294
647.97142
853.39635
1103.5142
1424.0685
1864.9499
2535.5957
3687.3099
6195.1755
15837.284
93060.721
44.658322
44.998205
45.776787
47.100397
49.164686
52.258828
56.830254
63.630256
74.024573
90.682609
119.16901
171.28393
255.37238
362.25887
493.7783
656.2277
856.66378
1098.9476
1413.7921
1850.722
2519.369
3671.9548
6184.9837
15833.989
93060.707
44.348466
44.708527
45.52927
46.916633
49.071966
52.299998
57.083158
64.247423
75.320104
93.342489
124.8418
181.36956
267.5515
373.9843
503.61083
663.41297
857.98107
1093.812
1403.7877
1837.395
2504.4536
3657.9959
6175.8155
15831.097
93060.698
44.050491
44.430471
45.292885
46.743728
48.991221
52.358003
57.366149
64.926611
76.754681
96.33791
131.3553
192.04509
278.58957
384.58646
512.29604
669.42836
858.08115
1088.3103
1394.0835
1824.884
2490.6983
3645.2734
6167.5681
15828.577
93060.695
43.763887
44.163538
45.067233
46.581578
48.922942
52.434383
57.682541
65.673593
78.331782
99.618211
138.24779
202.72982
289.02182
394.04081
519.76993
674.33791
857.4235
1082.7097
1384.7374
1813.1291
2477.9754
3633.6443
6160.1405
15826.389
93060.697
43.488173
43.907277
44.851986
46.430162
48.867687
52.530621
58.03503
66.491423
80.047721
103.14553
145.26351
213.01768
298.79352
402.41582
526.27733
678.223
856.31077
1077.2568
1375.8209
1802.0962
2466.1856
3622.9897
6153.4472
15824.506
93060.704
43.222899
43.661279
44.646877
46.289534
48.826097
52.648385
58.427482
67.391705
81.955998
107.24178
152.71412
222.36444
307.78842
409.76243
531.88162
681.2865
854.80546
1071.8987
1367.3408
1791.7533
2455.2541
3613.2195
6147.4231
15822.907
93060.714
42.96765
43.42518
44.451699
46.159824
48.798924
52.789664
58.86499
68.389206
84.100606
111.98182
160.64119
230.80873
315.9334
416.13194
536.67707
683.66379
852.97296
1066.6267
1359.2838
1782.0648
2445.1181
3604.2572
6142.0039
15821.559
93060.729
42.722045
43.198658
44.266303
46.04123
48.787009
52.956506
59.351828
69.48977
86.462077
117.079
168.67589
238.76576
323.3021
421.76933
540.8816
685.28353
850.84733
1061.4419
1351.6282
1772.9901
2435.7182
3596.0327
6137.1293
15820.434
93060.746
42.485737
42.981436
44.09059
45.933999
48.791203
53.150671
59.890312
70.690516
88.998883
122.31753
176.5834
246.41181
330.02826
426.9976
544.69384
686.00238
848.43299
1056.3443
1344.3494
1764.4858
2426.9974
3588.4822
6132.7455
15819.506
93060.766
42.258414
42.773272
43.924503
45.838424
48.812375
53.373967
60.484194
72.004421
91.799551
127.7344
184.10884
253.70923
336.1255
431.70053
548.04103
686.17147
845.82074
1051.3553
1337.4291
1756.5091
2418.8974
3581.5407
6128.7965
15818.747
93060.788
42.039796
42.573963
43.76803
45.754849
48.851559
53.629178
61.143037
73.475169
95.090491
133.5631
190.94894
260.45324
341.61963
435.98216
550.92078
685.94647
843.08911
1046.5039
1330.8586
1749.0241
2411.3649
3575.1495
6125.2371
15818.14
93060.813
41.829635
42.383344
43.621203
45.683694
48.909973
53.919494
61.875093
75.116015
98.781295
139.65373
197.30255
266.63765
346.53215
439.81373
553.36057
685.4106
840.28898
1041.813
1324.6348
1742.0057
2404.3598
3569.2653
6122.0367
15817.675
93060.84
41.627717
42.201282
43.484097
45.625428
48.988846
54.247437
62.682792
76.907981
102.68568
145.77848
203.38422
272.29754
350.88829
443.20674
555.39916
684.62301
837.45225
1037.2937
1318.7517
1735.4323
2397.8483
3563.8494
6119.1622
15817.335
93060.868
41.433859
42.027679
43.356819
45.580535
49.08925
54.614443
63.564267
78.827015
106.68301
151.80192
209.25482
277.46456
354.73078
446.20634
557.07108
683.63272
834.60236
1032.9481
1313.1977
1729.2818
2391.7987
3558.865
6116.5823
15817.102
93060.897
41.247904
41.862468
43.239507
45.549526
49.212346
55.023217
64.530555
80.953815
110.83144
157.53891
214.87496
282.15897
358.11996
448.87356
558.39939
682.47976
831.75914
1028.7748
1307.9571
1723.5297
2386.1796
3554.2776
6114.2699
15816.967
93060.928
41.069727
41.70561
43.132338
45.533008
49.359847
55.479809
65.609941
83.433858
115.28662
162.83209
220.18735
286.44935
361.32533
451.39997
559.18486
681.15153
828.9284
1024.7671
1303.0101
1718.1481
2380.9575
3550.0526
6112.1988
15816.916
93060.959
40.899225
41.557096
43.035529
45.531703
49.533779
55.989916
66.813633
86.216977
119.95839
167.80309
225.1367
290.37537
364.36707
453.73584
559.57501
679.68015
826.12164
1020.9188
1298.3359
1713.1072
2376.0977
3546.1558
6110.3456
15816.942
93060.992
40.736325
41.416945
42.949341
45.546378
49.735922
56.556063
68.132257
89.180866
124.69099
172.58849
229.71419
293.96563
367.22399
455.8385
559.69037
678.10777
823.35554
1017.2284
1293.9174
1708.3802
2371.57
3542.5606
6108.6968
15817.045
93061.026
40.580978
41.285205
42.874059
45.577751
49.967454
57.177662
69.548805
92.234376
129.3857
177.24217
233.95688
297.23321
369.8536
457.70165
559.59435
676.46639
820.64435
1013.6959
1289.7415
1703.9457
2367.3498
3539.2461
6107.241
15817.221
93061.061
40.433159
41.161949
42.809983
45.626519
50.229641
57.857667
71.086556
95.372625
133.94326
181.75414
237.88346
300.1889
372.25013
459.33294
559.32825
674.77875
817.99699
1010.3198
1285.7968
1699.785
2363.4156
3536.1919
6105.9633
15817.464
93061.097
40.292864
41.047271
42.757459
45.693622
50.525667
58.612682
72.853678
98.713086
138.21595
186.07691
241.4991
302.85025
374.42865
460.74238
558.92304
673.06233
815.41833
1007.0962
1282.0719
1695.8815
2359.7473
3533.3785
6104.8498
15817.766
93061.133
40.160115
40.941297
42.716906
45.7803
50.859683
59.456935
74.873068
102.26349
142.22118
190.17369
244.8079
305.24406
376.41518
461.93787
558.40285
671.33144
812.91115
1004.0193
1278.555
1692.2193
2356.3271
3530.7884
6103.8888
15818.126
93061.17
40.034954
40.844185
42.688805
45.887858
51.234729
60.391348
77.076645
105.92712
146.07019
194.03332
247.82028
307.4053
378.24056
462.92564
557.78659
669.59784
810.47693
1001.0823
1275.2331
1688.7822
2353.1374
3528.4084
6103.0894
15818.549
93061.209
39.917447
40.756118
42.673655
46.01738
51.651859
61.407423
79.39064
109.61759
149.82717
197.64435
250.5889
309.49784
379.99623
463.60915
557.06738
667.86593
808.11476
998.2769
1272.0925
1685.5529
2350.1602
3526.2235
6102.423
15819.021
93061.247
39.807679
40.677297
42.671929
46.169637
52.110798
62.496676
81.766605
113.27697
153.50294
201.00849
253.15858
311.55282
381.66427
464.03373
556.25308
666.14071
805.82404
995.59578
1269.12
1682.5161
2347.3815
3524.2285
6101.8723
15819.541
93061.287
39.705758
40.607944
42.684125
46.345728
52.615668
63.692954
84.228874
116.82297
157.08164
204.15199
255.54348
313.51426
383.20915
464.27676
555.36372
664.42932
803.60543
993.03303
1266.3046
1679.6582
2344.7866
3522.4019
6101.441
15820.109
93061.327
39.611808
40.548312
42.710902
46.547917
53.178109
65.067364
86.855814
120.16761
160.53246
207.08529
257.7463
315.35691
384.61925
464.38065
554.4176
662.73831
801.45961
990.58387
1263.6366
1676.9672
2342.3635
3520.7307
6101.1227
15820.722
93061.369
39.525981
40.498706
42.753096
46.778943
53.806952
66.625118
89.637666
123.33748
163.83387
209.81231
259.77057
317.07448
385.89212
464.37229
553.42953
661.07272
799.38654
988.24409
1261.1085
1674.4353
2340.1124
3519.1943
6100.9072
15821.377
93061.41
39.448454
40.459474
42.811599
47.040924
54.503112
68.320848
92.508184
126.40575
166.97839
212.33687
261.62504
318.67209
387.02839
464.27062
552.41151
659.4363
797.38528
986.00935
1258.7128
1672.0517
2338.0129
3517.793
6100.7902
15822.073
93061.453
39.37943
40.430989
42.887207
47.33485
55.261741
70.106225
95.410668
129.41952
169.96527
214.66521
263.32425
320.16119
388.02926
464.08967
551.37331
657.83201
795.45437
983.87512
1256.4423
1669.8068
2336.0535
3516.5198
6100.7671
15822.807
93061.496
39.31913
40.413618
42.980537
47.660776
56.076856
71.947127
98.308629
132.39385
172.795
216.80592
264.88686
321.5565
388.89702
463.84045
550.32273
656.26189
793.59165
981.83645
1254.2902
1667.6942
2334.2215
3515.3651
6100.8314
15823.576
93061.54
39.267787
40.407732
43.092268
48.020462
56.963101
73.848456
101.15311
135.31391
175.44578
218.78015
266.36471
322.86946
389.63133
463.53072
549.26626
654.72767
791.79493
979.88844
1252.2504
1665.7107
2332.5022
3514.3177
6100.9773
15824.381
93061.584
39.22566
40.413785
43.22371
48.420693
57.969013
75.865201
103.87428
138.1545
177.92628
220.62742
267.84486
324.15536
390.16169
463.15058
548.2054
653.23006
790.06206
978.02628
1250.3153
1663.8415
2330.8943
3513.3732
6101.2031
15825.222
93061.629
39.193048
40.432353
43.376698
48.868859
59.11634
78.013633
106.4628
140.89685
180.2528
222.36308
269.29654
325.38579
390.54031
462.70589
547.14231
651.76946
788.39104
976.24539
1248.4778
1662.0782
2329.393
3512.5283
6101.5072
15826.099
93061.675
39.170299
40.464096
43.552989
49.368138
60.384369
80.255713
108.96261
143.53296
182.43493
223.99011
270.69342
326.5416
390.80742
462.20792
546.08023
650.34635
786.78038
974.54298
1246.7369
1660.4091
2327.9911
3511.7779
6101.8856
15827.008
93061.721
39.157791
40.50968
43.753795
49.917351
61.739859
82.546504
111.41502
146.06138
184.47854
225.50939
272.02325
327.6145
390.98645
461.66759
545.02262
648.96113
785.22865
972.91588
1245.0871
1658.8289
2326.6825
3511.1168
6102.3347
15827.949
93061.768
39.155918
40.569689
43.979634
50.512664
63.153925
84.854243
113.84107
148.48245
186.38794
226.9238
273.28283
328.60091
391.09253
461.09418
543.97272
647.61387
783.73409
971.36012
1243.5199
1657.3361
2325.4628
3510.54
6102.8507
15828.92
93061.815
39.165068
40.64462
44.230753
51.152486
64.610127
87.155738
116.24502
150.79605
188.1673
228.23919
274.47452
329.4993
391.13627
460.49537
542.9334
646.30443
782.29482
969.87216
1242.0305
1655.9266
2324.3275
3510.0433
6103.4305
15829.919
93061.863
39.185647
40.735105
44.509242
51.854674
66.125544
89.413519
118.61886
153.00073
189.8214
229.46428
275.60376
330.30907
391.12545
459.87747
541.90724
645.03292
780.91054
968.45467
1240.6085
1654.5944
2323.2719
3509.6228
6104.0711
15830.947
93061.911
39.218142
40.842197
44.820056
52.651607
67.738545
91.587667
120.94701
155.09203
191.35622
230.61203
276.67755
331.03081
391.06623
459.24546
540.89614
643.79872
779.57863
967.1007
1239.2542
1653.3354
2322.291
3509.2732
6104.7682
15831.999
93061.96
39.263157
40.967257
45.168026
53.553599
69.453243
93.678022
123.20957
157.04999
192.78707
231.71929
277.70008
331.66288
390.9627
458.60356
539.90182
642.60106
778.29637
965.80551
1237.9652
1652.1457
2321.3799
3508.9897
6105.5193
15833.077
93062.01
39.321376
41.111612
45.555447
54.546599
71.24193
95.712111
125.39691
158.88719
194.13106
232.80444
278.6884
332.18602
390.81351
457.95419
538.92581
641.43986
777.06317
964.56413
1236.7381
1651.022
2320.5356
3508.7708
6106.3245
15834.183
93062.059
39.393498
41.27628
45.981962
55.609029
73.073303
97.715521
127.50637
160.6157
195.40283
233.88624
279.65408
332.58861
390.61554
457.29783
537.96894
640.31528
775.87954
963.37131
1235.5689
1649.961
2319.7558
3508.6146
6107.182
15835.312
93062.11
39.480161
41.461848
46.445444
56.721298
74.924284
99.702356
129.53817
162.24392
196.60664
234.94413
280.57829
332.90431
390.37407
456.63569
537.03142
639.22611
774.74078
962.22786
1234.4555
1648.96
2319.0375
3508.5184
6108.0892
15836.466
93062.161
39.581899
41.668576
46.943759
57.86965
76.779189
101.67677
131.49286
163.77735
197.74364
235.96671
281.45174
333.15225
390.09604
455.96964
536.11334
638.17115
773.64444
961.13242
1233.3955
1648.0162
2318.3781
3508.4793
6109.0436
15837.642
93062.212
39.699279
41.897407
47.483985
59.058568
78.617044
103.63551
133.37023
165.21968
198.81513
236.94881
282.26963
333.34426
389.78801
455.30203
535.21557
637.1523
772.58568
960.08229
1232.3865
1647.127
2317.7747
3508.4946
6110.0431
15838.839
93062.263
39.833173
42.151126
48.086273
60.313508
80.409366
105.57013
135.16903
166.57376
199.82369
237.88934
283.02933
333.48827
389.45561
454.63513
534.33834
636.16767
771.56414
959.07565
1231.4262
1646.2899
2317.2247
3508.5618
6111.0857
15840.056
93062.315
39.98483
42.433447
48.765765
61.650148
82.144475
107.47091
136.88742
167.84234
200.77341
238.78966
283.72937
333.58994
389.10352
453.97091
533.48142
635.21489
770.58006
958.11127
1230.5126
1645.5025
2316.7258
3508.6786
6112.1694
15841.294
93062.368
40.155663
42.747189
49.521105
63.058657
83.834209
109.33021
138.52377
169.02847
201.66965
239.65267
284.36914
333.65351
388.7355
453.31107
532.64481
634.29235
769.63249
957.18772
1229.6438
1644.7627
2316.2755
3508.8426
6113.2921
15842.55
93062.42
40.346953
43.093512
50.340912
64.517766
85.49677
111.14101
140.07061
170.13811
202.52703
240.48106
284.94818
333.6823
388.35484
452.65779
531.83138
633.39568
768.7191
956.30299
1228.8176
1644.0678
2315.871
3509.0506
6114.4513
15843.823
93062.474
40.559662
43.472088
51.211608
66.007543
87.145094
112.8969
141.52364
171.18054
203.35975
241.27672
285.46511
333.67845
387.96419
452.01219
531.03878
632.52647
767.83895
955.45546
1228.0319
1643.4156
2315.5097
3509.3005
6115.6462
15845.114
93062.527
40.794345
43.881577
52.121089
67.513357
88.785298
114.59485
142.89083
172.16435
204.1728
242.04471
285.915
333.64236
387.56524
451.37513
530.26626
631.68471
766.99118
954.64381
1227.2852
1642.8045
2315.1905
3509.5918
6116.8766
15846.424
93062.581
41.05117
44.320112
53.059803
69.025463
90.418384
116.23391
144.18054
173.1001
204.98777
242.80035
286.27922
333.57068
387.15838
450.74815
529.51217
630.86955
766.17473
953.86671
1226.5761
1642.2331
2314.9121
3509.9232
6118.1412
15847.75
93062.635
41.330553
44.789709
54.02727
70.532862
92.041819
117.81382
145.39891
173.99151
205.79107
243.52992
286.5805
333.46617
386.74448
450.13225
528.77528
630.07993
765.38842
953.12282
1225.9031
1641.6999
2314.673
3510.2932
6119.4382
15849.093
93062.689
41.634401
45.301445
55.038846
72.018152
93.650368
119.33425
146.55012
174.83986
206.5745
244.22611
286.83198
333.33306
386.32445
449.52613
528.05685
629.31543
764.63128
952.41091
1225.2647
1641.2035
2314.4717
3510.7
6120.7661
15850.45
93062.744
41.965942
45.867475
56.109891
73.469074
95.237623
120.79454
147.63702
175.64603
207.33368
244.8848
287.04178
333.17552
385.89946
448.92946
527.35708
628.57561
763.90242
951.72982
1224.6597
1640.7423
2314.3065
3511.142
6122.1236
15851.822
93062.799
42.328407
46.492325
57.241428
74.886348
96.797732
122.19383
148.6618
176.41144
208.06686
245.50355
287.21538
332.99762
385.47255
448.34048
526.67534
627.85981
763.20099
951.07848
1224.0867
1640.3151
2314.1761
3511.6178
6123.5093
15853.208
93062.855
42.723944
47.172559
58.422369
76.279066
98.326175
123.53134
149.62645
177.13826
208.77398
246.08084
287.35668
332.80261
385.04475
447.75974
526.01123
627.16736
762.52611
950.45586
1223.5447
1639.9203
2314.0789
3512.1259
6124.922
15854.607
93062.91
43.153337
47.900905
59.638365
77.656964
99.819618
124.80653
150.53308
177.82944
209.45596
246.61576
287.46855
332.59295
384.61633
447.1885
525.36469
626.49769
761.877
949.86102
1223.0324
1639.5569
2314.0138
3512.6651
6126.3607
15856.019
93062.966
43.616212
48.669386
60.87692
79.026766
101.2755
126.01922
151.38407
178.48846
210.11435
247.10791
287.5532
332.37065
384.18804
446.62733
524.73554
625.85021
761.25286
949.29299
1222.5488
1639.2237
2313.9794
3513.2338
6127.8239
15857.443
93063.022
44.111386
49.470754
62.128635
80.391419
102.69049
127.16564
152.18341
179.12423
210.75037
247.55717
287.6128
332.13933
383.75868
446.076
524.12333
625.22418
760.65279
948.75072
1222.0926
1638.919
2313.9739
3513.8303
6129.3101
15858.878
93063.079
44.63721
50.298959
63.386784
81.750683
104.06066
128.24338
152.93725
179.74575
211.3646
247.96288
287.64863
331.89965
383.33003
445.53472
523.52771
624.61895
760.07594
948.23323
1221.6626
1638.6416
2313.996
3514.4532
6130.8188
15860.325
93063.135
45.191834
51.149182
64.646616
83.10245
105.38375
129.25814
153.65193
180.35781
211.96114
248.32016
287.66046
331.6519
382.90359
445.00388
522.94841
624.03394
759.5216
947.73971
1221.258
1638.3907
2314.0449
3515.1023
6132.35
15861.784
93063.192
45.773397
52.017699
65.904713
84.443651
106.65875
130.21566
154.334
180.97058
212.54667
248.62092
287.64663
331.39605
382.48012
444.48374
522.38518
623.46857
758.98906
947.26939
1220.878
1638.1654
2314.12
3515.7771
6133.903
15863.254
93063.249
46.380154
52.90172
67.158502
85.770837
107.88524
131.12034
154.98612
181.57592
213.11284
248.87855
287.61062
331.13036
382.05959
443.97429
521.83773
622.92229
758.47759
946.8215
1220.5218
1637.965
2314.2206
3516.4765
6135.4765
15864.734
93063.307
47.014033
53.80522
68.402778
87.080275
109.06305
131.9754
155.60947
182.16866
213.65487
249.10083
287.55376
330.85673
381.64237
443.47555
521.30574
622.39454
757.98654
946.39531
1220.1885
1637.7886
2314.3457
3517.1995
6137.0698
15866.225
93063.364
47.68624
54.747187
69.625786
88.367704
110.19202
132.78323
156.20487
182.74584
214.16985
249.2926
287.47796
330.57663
381.2289
442.9875
520.78893
621.88482
757.51526
945.99011
1219.8775
1637.6356
2314.4944
3517.9452
6138.6818
15867.724
93063.422
48.400292
55.729074
70.82669
89.629312
111.27195
133.54575
156.77333
183.30599
214.65592
249.45713
287.38519
330.29126
380.8196
442.51015
520.28701
621.39265
757.06314
945.6052
1219.588
1637.5049
2314.6659
3518.7127
6140.3117
15869.233
93063.48
49.15603
56.746173
72.007833
90.861921
112.30272
134.26466
157.31628
183.84877
215.11213
249.59857
287.27541
330.00123
380.41473
442.0434
519.79969
620.91758
756.62961
945.23993
1219.3193
1637.3959
2314.8592
3519.501
6141.9589
15870.751
93063.538
49.950607
57.790705
73.172521
92.062961
113.28436
134.94166
157.83551
184.3744
215.53768
249.71764
287.1514
329.70752
380.01453
441.58716
519.32666
620.45917
756.21415
944.89369
1219.0706
1637.3078
2315.0736
3520.3094
6143.6226
15872.277
93063.596
50.779765
58.85453
74.323458
93.23035
114.21704
135.57858
158.33314
184.88343
215.93199
249.81523
287.01509
329.41104
379.61927
441.14132
518.86762
620.01699
755.81623
944.56589
1218.8413
1637.2398
2315.3084
3521.137
6145.3021
15873.811
93063.655
51.638744
59.930488
75.462145
94.362354
115.1012
136.17735
158.8114
185.37649
216.29477
249.89228
286.86798
329.11264
379.22919
440.70577
518.42226
619.5906
755.43537
944.25597
1218.6308
1637.1912
2315.5627
3521.9832
6146.9967
15875.352
93063.713
52.522802
61.012756
76.588879
95.457494
115.93751
136.74017
159.2727
185.8544
216.62781
249.94792
286.71092
328.81297
378.8445
440.28037
517.99025
619.17962
755.07109
943.96342
1218.4384
1637.1615
2315.836
3522.8473
6148.7058
15876.901
93063.772
53.427462
62.096739
77.702951
96.514394
116.72649
137.26934
159.71966
186.31752
216.93069
249.98405
286.54489
328.51256
378.46531
439.86494
517.57122
618.78346
754.72255
943.68841
1218.2647
1637.1502
2316.1274
3523.7282
6150.4284
15878.457
93063.831
54.348598
63.178746
78.802644
97.5307
117.46562
137.77062
160.16857
186.77211
217.19437
250.00042
286.37056
328.21187
378.09168
439.45925
517.1647
618.40147
754.38873
943.43178
1218.1109
1637.1571
2316.4361
3524.625
6152.1639
15880.02
93063.89
55.282454
64.255752
79.885759
98.505171
118.15923
138.24859
160.61602
187.21407
217.42355
249.9978
286.18859
327.91134
377.72374
439.06313
516.77042
618.0334
754.06999
943.19172
1217.9747
1637.1815
2316.7619
3525.5376
6153.9125
15881.59
93063.95
56.225625
65.325196
80.949899
99.437302
118.81094
138.70563
161.05764
187.64048
217.62215
249.97735
285.99965
327.61137
377.36156
438.67644
516.38806
617.67894
753.76601
942.96725
1217.8548
1637.2227
2317.1044
3526.4659
6155.6739
15883.166
93064.009
57.17502
66.384846
81.992656
100.32704
119.42366
139.14301
161.49037
188.04774
217.79456
249.9406
285.80447
327.31236
377.00526
438.29901
516.01733
617.33773
753.47634
942.75769
1217.7505
1637.2801
2317.4631
3527.4095
6157.4474
15884.749
93064.069
58.12783
67.432691
83.011711
101.17459
119.99973
139.5616
161.91225
188.43365
217.9436
249.88905
285.60373
327.01467
376.65495
437.93075
515.65795
617.00937
753.20055
942.56254
1217.6613
1637.3533
2317.8377
3528.3677
6159.2323
15886.338
93064.129
59.081478
68.466865
84.004889
101.98031
120.54113
139.96227
162.32229
188.7966
218.07121
249.82402
285.39809
326.7186
376.31071
437.57153
515.30966
616.69352
752.9382
942.38131
1217.5866
1637.4416
2318.2274
3529.3398
6161.0282
15887.932
93064.188
60.033583
69.485592
84.970188
102.74469
121.04971
140.34623
162.72103
189.13444
218.17864
249.74664
285.18812
326.42443
375.9726
437.22126
514.97222
616.38983
752.6889
942.21359
1217.526
1637.5445
2318.6317
3530.3254
6162.8345
15889.531
93064.248
60.981925
70.487153
85.90579
103.46829
121.52715
140.71467
163.10772
189.44712
218.26698
249.65791
284.97435
326.13234
375.64065
436.87984
514.64541
616.098
752.45227
942.05895
1217.4791
1637.6617
2319.0501
3531.3239
6164.6508
15891.136
93064.309
61.924408
71.469855
86.810066
104.15179
121.9751
141.06887
163.48208
189.73458
218.33718
249.55871
284.75725
325.84251
375.31486
436.54715
514.32902
615.81772
752.22796
941.91701
1217.4453
1637.7924
2319.4821
3532.3347
6166.4767
15892.746
93064.369
62.859033
72.432022
87.681582
104.79599
122.39529
141.4105
163.84367
189.99679
218.39006
249.44981
284.53724
325.55507
374.99519
436.22306
514.02285
615.54873
752.01562
941.78739
1217.4244
1637.9364
2319.9271
3533.3573
6168.3118
15894.361
93064.429
63.783874
73.371992
88.519112
105.40184
122.78949
141.74137
164.19182
190.2338
218.42634
249.33191
284.31471
325.27013
374.68158
435.90741
513.72667
615.29075
751.81494
941.66971
1217.4158
1638.0931
2320.3848
3534.3914
6170.1556
15895.98
93064.49
64.697056
74.288112
89.321645
105.97045
123.15972
142.06351
164.52791
190.44467
218.4465
249.2056
284.08998
324.98778
374.37397
435.60004
513.44027
615.04351
751.62561
941.56365
1217.4191
1638.2622
2320.8545
3535.4364
6172.008
15897.604
93064.55
65.596744
75.178766
90.088448
106.50342
123.50903
142.38332
164.85629
190.62458
218.45017
249.07121
283.86332
324.70806
374.07225
435.30078
513.16342
614.80675
751.44732
941.46885
1217.4341
1638.4431
2321.336
3536.492
6173.8684
15899.232
93064.611
66.481133
76.042382
90.819042
107.00231
123.84005
142.69669
165.17252
190.7794
218.43822
248.92919
283.63496
324.43101
373.77632
435.00944
512.89589
614.58019
751.27976
941.385
1217.4603
1638.6356
2321.8288
3537.5578
6175.7366
15900.864
93064.672
67.348436
76.877431
91.513101
107.46844
124.15353
143.00178
165.47372
190.91275
218.41192
248.78011
283.40516
324.15668
373.48607
434.72582
512.63743
614.36357
751.12266
941.31179
1217.4974
1638.8392
2322.3325
3538.6333
6177.6123
15902.5
93064.733
68.196884
77.682428
92.17043
107.90304
124.45024
143.29737
165.75794
191.02692
218.37252
248.62458
283.1742
323.88509
373.2014
434.44973
512.3878
614.15662
750.97571
941.2489
1217.5451
1639.0536
2322.8469
3539.7184
6179.4951
15904.141
93064.794
69.024721
78.455968
92.791064
108.30792
124.73039
143.58268
166.02377
191.12337
218.32117
248.46326
282.94237
323.61633
372.92219
434.18098
512.14677
613.95907
750.83863
941.19605
1217.603
1639.2785
2323.3715
3540.8125
6181.3848
15905.785
93064.855
69.83021
79.196711
93.375121
108.6841
124.99512
143.85727
166.27017
191.20309
218.25881
248.29674
282.71
323.35046
372.64838
433.91937
511.91408
613.77065
750.71113
941.15294
1217.6709
1639.5135
2323.906
3541.9155
6183.281
15907.432
93064.916
70.611634
79.903394
93.922843
109.03264
125.24574
144.12094
166.4964
191.26677
218.18623
248.12558
282.47737
323.08758
372.37989
433.66475
511.68952
613.5911
750.59296
941.1193
1217.7485
1639.7585
2324.4501
3543.0269
6185.1836
15909.084
93064.978
71.367344
80.574958
94.435187
109.35435
125.48354
144.37358
166.7019
191.31486
218.10408
247.95024
282.24476
322.82777
372.11667
433.41695
511.47286
613.42017
750.48383
941.09487
1217.8355
1640.013
2325.0037
3544.1466
6187.0922
15910.738
93065.039
72.09574
81.210424
94.912575
109.65079
125.70979
144.61518
166.88634
191.34774
218.01284
247.77112
282.01239
322.57112
371.85867
433.17582
511.2639
613.25761
750.3835
941.07938
1217.9316
1640.2768
2325.5662
3545.2742
6189.0066
15912.396
93065.101
72.795308
81.809056
95.355523
109.92369
125.92571
144.84567
167.04954
191.36569
217.91294
247.58857
281.78049
322.31768
371.60583
432.94124
511.06243
613.1032
750.29171
941.07258
1218.0367
1640.5497
2326.1376
3546.4095
6190.9266
15914.057
93065.163
73.464671
82.37055
95.764645
110.17478
126.13239
145.06496
167.19149
191.36895
217.80468
247.40283
281.5492
322.06752
371.35811
432.71307
510.86828
612.95672
750.20823
941.07423
1218.1503
1640.8314
2326.7175
3547.5522
6192.8518
15915.721
93065.224
74.102698
82.894336
96.14147
110.40684
126.33625
145.27769
167.30699
191.35692
217.68819
247.21409
281.31864
321.82067
371.11546
432.49118
510.68125
612.81794
750.13282
941.0841
1218.2724
1641.1216
2327.3058
3548.7021
6194.7821
15917.388
93065.286
74.708498
83.380189
96.487536
110.62184
126.53569
145.48072
167.39984
191.32982
217.56356
247.02247
281.08889
321.57713
370.87782
432.27545
510.50119
612.68668
750.06527
941.10198
1218.4027
1641.4202
2327.9021
3549.8589
6196.7171
15919.057
93065.348
75.281171
83.828319
96.804331
110.82123
126.72926
145.6717
167.47272
191.28826
217.43099
246.82805
280.85999
321.33689
370.64511
432.06576
510.32792
612.56272
750.00537
941.12764
1218.5409
1641.7269
2328.5063
3551.0224
6198.6569
15920.729
93065.41
75.820109
84.239256
97.093293
111.00617
126.91592
145.84904
167.52733
191.2329
217.2907
246.63093
280.63196
321.09992
370.41726
431.86199
510.16129
612.4459
749.95291
941.16088
1218.6869
1642.0415
2329.1182
3552.1925
6200.601
15922.404
93065.472
76.325025
84.61385
97.355816
111.17773
127.09495
146.01159
167.56483
191.16439
217.14293
246.43119
280.40481
320.86618
370.19418
431.66401
510.00114
612.33602
749.90771
941.20152
1218.8404
1642.3638
2329.7375
3553.3688
6202.5493
15924.081
93065.534
76.795974
84.953263
97.593267
111.33686
127.26585
146.15854
167.586
191.08332
216.98794
246.22891
280.17853
320.63562
369.97578
431.47169
509.84731
612.23291
749.86958
941.24936
1219.0014
1642.6937
2330.3641
3554.5513
6204.5017
15925.761
93065.597
77.233362
85.258963
97.806984
111.48449
127.42827
146.28931
167.5914
190.99017
216.82597
246.02416
279.95312
320.40817
369.76195
431.28491
509.69965
612.13641
749.83834
941.30423
1219.1695
1643.0309
2330.9978
3555.7397
6206.4578
15927.442
93065.659
77.637971
85.532728
97.998267
111.62149
127.58193
146.40352
167.58148
190.88538
216.65721
245.817
279.72855
320.18377
369.55261
431.10354
509.55801
612.04634
749.81381
941.36594
1219.3447
1643.3753
2331.6384
3556.9338
6208.4176
15929.126
93065.722
78.015831
85.78374
98.165081
111.74858
127.72648
146.50094
167.55657
190.76929
216.48184
245.60747
279.5048
319.96234
369.34765
430.92744
509.42224
611.96255
749.79584
941.43435
1219.5268
1643.7267
2332.2857
3558.1335
6210.3808
15930.812
93065.784
78.372649
86.018981
98.306708
111.86639
127.86153
146.58146
167.517
190.64222
216.30003
245.3956
279.28183
319.74382
369.14697
430.75651
509.29221
611.88488
749.78426
941.50929
1219.7156
1644.0849
2332.9397
3559.3385
6212.3473
15932.499
93065.847
78.709143
86.237402
98.427096
111.97923
127.99042
146.64162
167.46257
190.50435
216.11186
245.1814
279.05958
319.52812
368.95046
430.59061
509.16777
611.8132
749.77894
941.59064
1219.911
1644.45
2333.6002
3560.549
6214.3168
15934.189
93065.909
79.025851
86.438639
98.529206
112.08652
128.11109
146.68334
167.39382
190.35595
215.91749
244.96486
278.83795
319.3151
368.75796
430.42957
509.04874
611.74729
749.77963
941.67815
1220.1127
1644.8215
2334.2668
3561.7641
6216.2888
15935.879
93065.972
79.323216
86.62264
98.614756
112.18598
128.21828
146.70925
167.31602
190.19701
215.71622
244.74569
278.61685
319.10465
368.56934
430.27323
508.93493
611.68693
749.7861
941.77152
1220.3204
1645.1989
2334.9389
3562.9834
6218.263
15937.571
93066.035
79.601647
86.789621
98.685094
112.27636
128.31204
146.72194
167.22883
190.02773
215.50749
244.52341
278.39608
318.89671
368.38453
430.12148
508.82621
611.63201
749.79825
941.87068
1220.534
1645.5823
2335.6167
3564.2073
6220.2402
15939.266
93066.098
79.861562
86.940037
98.74146
112.35706
128.3925
146.72279
167.13229
189.84858
215.29103
244.29749
278.1753
318.69114
368.20344
429.97423
508.72248
611.58241
749.81594
941.97551
1220.7534
1645.9718
2336.3004
3565.4362
6222.2204
15940.962
93066.161
80.103425
87.07456
98.785099
112.42789
128.45978
146.71257
167.02659
189.66016
215.06688
244.06749
277.95409
318.48771
368.02597
429.83139
508.62362
611.53799
749.83906
942.08593
1220.9787
1646.3673
2336.9901
3566.67
6224.2033
15942.66
93066.224
80.327773
87.194051
98.817288
112.48885
128.51404
146.69175
166.91194
189.46298
214.83531
243.83318
277.73204
318.28609
367.85193
429.69285
508.52952
611.49863
749.86747
942.20182
1221.2097
1646.7688
2337.6857
3567.9085
6226.1883
15944.358
93066.287
80.535226
87.299513
98.839276
112.53995
128.55495
146.65883
166.7889
189.25992
214.5966
243.59413
277.50866
318.08591
367.68107
429.55841
508.43999
611.46411
749.90093
942.32294
1221.4461
1647.176
2338.3866
3569.1508
6228.1745
15946.058
93066.35
80.726488
87.392027
98.852204
112.58096
128.58161
146.61182
166.65898
189.05493
214.35098
243.34928
277.28314
317.88673
367.51314
429.42792
508.35489
611.4343
749.93931
942.4491
1221.6878
1647.5885
2339.0925
3570.3967
6230.1624
15947.758
93066.413
80.902342
87.472726
98.857148
112.61168
128.59384
146.55261
166.52349
188.84731
214.09902
243.09806
277.05449
317.68788
367.34788
429.30132
508.27425
611.40919
749.98254
942.58028
1221.9348
1648.0065
2339.8038
3571.647
6232.1527
15949.461
93066.476
81.063698
87.543116
98.85796
112.63496
128.58957
146.48235
166.38289
188.63648
213.84118
242.84053
276.82223
317.48885
367.18489
429.17822
508.19771
611.38864
750.03069
942.71653
1222.187
1648.43
2340.5204
3572.9015
6234.1442
15951.163
93066.539
81.211548
87.604574
98.855097
112.64982
128.57009
146.40056
166.23316
188.42352
213.58419
242.57695
276.5845
317.28721
367.0216
429.05973
508.12897
611.37263
750.08225
942.85666
1222.4438
1648.8584
2341.2417
3574.159
6236.1363
15952.866
93066.603
81.347353
87.660822
98.851651
112.65313
128.53643
146.30735
166.07548
188.20988
213.32827
242.30746
276.33909
317.0802
366.85979
428.94909
508.06671
611.36028
750.13612
942.9995
1222.7045
1649.2917
2341.9678
3575.42
6238.1298
15954.57
93066.666
81.472733
87.714315
98.848889
112.64364
128.48925
146.20312
165.91055
187.99312
213.07356
242.0371
276.08587
316.8676
366.69929
428.84427
508.00998
611.35157
750.19203
943.14429
1222.9682
1649.7292
2342.6988
3576.685
6240.1245
15956.274
93066.73
81.588985
87.764856
98.844899
112.62251
128.42924
146.08828
165.73831
187.77191
212.81949
241.76887
275.82685
316.64863
366.53988
428.74353
507.95796
611.34666
750.25026
943.29063
1223.2339
1650.1697
2343.4332
3577.9522
6242.1185
15957.978
93066.793
81.697131
87.812194
98.838299
112.59062
128.35708
145.96316
165.55866
187.54573
212.56128
241.49793
275.56897
316.43228
366.38151
428.64342
507.90781
611.34383
750.30997
943.43826
1223.5012
1650.6123
2344.1698
3579.2206
6244.112
15959.683
93066.857
81.797961
87.85607
98.828093
112.54865
128.2734
145.8281
165.37166
187.31474
212.30065
241.22756
275.31409
316.21759
366.22128
428.53987
507.85807
611.34448
750.36901
943.58439
1223.7685
1651.0568
2344.9096
3580.4922
6246.1073
15961.39
93066.921
81.892082
87.896232
98.813564
112.49713
128.17879
145.68349
165.1776
187.07955
212.03897
240.95941
275.06283
316.00451
366.05941
428.43359
507.8075
611.34492
750.42521
943.72685
1224.0341
1651.5028
2345.6536
3581.7687
6248.1044
15963.098
93066.984
81.979949
87.932453
98.794208
112.4365
128.07384
145.52979
164.97696
186.84087
211.77724
240.69415
274.81539
315.79349
365.89697
428.32543
507.75529
611.34316
750.47722
943.86458
1224.2969
1651.9496
2346.4019
3583.0499
6250.1009
15964.803
93067.048
82.061898
87.964533
98.76968
112.36718
127.9591
145.36752
164.7703
186.59941
211.51609
240.43206
274.5718
315.585
365.73499
428.21623
507.70127
611.33845
750.52468
943.9974
1224.5567
1652.3971
2347.1544
3584.335
6252.0943
15966.504
93067.111
82.138177
87.992303
98.739759
112.28954
127.83515
145.19729
164.55825
186.35578
211.25594
240.17322
274.33208
315.37943
365.57426
428.10675
507.64575
611.33095
750.5681
944.12604
1224.8141
1652.8458
2347.9111
3585.6232
6254.0816
15968.197
93067.175
82.208959
88.015623
98.704319
112.20395
127.70256
145.01969
164.3414
186.11047
210.99706
239.91766
274.09624
315.17706
365.41538
427.99764
507.58926
611.32131
750.6086
944.25186
1225.0706
1653.2966
2348.6726
3586.9136
6256.0596
15969.88
93067.238
82.274369
88.034384
98.663315
112.11079
127.56192
144.83535
164.12031
185.86391
210.73964
239.66538
273.86427
314.97806
365.25875
427.88948
507.53246
611.31053
750.6477
944.37665
1225.3277
1653.7508
2349.4394
3588.2053
6258.0254
15971.549
93067.3
82.334491
88.048508
98.616764
112.01044
127.41379
144.64487
163.89552
185.61647
210.48384
239.41636
273.63614
314.78257
365.1047
427.78276
507.47607
611.2997
750.68703
944.50237
1225.5874
1654.2101
2350.2122
3589.4975
6259.9761
15973.202
93067.363
82.389386
88.057939
98.564732
111.9033
127.25876
144.44883
163.66752
185.36844
210.22976
239.17056
273.41181
314.59066
364.95351
427.67797
507.42081
611.28989
750.72815
944.63105
1225.8518
1654.6761
2350.9916
3590.789
6261.9089
15974.837
93067.425
82.439096
88.062651
98.507331
111.78976
127.09736
144.2478
163.43676
185.12011
209.97747
238.92796
273.19124
314.40233
364.80521
427.57508
507.36645
611.28278
750.77468
944.76438
1226.1218
1655.1493
2351.7774
3592.0785
6263.8213
15976.451
93067.486
82.483657
88.062641
98.444702
111.67022
126.93014
144.0423
163.20364
184.87172
209.72706
238.68849
272.97428
314.2174
364.65953
427.47372
507.31294
611.281
750.83119
944.90385
1226.3967
1655.6286
2352.5685
3593.3644
6265.7115
15978.044
93067.547
82.5231
88.057926
98.377016
111.54508
126.75761
143.83285
162.96857
184.62348
209.47857
238.45207
272.76081
314.03577
364.51664
427.37484
507.26283
611.28562
750.8966
945.05135
1226.678
1656.1138
2353.3635
3594.6451
6267.5778
15979.614
93067.607
82.557459
88.048547
98.304463
111.41473
126.58029
143.61991
162.7319
184.37558
209.23201
238.21863
272.55073
313.8575
364.37692
427.27937
507.21727
611.29683
750.97078
945.20846
1226.9678
1656.6058
2354.1619
3595.9188
6269.4184
15981.161
93067.666
82.586773
88.03456
98.227248
111.27956
126.39864
143.40393
162.49394
184.1282
208.98744
237.98812
272.34403
313.68271
364.24079
427.18795
507.17684
611.31476
751.05381
945.37616
1227.268
1657.1062
2354.9636
3597.1843
6271.2318
15982.683
93067.725
82.611088
88.016039
98.14559
111.13996
126.21313
143.18534
162.25502
183.8815
208.74489
237.76052
272.14072
313.51156
364.10859
427.10103
507.1419
611.33958
751.14584
945.55497
1227.5795
1657.6157
2355.7687
3598.4407
6273.0169
15984.179
93067.784
82.630458
87.993074
98.059712
110.99629
126.02419
142.96452
162.01541
183.63562
208.50441
237.53585
271.94086
313.34423
363.98059
427.01893
507.11269
611.37142
751.24694
945.74504
1227.9027
1658.1345
2356.5769
3599.6871
6274.7734
15985.651
93067.842
82.644949
87.965766
97.969846
110.84893
125.83223
142.74186
161.77539
183.39074
208.26607
237.31416
271.74454
313.18085
363.85702
426.94188
507.08942
611.41041
751.35713
945.94626
1228.2374
1658.6624
2357.3874
3600.9228
6276.5013
15987.098
93067.899
82.654636
87.934228
97.876223
110.69822
125.63765
142.51771
161.53522
183.147
208.02997
237.0955
271.55184
313.02157
363.73804
426.87006
507.07223
611.4566
751.47629
946.15831
1228.5829
1659.1983
2358.1991
3602.1467
6278.2007
15988.521
93067.956
82.659602
87.898584
97.779075
110.54451
125.44083
142.29239
161.29513
182.90457
207.79618
236.87995
271.36284
312.86651
363.62381
426.80362
507.0612
611.50998
751.60426
946.38073
1228.9386
1659.7414
2359.0109
3603.3581
6279.8721
15989.921
93068.012
82.659945
87.858965
97.678634
110.3881
125.2421
142.06622
161.05538
182.6636
207.56482
236.66758
271.17764
312.71578
363.51446
426.74266
507.05639
611.5705
751.74074
946.61294
1229.3035
1660.2904
2359.8215
3604.5563
6281.5161
15991.299
93068.068
82.655768
87.815508
97.575127
110.22932
125.04182
141.83951
160.8162
182.42426
207.336
236.4585
270.99633
312.56948
363.41007
426.68726
507.05782
611.63805
751.88543
946.85431
1229.6768
1660.8441
2360.6299
3605.7409
6283.1332
15992.656
93068.123
82.647184
87.768359
97.468779
110.06846
124.8403
141.61254
160.5778
182.1867
207.10983
236.25278
270.81899
312.4277
363.31073
426.63746
507.06544
611.71247
752.03792
947.10416
1230.0574
1661.4016
2361.4351
3606.9114
6284.7242
15993.992
93068.178
82.634316
87.717665
97.359809
109.90581
124.63783
141.38559
160.34042
181.95109
206.88643
236.05054
270.64572
312.29051
363.21649
426.59328
507.07919
611.79355
752.19782
947.3618
1230.4444
1661.9618
2362.2363
3608.0677
6286.2897
15995.308
93068.233
82.61729
87.663579
97.248433
109.74163
124.43472
141.15891
160.10425
181.71759
206.66592
235.85186
270.47659
312.15799
363.1274
426.5547
507.09898
611.88107
752.3647
947.62657
1230.8371
1662.5238
2363.0329
3609.2095
6287.8304
15996.606
93068.287
82.596243
87.606256
97.134858
109.57619
124.23122
140.93275
159.86949
181.48634
206.44843
235.65684
270.31169
312.03019
363.04349
426.52169
507.12468
611.97478
752.53811
947.89781
1231.2346
1663.0869
2363.8242
3610.337
6289.3469
15997.885
93068.34
82.571312
87.545851
97.019288
109.40973
124.02761
140.70734
159.63636
181.25752
206.23407
235.46557
270.15108
311.90716
362.96475
426.49419
507.15616
612.07443
752.71763
948.17491
1231.6361
1663.6503
2364.6099
3611.45
6290.8398
15999.147
93068.394
82.542644
87.482524
96.90192
109.24248
123.82411
140.48292
159.40503
181.03126
206.02295
235.27815
269.99483
311.78893
362.89117
426.47214
507.19325
612.17973
752.90284
948.45727
1232.0411
1664.2134
2365.3895
3612.5486
6292.3098
16000.391
93068.447
82.510384
87.41643
96.782944
109.07467
123.62096
140.25969
159.17569
180.80772
205.8152
235.09466
269.843
311.67552
362.82274
426.45545
507.23578
612.29041
753.09332
948.74436
1232.4489
1664.7758
2366.1627
3613.6329
6293.7574
16001.619
93068.499
82.474684
87.347728
96.662544
108.90651
123.41838
140.03786
158.94851
180.58704
205.61093
234.91519
269.69564
311.56695
362.75941
426.44401
507.28359
612.40621
753.28868
949.03567
1232.859
1665.3369
2366.9293
3614.7032
6295.1831
16002.83
93068.552
82.435697
87.276576
96.540899
108.7382
123.21658
139.81762
158.72365
180.36934
205.41023
234.73979
269.55278
311.46322
362.70114
426.43773
507.33648
612.52686
753.48855
949.33072
1233.2708
1665.8963
2367.6891
3615.7593
6296.5875
16004.026
93068.604
82.393575
87.203128
96.418181
108.56993
123.01575
139.59916
158.50129
180.15477
205.21321
234.56855
269.41447
311.36431
362.64788
426.43648
507.39427
612.65209
753.69258
949.62908
1233.684
1666.4537
2368.442
3616.8016
6297.9711
16005.206
93068.655
82.348473
87.127538
96.294555
108.40188
122.81608
139.38264
158.28156
179.94344
205.01996
234.40153
269.28072
311.27023
362.59956
426.44015
507.45678
612.78165
753.90044
949.93035
1234.0981
1667.0088
2369.1877
3617.8302
6299.3342
16006.371
93068.707
82.300547
87.049959
96.170181
108.23422
122.61774
139.16824
158.0646
179.73547
204.83057
234.23878
269.15157
311.18094
362.55611
426.44862
507.52384
612.91531
754.11181
950.23417
1234.5127
1667.5612
2369.9262
3618.8453
6300.6775
16007.522
93068.758
82.249949
86.970541
96.045213
108.06711
122.42088
138.95609
157.85056
179.53097
204.64512
234.08035
269.02701
311.09642
362.51746
426.46175
507.59525
613.05282
754.32641
950.5402
1234.9276
1668.1108
2370.6575
3619.847
6302.0012
16008.658
93068.808
82.196834
86.88943
95.919798
107.90071
122.22568
138.74635
157.63956
179.33003
204.46368
233.92627
268.90706
311.01663
362.48352
426.47943
507.67085
613.19397
754.54396
950.84811
1235.3424
1668.6573
2371.3814
3620.8354
6303.3059
16009.78
93068.859
82.141352
86.806772
95.79408
107.73516
122.03227
138.53916
157.43172
179.13276
204.28631
233.77659
268.79171
310.94153
362.45422
426.50153
507.75047
613.33854
754.7642
951.15763
1235.7569
1669.2005
2372.0979
3621.8108
6304.5919
16010.889
93068.909
82.083654
86.722707
95.668195
107.5706
121.84078
138.33463
157.22714
178.93924
204.11308
233.63134
268.68097
310.87108
362.42948
426.52791
507.83394
613.48634
754.98689
951.46849
1236.1709
1669.7403
2372.807
3622.7734
6305.8597
16011.985
93068.959
82.023888
86.637375
95.542273
107.40716
121.65134
138.13289
157.02592
178.74955
203.94404
233.49052
268.5748
310.80522
362.40919
426.55846
507.9211
613.63717
755.21181
951.78044
1236.584
1670.2765
2373.5087
3623.7233
6307.1096
16013.067
93069.009
81.9622
86.55091
95.416441
107.24496
121.46408
137.93404
156.82817
178.56376
203.77923
233.35416
268.47321
310.74391
362.39328
426.59306
508.0118
613.79085
755.43875
952.09326
1236.9961
1670.809
2374.2029
3624.6606
6308.3421
16014.137
93069.058
81.898731
86.463444
95.290819
107.08411
121.27909
137.73819
156.63395
178.38193
203.61869
233.22228
268.37616
310.68709
362.38166
426.63157
508.10588
613.9472
755.66751
952.40672
1237.407
1671.3376
2374.8897
3625.5857
6309.5574
16015.194
93069.107
81.833624
86.375104
95.165523
106.92473
121.09649
137.54542
156.44336
178.20412
203.46246
233.09486
268.28362
310.6347
362.37423
426.67389
508.20321
614.10606
755.8979
952.72064
1237.8166
1671.8623
2375.569
3626.4985
6310.756
16016.239
93069.156
81.767014
86.286016
95.040662
106.76691
120.91636
137.35582
156.25646
178.03038
203.31055
232.97191
268.19557
310.58668
362.37091
426.7199
508.30364
614.26727
756.12975
953.03484
1238.2246
1672.383
2376.2409
3627.3994
6311.9383
16017.273
93069.205
81.699035
86.1963
94.916341
106.61075
120.7388
137.16947
156.0733
177.86075
203.16299
232.85342
268.11198
310.54296
362.37161
426.76948
508.40704
614.43068
756.36289
953.34913
1238.631
1672.8996
2376.9054
3628.2885
6313.1045
16018.294
93069.253
81.629818
86.106074
94.792662
106.45634
120.56388
136.98644
155.89396
177.69527
203.01979
232.73939
268.03279
310.50349
362.37623
426.82251
508.51327
614.59614
756.59717
953.66336
1239.0355
1673.4119
2377.5625
3629.166
6314.2551
16019.305
93069.302
81.559491
86.015449
94.66972
106.30376
120.39167
136.80678
155.71847
177.53397
202.88097
232.62978
267.95798
310.46818
362.38468
426.8789
508.62222
614.76353
756.83243
953.97737
1239.4381
1673.92
2378.2123
3630.032
6315.3904
16020.304
93069.35
81.488176
85.924537
94.547607
106.15309
120.22225
136.63056
155.54688
177.37688
202.74651
232.5246
267.88749
310.43698
362.39688
426.93853
508.73376
614.9327
757.06853
954.29103
1239.8387
1674.4237
2378.8547
3630.8868
6316.5108
16021.293
93069.397
81.415993
85.833441
94.426408
106.0044
120.05568
136.45783
155.37921
177.224
202.61642
232.42379
267.82128
310.40982
362.41274
427.0013
508.84778
615.10354
757.30535
954.6042
1240.2371
1674.923
2379.4899
3631.7304
6317.6166
16022.272
93069.445
81.34306
85.742266
94.306206
105.85776
119.892
136.28862
155.21551
177.07535
202.49069
232.32735
267.75929
310.38662
362.43216
427.0671
508.96415
615.27592
757.54275
954.91674
1240.6332
1675.418
2380.1178
3632.5632
6318.7081
16023.24
93069.492
81.269487
85.651107
94.187078
105.71323
119.73127
136.12297
155.05579
176.93094
202.36931
232.23523
267.70148
310.36732
362.45506
427.13583
509.08277
615.44972
757.78062
955.22855
1241.027
1675.9084
2380.7385
3633.3852
6319.7857
16024.198
93069.54
81.195384
85.56006
94.0691
105.57086
119.57353
135.96092
154.90007
176.79077
202.25226
232.14741
267.6478
310.35183
362.48136
427.20739
509.20353
615.62483
758.01883
955.53951
1241.4183
1676.3943
2381.3521
3634.1967
6320.8498
16025.147
93069.587
81.120856
85.469215
93.952339
105.43071
119.41882
135.80249
154.74837
176.65483
202.13953
232.06384
267.59817
310.34009
362.51095
427.28169
509.32632
615.80115
758.25728
955.84951
1241.8071
1676.8757
2381.9585
3634.9979
6321.9006
16026.086
93069.634
81.046005
85.378658
93.836862
105.29283
119.26717
135.6477
154.60068
176.52312
202.03108
231.98447
267.55255
310.33203
362.54377
427.35862
509.45105
615.97857
758.49586
956.15845
1242.1932
1677.3525
2382.558
3635.7889
6322.9386
16027.016
93069.68
80.970927
85.288473
93.722731
105.15725
119.11862
135.49657
154.45701
176.39562
201.92688
231.90927
267.51087
310.32756
362.57971
427.4381
509.57762
616.15699
758.73447
956.46623
1242.5767
1677.8247
2383.1504
3636.5699
6323.964
16027.937
93069.727
80.895717
85.198739
93.610003
105.02403
118.97318
135.3491
154.31737
176.27233
201.82692
231.83819
267.47307
310.32661
362.6187
427.52002
509.70592
616.33632
758.97301
956.77277
1242.9574
1678.2923
2383.736
3637.3411
6324.9772
16028.849
93069.773
80.820464
85.109532
93.498732
104.89318
118.83087
135.20531
154.18173
176.15321
201.73114
231.77117
267.43909
310.32911
362.66065
427.60431
509.83587
616.51645
759.2114
957.07797
1243.3354
1678.7553
2384.3147
3638.1027
6325.9784
16029.753
93069.819
80.745255
85.020924
93.38897
104.76475
118.69171
135.06519
154.0501
176.03824
201.63952
231.70817
267.40887
310.33499
362.70548
427.69087
509.96737
616.69731
759.44953
957.38176
1243.7104
1679.2137
2384.8867
3638.8549
6326.9681
16030.649
93069.865
80.670174
84.932984
93.280764
104.63876
118.55572
134.92874
153.92245
175.9274
201.552
231.64914
267.38233
310.34415
362.75309
427.7796
510.10033
616.8788
759.68734
957.68406
1244.0826
1679.6675
2385.4519
3639.5979
6327.9466
16031.537
93069.911
80.595298
84.845777
93.174158
104.51523
118.42289
134.79597
153.79877
175.82065
201.46855
231.594
267.3594
310.35654
362.80342
427.87044
510.23467
617.06084
759.92473
957.98479
1244.4518
1680.1166
2386.0105
3640.3318
6328.9141
16032.418
93069.957
80.520705
84.759365
93.069192
104.39419
118.29324
134.66685
153.67904
175.71796
201.38913
231.54272
267.34003
310.37207
362.85637
427.96328
510.37031
617.24334
760.16163
958.2839
1244.818
1680.5611
2386.5626
3641.0569
6329.8709
16033.291
93070.003
80.446465
84.673807
92.965905
104.27566
118.16677
134.54138
153.56323
175.61929
201.31367
231.49522
267.32414
310.39066
362.91187
428.05805
510.50715
617.42624
760.39796
958.5813
1245.1812
1681.0011
2387.1083
3641.7733
6330.8174
16034.156
93070.048
80.37265
84.589159
92.86433
104.15964
118.04347
134.41954
153.45131
175.52461
201.24214
231.45144
267.31167
310.41224
362.96983
428.15466
510.64512
617.60945
760.63367
958.87696
1245.5413
1681.4364
2387.6475
3642.4812
6331.7539
16035.015
93070.094
80.299323
84.505473
92.764499
104.04616
117.92334
134.30131
153.34326
175.43387
201.17448
231.41133
267.30253
310.43673
363.03017
428.25303
510.78414
617.79289
760.86866
959.1708
1245.8983
1681.8671
2388.1805
3643.1808
6332.6806
16035.867
93070.139
80.226548
84.422799
92.666442
103.93521
117.80637
134.18667
153.23904
175.34702
201.11063
231.37483
267.29666
310.46406
363.09282
428.35308
510.92414
617.97651
761.10289
959.46278
1246.2521
1682.2933
2388.7073
3643.8724
6333.5979
16036.712
93070.184
80.154383
84.341182
92.570183
103.82681
117.69255
134.0756
153.13861
175.26403
201.05054
231.34185
267.29399
310.49414
363.15769
428.45474
511.06503
618.16022
761.3363
959.75285
1246.6029
1682.715
2389.2279
3644.556
6334.506
16037.551
93070.229
80.082885
84.260668
92.475748
103.72096
117.58187
133.96808
153.04193
175.18484
200.99415
231.31235
267.29445
310.52691
363.22471
428.55793
511.20674
618.34397
761.56881
960.04096
1246.9505
1683.1322
2389.7426
3645.2319
6335.4053
16038.384
93070.274
80.012108
84.181296
92.383156
103.61766
117.47431
133.86406
152.94897
175.1094
200.9414
231.28625
267.29797
310.56228
363.2938
428.66257
511.34922
618.52768
761.80039
960.32708
1247.2949
1683.5449
2390.2513
3645.9002
6336.2959
16039.211
93070.319
79.9421
84.103104
92.292427
103.51691
117.36986
133.76353
152.85969
175.03766
200.89223
231.26349
267.30446
310.60018
363.36488
428.76858
511.49237
618.71131
762.03096
960.61116
1247.6361
1683.9531
2390.7542
3646.5611
6337.1782
16040.033
93070.363
79.872911
84.026129
92.203575
103.41871
117.2685
133.66644
152.77404
174.96957
200.84659
231.24399
267.31386
310.64054
363.43788
428.8759
511.63614
618.89478
762.2605
960.89317
1247.9741
1684.3569
2391.2513
3647.2149
6338.0524
16040.848
93070.408
79.804583
83.950403
92.116617
103.32305
117.1702
133.57277
152.69197
174.90507
200.8044
231.2277
267.3261
310.68327
363.51272
428.98446
511.78046
619.07803
762.48894
961.17308
1248.3089
1684.7564
2391.7428
3647.8616
6338.9189
16041.659
93070.452
79.73716
83.875956
92.031562
103.22992
117.07495
133.48248
152.61344
174.84411
200.7656
231.21454
267.3411
310.72832
363.58933
429.09417
511.92527
619.26103
762.71625
961.45085
1248.6405
1685.1516
2392.2288
3648.5015
6339.7777
16042.464
93070.497
79.670681
83.802817
91.948422
103.13932
116.98271
133.39553
152.5384
174.78663
200.73014
231.20444
267.35879
310.77559
363.66764
429.20498
512.07051
619.4437
762.94238
961.72648
1248.969
1685.5424
2392.7093
3649.1347
6340.6292
16043.264
93070.541
79.605182
83.731012
91.867204
103.05124
116.89347
133.31188
152.4668
174.73257
200.69794
231.19733
267.37911
310.82502
363.74757
429.31681
512.21611
619.62601
763.1673
961.99992
1249.2942
1685.9291
2393.1845
3649.7615
6341.4737
16044.059
93070.586
79.540698
83.660564
91.787913
102.96566
116.80719
133.23149
152.3986
174.68187
200.66895
231.19314
267.40196
310.87654
363.82906
429.42961
512.36201
619.8079
763.39096
962.27117
1249.6163
1686.3115
2393.6545
3650.3819
6342.3113
16044.85
93070.63
79.47726
83.591495
91.710554
102.88257
116.72384
133.15432
152.33373
174.63448
200.64309
231.19181
267.42729
310.93008
363.91203
429.5433
512.50816
619.98932
763.61333
962.5402
1249.9352
1686.6898
2394.1193
3650.9961
6343.1423
16045.636
93070.674
79.414899
83.523825
91.63513
102.80196
116.6434
133.08034
152.27215
174.59034
200.6203
231.19326
267.45503
310.98555
363.99642
429.65782
512.65451
620.17024
763.83439
962.807
1250.2509
1687.064
2394.579
3651.6044
6343.9669
16046.418
93070.718
79.353642
83.45757
91.561641
102.7238
116.56584
133.00948
152.2138
174.54937
200.60052
231.19743
267.48509
311.0429
364.08216
429.77312
512.80099
620.3506
764.05409
963.07156
1250.5635
1687.4342
2395.0339
3652.2068
6344.7853
16047.196
93070.762
79.293514
83.392746
91.490086
102.64809
116.49112
132.94172
152.15863
174.51153
200.58367
231.20424
267.51742
311.10205
364.16918
429.88913
512.94757
620.53037
764.27243
963.33389
1250.873
1687.8003
2395.4838
3652.8035
6345.5978
16047.969
93070.806
79.234539
83.329367
91.420463
102.5748
116.4192
132.877
152.10659
174.47676
200.56969
231.21362
267.55193
311.16294
364.25742
430.00578
513.09416
620.70952
764.48939
963.59399
1251.1794
1688.1626
2395.9291
3653.3947
6346.4044
16048.739
93070.85
79.176739
83.267445
91.352769
102.50391
116.35006
132.81528
152.05761
174.44498
200.55852
231.22551
267.58856
311.22545
364.34671
430.12281
513.24039
620.88833
764.70589
963.85183
1251.4823
1688.5207
2396.3696
3653.9805
6347.2055
16049.505
93070.894
79.120131
83.206991
91.286997
102.4354
116.28366
132.75651
152.01166
174.41614
200.55009
231.23982
267.6272
311.28948
364.43695
430.24018
513.38647
621.06698
764.92184
964.10745
1251.7816
1688.8744
2396.8052
3654.561
6348.0012
16050.267
93070.937
79.064736
83.148013
91.223143
102.36925
116.21996
132.70065
151.96866
174.39017
200.54431
231.25647
267.66777
311.35495
364.5281
430.35796
513.53256
621.24542
765.13701
964.361
1252.0775
1689.2237
2397.2358
3655.1362
6348.7916
16051.026
93070.981
79.010567
83.090519
91.161199
102.30544
116.15892
132.64764
151.92856
174.36701
200.54112
231.27539
267.71019
311.42179
364.62014
430.47619
513.67871
621.42354
765.35126
964.61259
1252.3702
1689.5689
2397.6618
3655.7062
6349.5769
16051.782
93071.025
78.95764
83.034513
91.101156
102.24394
116.10052
132.59744
151.8913
174.34658
200.54045
231.29649
267.75439
311.48998
364.71307
430.59487
513.82489
621.60124
765.56447
964.86229
1252.6601
1689.9104
2398.0833
3656.2713
6350.3569
16052.533
93071.068
78.905967
82.980001
91.043003
102.18472
116.04471
132.55001
151.85683
174.32883
200.54222
231.31971
267.80032
311.55946
364.80685
430.71396
513.97106
621.77844
765.77656
965.11014
1252.9473
1690.2483
2398.5007
3656.8317
6351.1319
16053.281
93071.112
78.855559
82.926985
90.986731
102.12777
115.99144
132.50527
151.82508
174.31368
200.54637
231.34499
267.84792
311.63019
364.90145
430.83345
514.11716
621.95507
765.98748
965.35614
1253.2319
1690.5831
2398.9142
3657.3874
6351.9019
16054.026
93071.155
78.806426
82.875467
90.932327
102.07306
115.94069
132.4632
151.79599
174.30108
200.55282
231.37225
267.89713
311.70213
364.99684
430.95328
514.26315
622.13106
766.19717
965.60029
1253.514
1690.9146
2399.3238
3657.9387
6352.6672
16054.767
93071.199
78.758575
82.825447
90.879778
102.02055
115.89241
132.42373
151.76951
174.29095
200.56152
231.40145
267.9479
311.77523
365.09296
431.07342
514.40898
622.30637
766.40559
965.84257
1253.7937
1691.2431
2399.7297
3658.4855
6353.4278
16055.505
93071.242
78.712015
82.776925
90.829071
101.97022
115.84656
132.38682
151.74557
174.28324
200.57239
231.43251
268.00019
311.84944
365.18978
431.19381
514.55461
622.48095
766.61269
966.08295
1254.0709
1691.5685
2400.132
3659.0282
6354.184
16056.24
93071.286
78.666749
82.729897
90.78019
101.92205
115.8031
132.35241
151.72412
174.27787
200.58539
231.46539
268.05392
311.92471
365.28724
431.31441
514.69998
622.65475
766.81843
966.3214
1254.3456
1691.8909
2400.5306
3659.5666
6354.9359
16056.972
93071.329
78.622782
82.684363
90.73312
101.876
115.76199
132.32045
151.7051
174.2748
200.60045
231.50003
268.10906
312.001
365.3853
431.43518
514.84506
622.82774
767.02277
966.55789
1254.6178
1692.2102
2400.9256
3660.101
6355.6837
16057.701
93071.372
78.580118
82.640316
90.687845
101.83204
115.72319
132.29089
151.68846
174.27396
200.6175
231.53636
268.16555
312.07825
365.48392
431.55607
514.9898
622.99987
767.22568
966.79239
1254.8874
1692.5265
2401.3171
3660.6314
6356.4276
16058.427
93071.416
78.538757
82.597751
90.644347
101.79014
115.68665
132.26369
151.67413
174.2753
200.6365
231.57434
268.22333
312.15641
365.58304
431.67704
515.13417
623.1711
767.42711
967.02487
1255.1546
1692.8397
2401.705
3661.158
6357.1678
16059.151
93071.459
78.498701
82.556664
90.602609
101.75028
115.65233
132.23879
151.66206
174.27875
200.65739
231.6139
268.28235
312.23543
365.68263
431.79805
515.27811
623.34139
767.62704
967.25531
1255.4192
1693.1499
2402.0896
3661.6808
6357.9044
16059.873
93071.502
78.459948
82.517046
90.562612
101.71241
115.6202
132.21614
151.6522
174.28427
200.6801
231.655
268.34256
312.31527
365.78263
431.91904
515.4216
623.51071
767.82543
967.48369
1255.6812
1693.4572
2402.4708
3662.2
6358.6377
16060.592
93071.545
78.422498
82.478889
90.524337
101.67652
115.59021
132.1957
151.6445
174.29179
200.70458
231.69757
268.40391
312.39588
365.883
432.03999
515.56459
623.67903
768.02226
967.70999
1255.9407
1693.7615
2402.8486
3662.7157
6359.3677
16061.309
93071.588
78.386348
82.442185
90.487764
101.64257
115.56232
132.17741
151.63889
174.30125
200.73079
231.74157
268.46635
312.4772
365.98369
432.16085
515.70705
623.84631
768.2175
967.93421
1256.1977
1694.0629
2403.2233
3663.228
6360.0946
16062.024
93071.631
78.351495
82.406926
90.452876
101.61053
115.53649
132.16123
151.63534
174.31262
200.75865
231.78694
268.52982
312.55919
366.08467
432.28157
515.84894
624.01253
768.41114
968.15635
1256.4522
1694.3614
2403.5948
3663.7371
6360.8185
16062.737
93071.675
78.317929
82.373094
90.419644
101.58037
115.51268
132.1471
151.63377
174.3258
200.78811
231.8336
268.59425
312.64177
366.18583
432.40207
515.99016
624.17757
768.60306
968.37627
1256.7041
1694.6569
2403.963
3664.2426
6361.5392
16063.448
93071.718
78.285673
82.340707
90.388077
101.55207
115.49087
132.13501
151.63418
174.34081
200.81916
231.88158
268.65968
312.725
366.28728
432.52248
516.1309
624.34169
768.79359
968.59445
1256.9539
1694.9503
2404.3291
3664.7463
6362.2586
16064.158
93071.761
78.254594
82.309623
90.358011
101.52545
115.47084
132.1247
151.63626
174.3573
200.8514
231.9304
268.72554
312.80821
366.38823
432.64185
516.26999
624.50344
768.98086
968.80833
1257.1983
1695.2369
2404.687
3665.2409
6362.9693
16064.862
93071.804
78.225261
82.280417
90.330051
101.50117
115.45331
132.11699
151.64096
174.37635
200.88612
231.98158
268.79364
312.89355
366.49121
432.76322
516.41116
624.66746
769.17101
969.02656
1257.4495
1695.5335
2405.0583
3665.7512
6363.6972
16065.583
93071.847
78.194974
82.250287
90.301153
101.47582
115.43445
132.10749
151.64322
174.39214
200.91656
232.02726
268.85481
312.97029
366.5836
432.87151
516.5359
624.81008
769.33184
969.20309
1257.6406
1695.7458
2405.3196
3666.1349
6364.3106
16066.224
93071.891
78.169608
82.225337
90.277957
101.45687
115.42278
132.1061
151.65468
174.41843
200.95907
232.08699
268.9325
313.06664
366.69946
433.00817
516.69563
625.00105
769.56459
969.48435
1257.9871
1696.1921
2405.9263
3666.9936
6365.4671
16067.316
93071.936
)
;

boundaryField
{
    inlet
    {
        type            fixedValue;
        value           uniform 57.498891;
    }
    outlet
    {
        type            zeroGradient;
    }
    wall
    {
        blending        binomial2;
        n               2;
        beta1           0.075;
        type            omegaWallFunction;
        value           nonuniform List<scalar> 
250
(
93402.612
93109.26
93075.651
93069.158
93066.815
93064.785
93063.296
93062.345
93061.716
93061.311
93061.084
93060.981
93060.953
93060.959
93060.969
93060.965
93060.945
93060.913
93060.875
93060.836
93060.799
93060.767
93060.741
93060.721
93060.707
93060.698
93060.695
93060.697
93060.704
93060.714
93060.729
93060.746
93060.766
93060.788
93060.813
93060.84
93060.868
93060.897
93060.928
93060.959
93060.992
93061.026
93061.061
93061.097
93061.133
93061.17
93061.209
93061.247
93061.287
93061.327
93061.369
93061.41
93061.453
93061.496
93061.54
93061.584
93061.629
93061.675
93061.721
93061.768
93061.815
93061.863
93061.911
93061.96
93062.01
93062.059
93062.11
93062.161
93062.212
93062.263
93062.315
93062.368
93062.42
93062.474
93062.527
93062.581
93062.635
93062.689
93062.744
93062.799
93062.855
93062.91
93062.966
93063.022
93063.079
93063.135
93063.192
93063.249
93063.307
93063.364
93063.422
93063.48
93063.538
93063.596
93063.655
93063.713
93063.772
93063.831
93063.89
93063.95
93064.009
93064.069
93064.129
93064.188
93064.248
93064.309
93064.369
93064.429
93064.49
93064.55
93064.611
93064.672
93064.733
93064.794
93064.855
93064.916
93064.978
93065.039
93065.101
93065.163
93065.224
93065.286
93065.348
93065.41
93065.472
93065.534
93065.597
93065.659
93065.722
93065.784
93065.847
93065.909
93065.972
93066.035
93066.098
93066.161
93066.224
93066.287
93066.35
93066.413
93066.476
93066.539
93066.603
93066.666
93066.73
93066.793
93066.857
93066.921
93066.984
93067.048
93067.111
93067.175
93067.238
93067.3
93067.363
93067.425
93067.486
93067.547
93067.607
93067.666
93067.725
93067.784
93067.842
93067.899
93067.956
93068.012
93068.068
93068.123
93068.178
93068.233
93068.287
93068.34
93068.394
93068.447
93068.499
93068.552
93068.604
93068.655
93068.707
93068.758
93068.808
93068.859
93068.909
93068.959
93069.009
93069.058
93069.107
93069.156
93069.205
93069.253
93069.302
93069.35
93069.397
93069.445
93069.492
93069.54
93069.587
93069.634
93069.68
93069.727
93069.773
93069.819
93069.865
93069.911
93069.957
93070.003
93070.048
93070.094
93070.139
93070.184
93070.229
93070.274
93070.319
93070.363
93070.408
93070.452
93070.497
93070.541
93070.586
93070.63
93070.674
93070.718
93070.762
93070.806
93070.85
93070.894
93070.937
93070.981
93071.025
93071.068
93071.112
93071.155
93071.199
93071.242
93071.286
93071.329
93071.372
93071.416
93071.459
93071.502
93071.545
93071.588
93071.631
93071.675
93071.718
93071.761
93071.804
93071.847
93071.891
93071.936
)
;
    }
    front
    {
        type            wedge;
    }
    back
    {
        type            wedge;
    }
    axis
    {
        type            empty;
    }
}


// ************************************************************************* //
