/*--------------------------------*- C++ -*----------------------------------*\
| =========                 |                                                 |
| \\      /  F ield         | OpenFOAM: The Open Source CFD Toolbox           |
|  \\    /   O peration     | Version:  v2012                                 |
|   \\  /    A nd           | Website:  www.openfoam.com                      |
|    \\/     M anipulation  |                                                 |
\*---------------------------------------------------------------------------*/
FoamFile
{
    version     2.0;
    format      ascii;
    class       volScalarField;
    location    "2000";
    object      p;
}
// * * * * * * * * * * * * * * * * * * * * * * * * * * * * * * * * * * * * * //

dimensions      [1 -1 -2 0 0 0 0];


internalField   nonuniform List<scalar> 
6250
(
101334.49
101334.5
101334.51
101334.52
101334.54
101334.56
101334.59
101334.61
101334.64
101334.66
101334.69
101334.72
101334.74
101334.77
101334.8
101334.82
101334.85
101334.87
101334.89
101334.91
101334.93
101334.95
101334.97
101334.98
101335
101334.29
101334.29
101334.29
101334.28
101334.27
101334.27
101334.26
101334.25
101334.23
101334.22
101334.21
101334.19
101334.18
101334.17
101334.15
101334.14
101334.13
101334.11
101334.1
101334.09
101334.08
101334.06
101334.05
101334.05
101334.04
101334.09
101334.09
101334.09
101334.09
101334.08
101334.08
101334.07
101334.07
101334.06
101334.06
101334.05
101334.05
101334.04
101334.04
101334.04
101334.03
101334.03
101334.02
101334.02
101334.02
101334.01
101334.01
101334.01
101334.01
101334.01
101334.01
101334.01
101334.01
101334.01
101334.01
101334.01
101334.01
101334.01
101334.01
101334
101334
101334
101334
101334
101334
101334
101334
101334
101334
101334
101334
101333.99
101333.99
101333.99
101333.99
101333.93
101333.93
101333.93
101333.93
101333.92
101333.92
101333.92
101333.92
101333.92
101333.92
101333.92
101333.91
101333.91
101333.91
101333.91
101333.91
101333.91
101333.91
101333.91
101333.91
101333.91
101333.91
101333.91
101333.91
101333.91
101333.84
101333.84
101333.84
101333.84
101333.84
101333.84
101333.84
101333.84
101333.84
101333.84
101333.84
101333.83
101333.83
101333.83
101333.83
101333.83
101333.83
101333.83
101333.83
101333.83
101333.83
101333.83
101333.83
101333.83
101333.83
101333.77
101333.77
101333.77
101333.77
101333.77
101333.77
101333.77
101333.77
101333.77
101333.77
101333.77
101333.77
101333.77
101333.77
101333.77
101333.77
101333.77
101333.77
101333.77
101333.77
101333.77
101333.77
101333.77
101333.77
101333.77
101333.71
101333.71
101333.71
101333.71
101333.71
101333.71
101333.71
101333.71
101333.71
101333.71
101333.71
101333.71
101333.71
101333.71
101333.71
101333.71
101333.71
101333.71
101333.71
101333.71
101333.71
101333.71
101333.71
101333.71
101333.71
101333.66
101333.66
101333.66
101333.66
101333.65
101333.65
101333.65
101333.65
101333.65
101333.65
101333.65
101333.65
101333.65
101333.65
101333.65
101333.65
101333.65
101333.65
101333.65
101333.65
101333.65
101333.65
101333.65
101333.65
101333.65
101333.6
101333.6
101333.6
101333.6
101333.6
101333.6
101333.6
101333.6
101333.6
101333.6
101333.6
101333.6
101333.6
101333.6
101333.6
101333.6
101333.6
101333.6
101333.6
101333.6
101333.6
101333.6
101333.6
101333.6
101333.6
101333.55
101333.55
101333.55
101333.55
101333.55
101333.55
101333.55
101333.55
101333.55
101333.55
101333.55
101333.55
101333.55
101333.55
101333.55
101333.55
101333.55
101333.55
101333.55
101333.55
101333.55
101333.55
101333.55
101333.55
101333.55
101333.5
101333.5
101333.5
101333.5
101333.5
101333.5
101333.5
101333.5
101333.5
101333.5
101333.5
101333.5
101333.5
101333.5
101333.5
101333.5
101333.5
101333.5
101333.5
101333.5
101333.5
101333.5
101333.5
101333.5
101333.5
101333.46
101333.46
101333.46
101333.46
101333.46
101333.46
101333.46
101333.46
101333.46
101333.46
101333.46
101333.46
101333.46
101333.46
101333.46
101333.46
101333.46
101333.46
101333.46
101333.46
101333.45
101333.45
101333.45
101333.45
101333.45
101333.41
101333.41
101333.41
101333.41
101333.41
101333.41
101333.41
101333.41
101333.41
101333.41
101333.41
101333.41
101333.41
101333.41
101333.41
101333.41
101333.41
101333.41
101333.41
101333.41
101333.41
101333.41
101333.41
101333.41
101333.41
101333.37
101333.37
101333.37
101333.37
101333.37
101333.37
101333.37
101333.37
101333.37
101333.37
101333.37
101333.37
101333.37
101333.37
101333.37
101333.37
101333.37
101333.37
101333.37
101333.36
101333.36
101333.36
101333.36
101333.36
101333.36
101333.32
101333.32
101333.32
101333.32
101333.32
101333.32
101333.32
101333.32
101333.32
101333.32
101333.32
101333.32
101333.32
101333.32
101333.32
101333.32
101333.32
101333.32
101333.32
101333.32
101333.32
101333.32
101333.32
101333.32
101333.32
101333.28
101333.28
101333.28
101333.28
101333.28
101333.28
101333.28
101333.28
101333.28
101333.28
101333.28
101333.28
101333.28
101333.28
101333.28
101333.28
101333.28
101333.28
101333.28
101333.28
101333.28
101333.28
101333.28
101333.28
101333.28
101333.23
101333.23
101333.23
101333.23
101333.23
101333.23
101333.23
101333.23
101333.23
101333.23
101333.23
101333.23
101333.23
101333.23
101333.23
101333.23
101333.23
101333.23
101333.23
101333.23
101333.23
101333.23
101333.23
101333.23
101333.23
101333.19
101333.19
101333.19
101333.19
101333.19
101333.19
101333.19
101333.19
101333.19
101333.19
101333.19
101333.19
101333.19
101333.19
101333.19
101333.19
101333.19
101333.19
101333.19
101333.19
101333.19
101333.19
101333.19
101333.19
101333.19
101333.14
101333.14
101333.14
101333.14
101333.14
101333.14
101333.14
101333.14
101333.14
101333.14
101333.14
101333.14
101333.14
101333.14
101333.14
101333.14
101333.14
101333.14
101333.14
101333.14
101333.14
101333.14
101333.14
101333.14
101333.14
101333.1
101333.1
101333.1
101333.1
101333.1
101333.1
101333.1
101333.1
101333.1
101333.1
101333.1
101333.1
101333.1
101333.1
101333.1
101333.1
101333.1
101333.1
101333.1
101333.1
101333.1
101333.1
101333.1
101333.1
101333.1
101333.06
101333.06
101333.06
101333.06
101333.06
101333.06
101333.06
101333.06
101333.06
101333.06
101333.06
101333.06
101333.06
101333.06
101333.06
101333.06
101333.06
101333.06
101333.06
101333.06
101333.06
101333.06
101333.06
101333.06
101333.06
101333.02
101333.02
101333.02
101333.02
101333.02
101333.02
101333.02
101333.02
101333.02
101333.02
101333.02
101333.02
101333.02
101333.02
101333.02
101333.02
101333.02
101333.02
101333.02
101333.02
101333.02
101333.02
101333.02
101333.02
101333.02
101332.97
101332.97
101332.97
101332.97
101332.97
101332.97
101332.97
101332.97
101332.97
101332.97
101332.97
101332.97
101332.97
101332.97
101332.97
101332.97
101332.97
101332.97
101332.97
101332.97
101332.97
101332.97
101332.97
101332.97
101332.97
101332.93
101332.93
101332.93
101332.93
101332.93
101332.93
101332.93
101332.93
101332.93
101332.93
101332.93
101332.93
101332.93
101332.93
101332.93
101332.93
101332.93
101332.93
101332.93
101332.93
101332.93
101332.93
101332.93
101332.93
101332.93
101332.89
101332.89
101332.89
101332.89
101332.89
101332.89
101332.89
101332.89
101332.89
101332.89
101332.89
101332.89
101332.89
101332.89
101332.89
101332.89
101332.89
101332.89
101332.89
101332.89
101332.89
101332.89
101332.89
101332.89
101332.89
101332.85
101332.85
101332.85
101332.85
101332.85
101332.85
101332.85
101332.85
101332.85
101332.85
101332.85
101332.85
101332.85
101332.85
101332.85
101332.85
101332.85
101332.85
101332.85
101332.85
101332.85
101332.85
101332.85
101332.85
101332.85
101332.81
101332.81
101332.81
101332.81
101332.81
101332.81
101332.81
101332.81
101332.81
101332.81
101332.81
101332.81
101332.81
101332.81
101332.81
101332.81
101332.81
101332.81
101332.81
101332.81
101332.81
101332.81
101332.81
101332.81
101332.81
101332.77
101332.77
101332.77
101332.77
101332.77
101332.77
101332.77
101332.77
101332.77
101332.77
101332.77
101332.77
101332.77
101332.77
101332.77
101332.77
101332.77
101332.77
101332.77
101332.77
101332.77
101332.77
101332.77
101332.77
101332.77
101332.73
101332.73
101332.73
101332.73
101332.73
101332.73
101332.73
101332.73
101332.73
101332.73
101332.73
101332.73
101332.73
101332.73
101332.73
101332.73
101332.73
101332.73
101332.73
101332.73
101332.73
101332.73
101332.73
101332.73
101332.73
101332.69
101332.69
101332.69
101332.69
101332.69
101332.69
101332.69
101332.69
101332.69
101332.69
101332.69
101332.69
101332.69
101332.69
101332.69
101332.69
101332.69
101332.69
101332.69
101332.69
101332.69
101332.69
101332.69
101332.69
101332.69
101332.65
101332.65
101332.65
101332.65
101332.65
101332.65
101332.65
101332.65
101332.65
101332.65
101332.65
101332.65
101332.65
101332.65
101332.65
101332.65
101332.65
101332.65
101332.65
101332.65
101332.65
101332.65
101332.65
101332.65
101332.65
101332.61
101332.61
101332.61
101332.61
101332.61
101332.61
101332.61
101332.61
101332.61
101332.61
101332.61
101332.61
101332.61
101332.61
101332.61
101332.61
101332.61
101332.61
101332.61
101332.61
101332.61
101332.61
101332.61
101332.61
101332.61
101332.57
101332.57
101332.57
101332.57
101332.57
101332.57
101332.57
101332.57
101332.57
101332.57
101332.57
101332.57
101332.57
101332.57
101332.57
101332.57
101332.57
101332.57
101332.57
101332.57
101332.57
101332.57
101332.57
101332.57
101332.57
101332.54
101332.54
101332.54
101332.54
101332.54
101332.54
101332.54
101332.54
101332.54
101332.54
101332.54
101332.54
101332.54
101332.54
101332.54
101332.54
101332.54
101332.54
101332.54
101332.54
101332.54
101332.54
101332.54
101332.54
101332.54
101332.5
101332.5
101332.5
101332.5
101332.5
101332.5
101332.5
101332.5
101332.5
101332.5
101332.5
101332.5
101332.5
101332.5
101332.5
101332.5
101332.5
101332.5
101332.5
101332.5
101332.5
101332.5
101332.5
101332.5
101332.5
101332.46
101332.46
101332.46
101332.46
101332.46
101332.46
101332.46
101332.46
101332.46
101332.46
101332.46
101332.46
101332.46
101332.46
101332.46
101332.46
101332.46
101332.46
101332.46
101332.46
101332.46
101332.46
101332.46
101332.46
101332.46
101332.42
101332.42
101332.42
101332.42
101332.42
101332.42
101332.42
101332.42
101332.42
101332.42
101332.42
101332.42
101332.42
101332.42
101332.42
101332.42
101332.42
101332.42
101332.42
101332.42
101332.42
101332.42
101332.42
101332.42
101332.42
101332.38
101332.38
101332.38
101332.38
101332.38
101332.38
101332.38
101332.38
101332.38
101332.38
101332.38
101332.38
101332.38
101332.38
101332.38
101332.38
101332.38
101332.38
101332.38
101332.38
101332.38
101332.38
101332.38
101332.38
101332.38
101332.35
101332.35
101332.35
101332.35
101332.35
101332.35
101332.35
101332.35
101332.35
101332.35
101332.35
101332.35
101332.35
101332.35
101332.35
101332.35
101332.35
101332.35
101332.35
101332.35
101332.35
101332.35
101332.35
101332.35
101332.35
101332.31
101332.31
101332.31
101332.31
101332.31
101332.31
101332.31
101332.31
101332.31
101332.31
101332.31
101332.31
101332.31
101332.31
101332.31
101332.31
101332.31
101332.31
101332.31
101332.31
101332.31
101332.31
101332.31
101332.31
101332.31
101332.27
101332.27
101332.27
101332.27
101332.27
101332.27
101332.27
101332.27
101332.27
101332.27
101332.27
101332.27
101332.27
101332.27
101332.27
101332.27
101332.27
101332.27
101332.27
101332.27
101332.27
101332.27
101332.27
101332.27
101332.27
101332.23
101332.23
101332.23
101332.23
101332.23
101332.23
101332.23
101332.23
101332.23
101332.23
101332.23
101332.23
101332.23
101332.23
101332.23
101332.23
101332.23
101332.23
101332.23
101332.23
101332.23
101332.23
101332.23
101332.23
101332.23
101332.2
101332.2
101332.2
101332.2
101332.2
101332.2
101332.2
101332.2
101332.2
101332.2
101332.2
101332.2
101332.2
101332.2
101332.2
101332.2
101332.2
101332.2
101332.2
101332.2
101332.2
101332.2
101332.2
101332.2
101332.2
101332.16
101332.16
101332.16
101332.16
101332.16
101332.16
101332.16
101332.16
101332.16
101332.16
101332.16
101332.16
101332.16
101332.16
101332.16
101332.16
101332.16
101332.16
101332.16
101332.16
101332.16
101332.16
101332.16
101332.16
101332.16
101332.12
101332.12
101332.12
101332.12
101332.12
101332.12
101332.12
101332.12
101332.12
101332.12
101332.12
101332.12
101332.12
101332.12
101332.12
101332.12
101332.12
101332.12
101332.12
101332.12
101332.12
101332.12
101332.12
101332.12
101332.12
101332.09
101332.09
101332.09
101332.09
101332.09
101332.09
101332.09
101332.09
101332.09
101332.09
101332.09
101332.09
101332.09
101332.09
101332.09
101332.09
101332.09
101332.09
101332.09
101332.09
101332.09
101332.09
101332.09
101332.09
101332.09
101332.05
101332.05
101332.05
101332.05
101332.05
101332.05
101332.05
101332.05
101332.05
101332.05
101332.05
101332.05
101332.05
101332.05
101332.05
101332.05
101332.05
101332.05
101332.05
101332.05
101332.05
101332.05
101332.05
101332.05
101332.05
101332.01
101332.01
101332.01
101332.01
101332.01
101332.01
101332.01
101332.01
101332.01
101332.01
101332.01
101332.01
101332.01
101332.01
101332.01
101332.01
101332.01
101332.01
101332.01
101332.01
101332.01
101332.01
101332.01
101332.01
101332.01
101331.98
101331.98
101331.98
101331.98
101331.98
101331.98
101331.98
101331.98
101331.98
101331.98
101331.98
101331.98
101331.98
101331.98
101331.98
101331.98
101331.98
101331.98
101331.98
101331.98
101331.98
101331.98
101331.98
101331.98
101331.98
101331.94
101331.94
101331.94
101331.94
101331.94
101331.94
101331.94
101331.94
101331.94
101331.94
101331.94
101331.94
101331.94
101331.94
101331.94
101331.94
101331.94
101331.94
101331.94
101331.94
101331.94
101331.94
101331.94
101331.94
101331.94
101331.9
101331.9
101331.9
101331.9
101331.9
101331.91
101331.91
101331.91
101331.91
101331.91
101331.9
101331.9
101331.9
101331.9
101331.9
101331.9
101331.9
101331.9
101331.9
101331.9
101331.9
101331.9
101331.9
101331.9
101331.9
101331.87
101331.87
101331.87
101331.87
101331.87
101331.87
101331.87
101331.87
101331.87
101331.87
101331.87
101331.87
101331.87
101331.87
101331.87
101331.87
101331.87
101331.87
101331.87
101331.87
101331.87
101331.87
101331.87
101331.87
101331.87
101331.83
101331.83
101331.83
101331.83
101331.83
101331.83
101331.83
101331.83
101331.83
101331.83
101331.83
101331.83
101331.83
101331.83
101331.83
101331.83
101331.83
101331.83
101331.83
101331.83
101331.83
101331.83
101331.83
101331.83
101331.83
101331.8
101331.8
101331.8
101331.8
101331.8
101331.8
101331.8
101331.8
101331.8
101331.8
101331.8
101331.8
101331.8
101331.8
101331.8
101331.8
101331.8
101331.8
101331.8
101331.8
101331.8
101331.8
101331.8
101331.8
101331.8
101331.76
101331.76
101331.76
101331.76
101331.76
101331.76
101331.76
101331.76
101331.76
101331.76
101331.76
101331.76
101331.76
101331.76
101331.76
101331.76
101331.76
101331.76
101331.76
101331.76
101331.76
101331.76
101331.76
101331.76
101331.76
101331.73
101331.73
101331.73
101331.73
101331.73
101331.73
101331.73
101331.73
101331.73
101331.73
101331.73
101331.73
101331.73
101331.73
101331.73
101331.73
101331.73
101331.73
101331.73
101331.73
101331.73
101331.73
101331.73
101331.73
101331.73
101331.69
101331.69
101331.69
101331.69
101331.69
101331.69
101331.69
101331.69
101331.69
101331.69
101331.69
101331.69
101331.69
101331.69
101331.69
101331.69
101331.69
101331.69
101331.69
101331.69
101331.69
101331.69
101331.69
101331.69
101331.69
101331.65
101331.65
101331.65
101331.65
101331.65
101331.65
101331.65
101331.65
101331.65
101331.65
101331.65
101331.65
101331.65
101331.65
101331.65
101331.65
101331.65
101331.65
101331.65
101331.65
101331.65
101331.65
101331.65
101331.65
101331.65
101331.62
101331.62
101331.62
101331.62
101331.62
101331.62
101331.62
101331.62
101331.62
101331.62
101331.62
101331.62
101331.62
101331.62
101331.62
101331.62
101331.62
101331.62
101331.62
101331.62
101331.62
101331.62
101331.62
101331.62
101331.62
101331.58
101331.58
101331.58
101331.58
101331.58
101331.58
101331.58
101331.58
101331.58
101331.58
101331.58
101331.58
101331.58
101331.58
101331.58
101331.58
101331.58
101331.58
101331.58
101331.58
101331.58
101331.58
101331.58
101331.58
101331.58
101331.55
101331.55
101331.55
101331.55
101331.55
101331.55
101331.55
101331.55
101331.55
101331.55
101331.55
101331.55
101331.55
101331.55
101331.55
101331.55
101331.55
101331.55
101331.55
101331.55
101331.55
101331.55
101331.55
101331.55
101331.55
101331.51
101331.51
101331.51
101331.51
101331.51
101331.51
101331.51
101331.51
101331.51
101331.51
101331.51
101331.51
101331.51
101331.51
101331.51
101331.51
101331.51
101331.51
101331.51
101331.51
101331.51
101331.51
101331.51
101331.51
101331.51
101331.48
101331.48
101331.48
101331.48
101331.48
101331.48
101331.48
101331.48
101331.48
101331.48
101331.48
101331.48
101331.48
101331.48
101331.48
101331.48
101331.48
101331.48
101331.48
101331.48
101331.48
101331.48
101331.48
101331.48
101331.48
101331.44
101331.44
101331.44
101331.44
101331.44
101331.44
101331.44
101331.44
101331.44
101331.44
101331.44
101331.44
101331.44
101331.44
101331.44
101331.44
101331.44
101331.44
101331.44
101331.44
101331.44
101331.44
101331.44
101331.44
101331.44
101331.41
101331.41
101331.41
101331.41
101331.41
101331.41
101331.41
101331.41
101331.41
101331.41
101331.41
101331.41
101331.41
101331.41
101331.41
101331.41
101331.41
101331.41
101331.41
101331.41
101331.41
101331.41
101331.41
101331.41
101331.41
101331.37
101331.37
101331.37
101331.37
101331.37
101331.37
101331.37
101331.37
101331.37
101331.37
101331.37
101331.37
101331.37
101331.37
101331.37
101331.37
101331.37
101331.37
101331.37
101331.37
101331.37
101331.37
101331.37
101331.37
101331.37
101331.34
101331.34
101331.34
101331.34
101331.34
101331.34
101331.34
101331.34
101331.34
101331.34
101331.34
101331.34
101331.34
101331.34
101331.34
101331.34
101331.34
101331.34
101331.34
101331.34
101331.34
101331.34
101331.34
101331.34
101331.34
101331.3
101331.3
101331.3
101331.3
101331.3
101331.3
101331.3
101331.3
101331.3
101331.3
101331.3
101331.3
101331.3
101331.3
101331.3
101331.3
101331.3
101331.3
101331.3
101331.3
101331.3
101331.3
101331.3
101331.3
101331.3
101331.27
101331.27
101331.27
101331.27
101331.27
101331.27
101331.27
101331.27
101331.27
101331.27
101331.27
101331.27
101331.27
101331.27
101331.27
101331.27
101331.27
101331.27
101331.27
101331.27
101331.27
101331.27
101331.27
101331.27
101331.27
101331.23
101331.23
101331.23
101331.23
101331.23
101331.23
101331.23
101331.23
101331.23
101331.23
101331.23
101331.23
101331.23
101331.23
101331.23
101331.23
101331.23
101331.23
101331.23
101331.23
101331.23
101331.23
101331.23
101331.23
101331.23
101331.2
101331.2
101331.2
101331.2
101331.2
101331.2
101331.2
101331.2
101331.2
101331.2
101331.2
101331.2
101331.2
101331.2
101331.2
101331.2
101331.2
101331.2
101331.2
101331.2
101331.2
101331.2
101331.2
101331.2
101331.2
101331.17
101331.17
101331.17
101331.17
101331.17
101331.17
101331.17
101331.17
101331.17
101331.17
101331.17
101331.17
101331.17
101331.17
101331.17
101331.17
101331.17
101331.17
101331.17
101331.17
101331.17
101331.17
101331.17
101331.17
101331.17
101331.13
101331.13
101331.13
101331.13
101331.13
101331.13
101331.13
101331.13
101331.13
101331.13
101331.13
101331.13
101331.13
101331.13
101331.13
101331.13
101331.13
101331.13
101331.13
101331.13
101331.13
101331.13
101331.13
101331.13
101331.13
101331.1
101331.1
101331.1
101331.1
101331.1
101331.1
101331.1
101331.1
101331.1
101331.1
101331.1
101331.1
101331.1
101331.1
101331.1
101331.1
101331.1
101331.1
101331.1
101331.1
101331.1
101331.1
101331.1
101331.1
101331.1
101331.06
101331.06
101331.06
101331.06
101331.06
101331.06
101331.06
101331.06
101331.06
101331.06
101331.06
101331.06
101331.06
101331.06
101331.06
101331.06
101331.06
101331.06
101331.06
101331.06
101331.06
101331.06
101331.06
101331.06
101331.06
101331.03
101331.03
101331.03
101331.03
101331.03
101331.03
101331.03
101331.03
101331.03
101331.03
101331.03
101331.03
101331.03
101331.03
101331.03
101331.03
101331.03
101331.03
101331.03
101331.03
101331.03
101331.03
101331.03
101331.03
101331.03
101330.99
101330.99
101330.99
101330.99
101330.99
101330.99
101330.99
101330.99
101330.99
101330.99
101330.99
101330.99
101330.99
101330.99
101330.99
101330.99
101330.99
101330.99
101330.99
101330.99
101330.99
101330.99
101330.99
101330.99
101330.99
101330.96
101330.96
101330.96
101330.96
101330.96
101330.96
101330.96
101330.96
101330.96
101330.96
101330.96
101330.96
101330.96
101330.96
101330.96
101330.96
101330.96
101330.96
101330.96
101330.96
101330.96
101330.96
101330.96
101330.96
101330.96
101330.93
101330.93
101330.93
101330.93
101330.93
101330.93
101330.93
101330.93
101330.93
101330.93
101330.93
101330.92
101330.92
101330.92
101330.92
101330.92
101330.92
101330.92
101330.92
101330.92
101330.92
101330.92
101330.92
101330.92
101330.92
101330.89
101330.89
101330.89
101330.89
101330.89
101330.89
101330.89
101330.89
101330.89
101330.89
101330.89
101330.89
101330.89
101330.89
101330.89
101330.89
101330.89
101330.89
101330.89
101330.89
101330.89
101330.89
101330.89
101330.89
101330.89
101330.86
101330.86
101330.86
101330.86
101330.86
101330.86
101330.86
101330.86
101330.86
101330.86
101330.86
101330.86
101330.86
101330.86
101330.86
101330.86
101330.86
101330.86
101330.86
101330.86
101330.86
101330.86
101330.86
101330.86
101330.86
101330.82
101330.82
101330.82
101330.82
101330.82
101330.82
101330.82
101330.82
101330.82
101330.82
101330.82
101330.82
101330.82
101330.82
101330.82
101330.82
101330.82
101330.82
101330.82
101330.82
101330.82
101330.82
101330.82
101330.82
101330.82
101330.79
101330.79
101330.79
101330.79
101330.79
101330.79
101330.79
101330.79
101330.79
101330.79
101330.79
101330.79
101330.79
101330.79
101330.79
101330.79
101330.79
101330.79
101330.79
101330.79
101330.79
101330.79
101330.79
101330.79
101330.79
101330.75
101330.75
101330.75
101330.75
101330.75
101330.75
101330.75
101330.75
101330.75
101330.75
101330.75
101330.75
101330.75
101330.75
101330.75
101330.75
101330.75
101330.75
101330.75
101330.75
101330.75
101330.75
101330.75
101330.75
101330.75
101330.72
101330.72
101330.72
101330.72
101330.72
101330.72
101330.72
101330.72
101330.72
101330.72
101330.72
101330.72
101330.72
101330.72
101330.72
101330.72
101330.72
101330.72
101330.72
101330.72
101330.72
101330.72
101330.72
101330.72
101330.72
101330.69
101330.69
101330.69
101330.69
101330.69
101330.69
101330.69
101330.69
101330.69
101330.69
101330.69
101330.69
101330.69
101330.69
101330.69
101330.69
101330.69
101330.69
101330.69
101330.69
101330.69
101330.69
101330.69
101330.69
101330.69
101330.65
101330.65
101330.65
101330.65
101330.65
101330.65
101330.65
101330.65
101330.65
101330.65
101330.65
101330.65
101330.65
101330.65
101330.65
101330.65
101330.65
101330.65
101330.65
101330.65
101330.65
101330.65
101330.65
101330.65
101330.65
101330.62
101330.62
101330.62
101330.62
101330.62
101330.62
101330.62
101330.62
101330.62
101330.62
101330.62
101330.62
101330.62
101330.62
101330.62
101330.62
101330.62
101330.62
101330.62
101330.62
101330.62
101330.62
101330.62
101330.62
101330.62
101330.58
101330.58
101330.58
101330.58
101330.58
101330.58
101330.58
101330.58
101330.58
101330.58
101330.58
101330.58
101330.58
101330.58
101330.58
101330.58
101330.58
101330.58
101330.58
101330.58
101330.58
101330.58
101330.58
101330.58
101330.58
101330.55
101330.55
101330.55
101330.55
101330.55
101330.55
101330.55
101330.55
101330.55
101330.55
101330.55
101330.55
101330.55
101330.55
101330.55
101330.55
101330.55
101330.55
101330.55
101330.55
101330.55
101330.55
101330.55
101330.55
101330.55
101330.52
101330.52
101330.52
101330.52
101330.52
101330.52
101330.52
101330.52
101330.52
101330.52
101330.52
101330.52
101330.52
101330.52
101330.52
101330.52
101330.52
101330.52
101330.52
101330.52
101330.52
101330.52
101330.52
101330.52
101330.52
101330.48
101330.48
101330.48
101330.48
101330.48
101330.48
101330.48
101330.48
101330.48
101330.48
101330.48
101330.48
101330.48
101330.48
101330.48
101330.48
101330.48
101330.48
101330.48
101330.48
101330.48
101330.48
101330.48
101330.48
101330.48
101330.45
101330.45
101330.45
101330.45
101330.45
101330.45
101330.45
101330.45
101330.45
101330.45
101330.45
101330.45
101330.45
101330.45
101330.45
101330.45
101330.45
101330.45
101330.45
101330.45
101330.45
101330.45
101330.45
101330.45
101330.45
101330.42
101330.42
101330.42
101330.42
101330.42
101330.42
101330.42
101330.42
101330.42
101330.42
101330.42
101330.42
101330.42
101330.42
101330.42
101330.42
101330.42
101330.42
101330.42
101330.42
101330.42
101330.42
101330.42
101330.42
101330.42
101330.38
101330.38
101330.38
101330.38
101330.38
101330.38
101330.38
101330.38
101330.38
101330.38
101330.38
101330.38
101330.38
101330.38
101330.38
101330.38
101330.38
101330.38
101330.38
101330.38
101330.38
101330.38
101330.38
101330.38
101330.38
101330.35
101330.35
101330.35
101330.35
101330.35
101330.35
101330.35
101330.35
101330.35
101330.35
101330.35
101330.35
101330.35
101330.35
101330.35
101330.35
101330.35
101330.35
101330.35
101330.35
101330.35
101330.35
101330.35
101330.35
101330.35
101330.31
101330.31
101330.31
101330.31
101330.31
101330.31
101330.31
101330.31
101330.31
101330.31
101330.31
101330.31
101330.31
101330.31
101330.31
101330.31
101330.31
101330.31
101330.31
101330.31
101330.31
101330.31
101330.31
101330.31
101330.31
101330.28
101330.28
101330.28
101330.28
101330.28
101330.28
101330.28
101330.28
101330.28
101330.28
101330.28
101330.28
101330.28
101330.28
101330.28
101330.28
101330.28
101330.28
101330.28
101330.28
101330.28
101330.28
101330.28
101330.28
101330.28
101330.25
101330.25
101330.25
101330.25
101330.25
101330.25
101330.25
101330.25
101330.25
101330.25
101330.25
101330.25
101330.25
101330.25
101330.25
101330.25
101330.25
101330.25
101330.25
101330.25
101330.25
101330.25
101330.25
101330.25
101330.25
101330.21
101330.21
101330.21
101330.21
101330.21
101330.21
101330.21
101330.21
101330.21
101330.21
101330.21
101330.21
101330.21
101330.21
101330.21
101330.21
101330.21
101330.21
101330.21
101330.21
101330.21
101330.21
101330.21
101330.21
101330.21
101330.18
101330.18
101330.18
101330.18
101330.18
101330.18
101330.18
101330.18
101330.18
101330.18
101330.18
101330.18
101330.18
101330.18
101330.18
101330.18
101330.18
101330.18
101330.18
101330.18
101330.18
101330.18
101330.18
101330.18
101330.18
101330.15
101330.15
101330.15
101330.15
101330.15
101330.15
101330.15
101330.15
101330.15
101330.15
101330.15
101330.15
101330.15
101330.15
101330.15
101330.15
101330.15
101330.15
101330.15
101330.15
101330.15
101330.15
101330.15
101330.15
101330.15
101330.11
101330.11
101330.11
101330.11
101330.11
101330.11
101330.11
101330.11
101330.11
101330.11
101330.11
101330.11
101330.11
101330.11
101330.11
101330.11
101330.11
101330.11
101330.11
101330.11
101330.11
101330.11
101330.11
101330.11
101330.11
101330.08
101330.08
101330.08
101330.08
101330.08
101330.08
101330.08
101330.08
101330.08
101330.08
101330.08
101330.08
101330.08
101330.08
101330.08
101330.08
101330.08
101330.08
101330.08
101330.08
101330.08
101330.08
101330.08
101330.08
101330.08
101330.05
101330.05
101330.05
101330.05
101330.05
101330.05
101330.05
101330.05
101330.04
101330.04
101330.04
101330.04
101330.04
101330.04
101330.04
101330.04
101330.04
101330.04
101330.04
101330.04
101330.04
101330.04
101330.04
101330.04
101330.04
101330.01
101330.01
101330.01
101330.01
101330.01
101330.01
101330.01
101330.01
101330.01
101330.01
101330.01
101330.01
101330.01
101330.01
101330.01
101330.01
101330.01
101330.01
101330.01
101330.01
101330.01
101330.01
101330.01
101330.01
101330.01
101329.98
101329.98
101329.98
101329.98
101329.98
101329.98
101329.98
101329.98
101329.98
101329.98
101329.98
101329.98
101329.98
101329.98
101329.98
101329.98
101329.98
101329.98
101329.98
101329.98
101329.98
101329.98
101329.98
101329.98
101329.98
101329.94
101329.94
101329.94
101329.94
101329.94
101329.94
101329.94
101329.94
101329.94
101329.94
101329.94
101329.94
101329.94
101329.94
101329.94
101329.94
101329.94
101329.94
101329.94
101329.94
101329.94
101329.94
101329.94
101329.94
101329.94
101329.91
101329.91
101329.91
101329.91
101329.91
101329.91
101329.91
101329.91
101329.91
101329.91
101329.91
101329.91
101329.91
101329.91
101329.91
101329.91
101329.91
101329.91
101329.91
101329.91
101329.91
101329.91
101329.91
101329.91
101329.91
101329.88
101329.88
101329.88
101329.88
101329.88
101329.88
101329.88
101329.88
101329.88
101329.88
101329.88
101329.88
101329.88
101329.88
101329.88
101329.88
101329.88
101329.88
101329.88
101329.88
101329.88
101329.88
101329.88
101329.88
101329.88
101329.84
101329.84
101329.84
101329.84
101329.84
101329.84
101329.84
101329.84
101329.84
101329.84
101329.84
101329.84
101329.84
101329.84
101329.84
101329.84
101329.84
101329.84
101329.84
101329.84
101329.84
101329.84
101329.84
101329.84
101329.84
101329.81
101329.81
101329.81
101329.81
101329.81
101329.81
101329.81
101329.81
101329.81
101329.81
101329.81
101329.81
101329.81
101329.81
101329.81
101329.81
101329.81
101329.81
101329.81
101329.81
101329.81
101329.81
101329.81
101329.81
101329.81
101329.78
101329.78
101329.78
101329.78
101329.78
101329.78
101329.78
101329.78
101329.78
101329.78
101329.78
101329.78
101329.78
101329.78
101329.78
101329.78
101329.78
101329.78
101329.78
101329.78
101329.78
101329.78
101329.78
101329.78
101329.78
101329.74
101329.74
101329.74
101329.74
101329.74
101329.74
101329.74
101329.74
101329.74
101329.74
101329.74
101329.74
101329.74
101329.74
101329.74
101329.74
101329.74
101329.74
101329.74
101329.74
101329.74
101329.74
101329.74
101329.74
101329.74
101329.71
101329.71
101329.71
101329.71
101329.71
101329.71
101329.71
101329.71
101329.71
101329.71
101329.71
101329.71
101329.71
101329.71
101329.71
101329.71
101329.71
101329.71
101329.71
101329.71
101329.71
101329.71
101329.71
101329.71
101329.71
101329.68
101329.68
101329.68
101329.68
101329.68
101329.68
101329.68
101329.68
101329.68
101329.68
101329.68
101329.68
101329.68
101329.68
101329.68
101329.68
101329.68
101329.68
101329.68
101329.68
101329.68
101329.68
101329.68
101329.68
101329.68
101329.64
101329.64
101329.64
101329.64
101329.64
101329.64
101329.64
101329.64
101329.64
101329.64
101329.64
101329.64
101329.64
101329.64
101329.64
101329.64
101329.64
101329.64
101329.64
101329.64
101329.64
101329.64
101329.64
101329.64
101329.64
101329.61
101329.61
101329.61
101329.61
101329.61
101329.61
101329.61
101329.61
101329.61
101329.61
101329.61
101329.61
101329.61
101329.61
101329.61
101329.61
101329.61
101329.61
101329.61
101329.61
101329.61
101329.61
101329.61
101329.61
101329.61
101329.58
101329.58
101329.58
101329.58
101329.58
101329.58
101329.57
101329.57
101329.57
101329.57
101329.57
101329.57
101329.57
101329.57
101329.57
101329.57
101329.57
101329.57
101329.57
101329.57
101329.57
101329.57
101329.57
101329.57
101329.57
101329.54
101329.54
101329.54
101329.54
101329.54
101329.54
101329.54
101329.54
101329.54
101329.54
101329.54
101329.54
101329.54
101329.54
101329.54
101329.54
101329.54
101329.54
101329.54
101329.54
101329.54
101329.54
101329.54
101329.54
101329.54
101329.51
101329.51
101329.51
101329.51
101329.51
101329.51
101329.51
101329.51
101329.51
101329.51
101329.51
101329.51
101329.51
101329.51
101329.51
101329.51
101329.51
101329.51
101329.51
101329.51
101329.51
101329.51
101329.51
101329.51
101329.51
101329.47
101329.47
101329.47
101329.47
101329.47
101329.47
101329.47
101329.47
101329.47
101329.47
101329.47
101329.47
101329.47
101329.47
101329.47
101329.47
101329.47
101329.47
101329.47
101329.47
101329.47
101329.47
101329.47
101329.47
101329.47
101329.44
101329.44
101329.44
101329.44
101329.44
101329.44
101329.44
101329.44
101329.44
101329.44
101329.44
101329.44
101329.44
101329.44
101329.44
101329.44
101329.44
101329.44
101329.44
101329.44
101329.44
101329.44
101329.44
101329.44
101329.44
101329.41
101329.41
101329.41
101329.41
101329.41
101329.41
101329.41
101329.41
101329.41
101329.41
101329.41
101329.41
101329.41
101329.41
101329.41
101329.41
101329.41
101329.41
101329.41
101329.41
101329.41
101329.41
101329.41
101329.41
101329.41
101329.37
101329.37
101329.37
101329.37
101329.37
101329.37
101329.37
101329.37
101329.37
101329.37
101329.37
101329.37
101329.37
101329.37
101329.37
101329.37
101329.37
101329.37
101329.37
101329.37
101329.37
101329.37
101329.37
101329.37
101329.37
101329.34
101329.34
101329.34
101329.34
101329.34
101329.34
101329.34
101329.34
101329.34
101329.34
101329.34
101329.34
101329.34
101329.34
101329.34
101329.34
101329.34
101329.34
101329.34
101329.34
101329.34
101329.34
101329.34
101329.34
101329.34
101329.31
101329.31
101329.31
101329.31
101329.31
101329.31
101329.31
101329.31
101329.31
101329.31
101329.31
101329.31
101329.31
101329.31
101329.31
101329.31
101329.31
101329.31
101329.31
101329.31
101329.31
101329.31
101329.31
101329.31
101329.31
101329.27
101329.27
101329.27
101329.27
101329.27
101329.27
101329.27
101329.27
101329.27
101329.27
101329.27
101329.27
101329.27
101329.27
101329.27
101329.27
101329.27
101329.27
101329.27
101329.27
101329.27
101329.27
101329.27
101329.27
101329.27
101329.24
101329.24
101329.24
101329.24
101329.24
101329.24
101329.24
101329.24
101329.24
101329.24
101329.24
101329.24
101329.24
101329.24
101329.24
101329.24
101329.24
101329.24
101329.24
101329.24
101329.24
101329.24
101329.24
101329.24
101329.24
101329.21
101329.21
101329.21
101329.21
101329.21
101329.21
101329.21
101329.21
101329.21
101329.21
101329.21
101329.21
101329.21
101329.21
101329.21
101329.21
101329.21
101329.21
101329.21
101329.21
101329.21
101329.21
101329.21
101329.21
101329.21
101329.17
101329.17
101329.17
101329.17
101329.17
101329.17
101329.17
101329.17
101329.17
101329.17
101329.17
101329.17
101329.17
101329.17
101329.17
101329.17
101329.17
101329.17
101329.17
101329.17
101329.17
101329.17
101329.17
101329.17
101329.17
101329.14
101329.14
101329.14
101329.14
101329.14
101329.14
101329.14
101329.14
101329.14
101329.14
101329.14
101329.14
101329.14
101329.14
101329.14
101329.14
101329.14
101329.14
101329.14
101329.14
101329.14
101329.14
101329.14
101329.14
101329.14
101329.1
101329.1
101329.1
101329.1
101329.1
101329.1
101329.1
101329.1
101329.1
101329.1
101329.1
101329.1
101329.1
101329.1
101329.1
101329.1
101329.1
101329.1
101329.1
101329.1
101329.1
101329.1
101329.1
101329.1
101329.1
101329.07
101329.07
101329.07
101329.07
101329.07
101329.07
101329.07
101329.07
101329.07
101329.07
101329.07
101329.07
101329.07
101329.07
101329.07
101329.07
101329.07
101329.07
101329.07
101329.07
101329.07
101329.07
101329.07
101329.07
101329.07
101329.04
101329.04
101329.04
101329.04
101329.04
101329.04
101329.04
101329.04
101329.04
101329.04
101329.04
101329.04
101329.04
101329.04
101329.04
101329.04
101329.04
101329.04
101329.04
101329.04
101329.04
101329.04
101329.04
101329.04
101329.04
101329
101329
101329
101329
101329
101329
101329
101329
101329
101329
101329
101329
101329
101329
101329
101329
101329
101329
101329
101329
101329
101329
101329
101329
101329
101328.97
101328.97
101328.97
101328.97
101328.97
101328.97
101328.97
101328.97
101328.97
101328.97
101328.97
101328.97
101328.97
101328.97
101328.97
101328.97
101328.97
101328.97
101328.97
101328.97
101328.97
101328.97
101328.97
101328.97
101328.97
101328.94
101328.94
101328.94
101328.94
101328.94
101328.94
101328.94
101328.94
101328.94
101328.94
101328.94
101328.94
101328.94
101328.94
101328.94
101328.94
101328.94
101328.94
101328.94
101328.94
101328.94
101328.94
101328.94
101328.94
101328.94
101328.9
101328.9
101328.9
101328.9
101328.9
101328.9
101328.9
101328.9
101328.9
101328.9
101328.9
101328.9
101328.9
101328.9
101328.9
101328.9
101328.9
101328.9
101328.9
101328.9
101328.9
101328.9
101328.9
101328.9
101328.9
101328.87
101328.87
101328.87
101328.87
101328.87
101328.87
101328.87
101328.87
101328.87
101328.87
101328.87
101328.87
101328.87
101328.87
101328.87
101328.87
101328.87
101328.87
101328.87
101328.87
101328.87
101328.87
101328.87
101328.87
101328.87
101328.83
101328.83
101328.83
101328.83
101328.83
101328.83
101328.83
101328.83
101328.83
101328.83
101328.83
101328.83
101328.83
101328.83
101328.83
101328.83
101328.83
101328.83
101328.83
101328.83
101328.83
101328.83
101328.83
101328.83
101328.83
101328.8
101328.8
101328.8
101328.8
101328.8
101328.8
101328.8
101328.8
101328.8
101328.8
101328.8
101328.8
101328.8
101328.8
101328.8
101328.8
101328.8
101328.8
101328.8
101328.8
101328.8
101328.8
101328.8
101328.8
101328.8
101328.77
101328.77
101328.77
101328.77
101328.77
101328.77
101328.77
101328.77
101328.77
101328.77
101328.77
101328.77
101328.77
101328.77
101328.77
101328.77
101328.77
101328.77
101328.77
101328.77
101328.77
101328.77
101328.77
101328.77
101328.77
101328.73
101328.73
101328.73
101328.73
101328.73
101328.73
101328.73
101328.73
101328.73
101328.73
101328.73
101328.73
101328.73
101328.73
101328.73
101328.73
101328.73
101328.73
101328.73
101328.73
101328.73
101328.73
101328.73
101328.73
101328.73
101328.7
101328.7
101328.7
101328.7
101328.7
101328.7
101328.7
101328.7
101328.7
101328.7
101328.7
101328.7
101328.7
101328.7
101328.7
101328.7
101328.7
101328.7
101328.7
101328.7
101328.7
101328.7
101328.7
101328.7
101328.7
101328.67
101328.67
101328.67
101328.67
101328.67
101328.67
101328.67
101328.67
101328.66
101328.66
101328.66
101328.66
101328.66
101328.66
101328.66
101328.66
101328.66
101328.66
101328.66
101328.66
101328.66
101328.67
101328.67
101328.67
101328.67
101328.63
101328.63
101328.63
101328.63
101328.63
101328.63
101328.63
101328.63
101328.63
101328.63
101328.63
101328.63
101328.63
101328.63
101328.63
101328.63
101328.63
101328.63
101328.63
101328.63
101328.63
101328.63
101328.63
101328.63
101328.63
101328.6
101328.6
101328.6
101328.6
101328.6
101328.6
101328.6
101328.6
101328.6
101328.6
101328.6
101328.6
101328.6
101328.6
101328.6
101328.6
101328.6
101328.6
101328.6
101328.6
101328.6
101328.6
101328.6
101328.6
101328.6
101328.56
101328.56
101328.56
101328.56
101328.56
101328.56
101328.56
101328.56
101328.56
101328.56
101328.56
101328.56
101328.56
101328.56
101328.56
101328.56
101328.56
101328.56
101328.56
101328.56
101328.56
101328.56
101328.56
101328.56
101328.56
101328.53
101328.53
101328.53
101328.53
101328.53
101328.53
101328.53
101328.53
101328.53
101328.53
101328.53
101328.53
101328.53
101328.53
101328.53
101328.53
101328.53
101328.53
101328.53
101328.53
101328.53
101328.53
101328.53
101328.53
101328.53
101328.5
101328.5
101328.49
101328.49
101328.49
101328.49
101328.49
101328.49
101328.49
101328.49
101328.49
101328.49
101328.49
101328.49
101328.49
101328.49
101328.49
101328.49
101328.49
101328.49
101328.49
101328.49
101328.49
101328.49
101328.49
101328.46
101328.46
101328.46
101328.46
101328.46
101328.46
101328.46
101328.46
101328.46
101328.46
101328.46
101328.46
101328.46
101328.46
101328.46
101328.46
101328.46
101328.46
101328.46
101328.46
101328.46
101328.46
101328.46
101328.46
101328.46
101328.43
101328.43
101328.43
101328.43
101328.43
101328.43
101328.43
101328.43
101328.43
101328.43
101328.43
101328.43
101328.43
101328.43
101328.43
101328.43
101328.43
101328.43
101328.43
101328.43
101328.43
101328.43
101328.43
101328.43
101328.43
101328.39
101328.39
101328.39
101328.39
101328.39
101328.39
101328.39
101328.39
101328.39
101328.39
101328.39
101328.39
101328.39
101328.39
101328.39
101328.39
101328.39
101328.39
101328.39
101328.39
101328.39
101328.39
101328.39
101328.39
101328.39
101328.36
101328.36
101328.36
101328.36
101328.36
101328.36
101328.36
101328.36
101328.36
101328.36
101328.36
101328.36
101328.36
101328.36
101328.36
101328.36
101328.36
101328.36
101328.36
101328.36
101328.36
101328.36
101328.36
101328.36
101328.36
101328.32
101328.32
101328.32
101328.32
101328.32
101328.32
101328.32
101328.32
101328.32
101328.32
101328.32
101328.32
101328.32
101328.32
101328.32
101328.32
101328.32
101328.32
101328.32
101328.32
101328.32
101328.32
101328.32
101328.32
101328.32
101328.29
101328.29
101328.29
101328.29
101328.29
101328.29
101328.29
101328.29
101328.29
101328.29
101328.29
101328.29
101328.29
101328.29
101328.29
101328.29
101328.29
101328.29
101328.29
101328.29
101328.29
101328.29
101328.29
101328.29
101328.29
101328.26
101328.26
101328.25
101328.25
101328.25
101328.25
101328.25
101328.25
101328.25
101328.25
101328.25
101328.25
101328.25
101328.25
101328.25
101328.25
101328.25
101328.25
101328.25
101328.25
101328.25
101328.25
101328.25
101328.25
101328.25
101328.22
101328.22
101328.22
101328.22
101328.22
101328.22
101328.22
101328.22
101328.22
101328.22
101328.22
101328.22
101328.22
101328.22
101328.22
101328.22
101328.22
101328.22
101328.22
101328.22
101328.22
101328.22
101328.22
101328.22
101328.22
101328.19
101328.19
101328.19
101328.19
101328.19
101328.19
101328.19
101328.19
101328.19
101328.19
101328.19
101328.19
101328.19
101328.19
101328.19
101328.19
101328.19
101328.19
101328.19
101328.19
101328.19
101328.19
101328.19
101328.19
101328.19
101328.15
101328.15
101328.15
101328.15
101328.15
101328.15
101328.15
101328.15
101328.15
101328.15
101328.15
101328.15
101328.15
101328.15
101328.15
101328.15
101328.15
101328.15
101328.15
101328.15
101328.15
101328.15
101328.15
101328.15
101328.15
101328.12
101328.12
101328.12
101328.12
101328.12
101328.12
101328.12
101328.12
101328.12
101328.12
101328.12
101328.12
101328.12
101328.12
101328.12
101328.12
101328.12
101328.12
101328.12
101328.12
101328.12
101328.12
101328.12
101328.12
101328.12
101328.08
101328.08
101328.08
101328.08
101328.08
101328.08
101328.08
101328.08
101328.08
101328.08
101328.08
101328.08
101328.08
101328.08
101328.08
101328.08
101328.08
101328.08
101328.08
101328.08
101328.08
101328.08
101328.08
101328.08
101328.08
101328.05
101328.05
101328.05
101328.05
101328.05
101328.05
101328.05
101328.05
101328.05
101328.05
101328.05
101328.05
101328.05
101328.05
101328.05
101328.05
101328.05
101328.05
101328.05
101328.05
101328.05
101328.05
101328.05
101328.05
101328.05
101328.01
101328.01
101328.01
101328.01
101328.01
101328.01
101328.01
101328.01
101328.01
101328.01
101328.01
101328.01
101328.01
101328.01
101328.01
101328.01
101328.01
101328.01
101328.01
101328.01
101328.01
101328.01
101328.01
101328.01
101328.01
101327.98
101327.98
101327.98
101327.98
101327.98
101327.98
101327.98
101327.98
101327.98
101327.98
101327.98
101327.98
101327.98
101327.98
101327.98
101327.98
101327.98
101327.98
101327.98
101327.98
101327.98
101327.98
101327.98
101327.98
101327.98
101327.94
101327.94
101327.94
101327.94
101327.94
101327.94
101327.94
101327.94
101327.94
101327.94
101327.94
101327.94
101327.94
101327.94
101327.94
101327.94
101327.94
101327.94
101327.94
101327.94
101327.94
101327.94
101327.94
101327.94
101327.94
101327.91
101327.91
101327.91
101327.91
101327.91
101327.91
101327.91
101327.91
101327.91
101327.91
101327.91
101327.91
101327.91
101327.91
101327.91
101327.91
101327.91
101327.91
101327.91
101327.91
101327.91
101327.91
101327.91
101327.91
101327.91
101327.87
101327.87
101327.87
101327.87
101327.87
101327.87
101327.87
101327.87
101327.87
101327.87
101327.87
101327.87
101327.87
101327.87
101327.87
101327.87
101327.87
101327.87
101327.87
101327.87
101327.87
101327.87
101327.87
101327.87
101327.87
101327.84
101327.84
101327.84
101327.84
101327.84
101327.84
101327.84
101327.84
101327.84
101327.84
101327.84
101327.84
101327.84
101327.84
101327.84
101327.84
101327.84
101327.84
101327.84
101327.84
101327.84
101327.84
101327.84
101327.84
101327.84
101327.8
101327.8
101327.8
101327.8
101327.8
101327.8
101327.8
101327.8
101327.8
101327.8
101327.8
101327.8
101327.8
101327.8
101327.8
101327.8
101327.8
101327.8
101327.8
101327.8
101327.8
101327.8
101327.8
101327.8
101327.8
101327.77
101327.77
101327.77
101327.77
101327.77
101327.77
101327.77
101327.77
101327.77
101327.77
101327.77
101327.77
101327.77
101327.77
101327.77
101327.77
101327.77
101327.77
101327.77
101327.77
101327.77
101327.77
101327.77
101327.77
101327.77
101327.73
101327.73
101327.73
101327.73
101327.73
101327.73
101327.73
101327.73
101327.73
101327.73
101327.73
101327.73
101327.73
101327.73
101327.73
101327.73
101327.73
101327.73
101327.73
101327.73
101327.73
101327.73
101327.73
101327.73
101327.73
101327.7
101327.7
101327.7
101327.7
101327.7
101327.7
101327.7
101327.7
101327.7
101327.7
101327.7
101327.7
101327.7
101327.7
101327.7
101327.7
101327.7
101327.7
101327.7
101327.7
101327.7
101327.7
101327.7
101327.7
101327.7
101327.66
101327.66
101327.66
101327.66
101327.66
101327.66
101327.66
101327.66
101327.66
101327.66
101327.66
101327.66
101327.66
101327.66
101327.66
101327.66
101327.66
101327.66
101327.66
101327.66
101327.66
101327.66
101327.66
101327.66
101327.66
101327.63
101327.63
101327.63
101327.63
101327.63
101327.63
101327.63
101327.63
101327.63
101327.63
101327.63
101327.63
101327.63
101327.63
101327.63
101327.63
101327.63
101327.63
101327.63
101327.63
101327.63
101327.63
101327.63
101327.63
101327.63
101327.59
101327.59
101327.59
101327.59
101327.59
101327.59
101327.59
101327.59
101327.59
101327.59
101327.59
101327.59
101327.59
101327.59
101327.59
101327.59
101327.59
101327.59
101327.59
101327.59
101327.59
101327.59
101327.59
101327.59
101327.59
101327.56
101327.56
101327.56
101327.56
101327.56
101327.56
101327.56
101327.56
101327.56
101327.56
101327.56
101327.56
101327.56
101327.56
101327.56
101327.56
101327.56
101327.56
101327.56
101327.56
101327.56
101327.56
101327.56
101327.56
101327.56
101327.52
101327.52
101327.52
101327.52
101327.52
101327.52
101327.52
101327.52
101327.52
101327.52
101327.52
101327.52
101327.52
101327.52
101327.52
101327.52
101327.52
101327.52
101327.52
101327.52
101327.52
101327.52
101327.52
101327.52
101327.52
101327.49
101327.49
101327.49
101327.49
101327.49
101327.49
101327.49
101327.49
101327.49
101327.49
101327.49
101327.49
101327.49
101327.49
101327.49
101327.49
101327.49
101327.49
101327.49
101327.49
101327.49
101327.49
101327.49
101327.49
101327.49
101327.45
101327.45
101327.45
101327.45
101327.45
101327.45
101327.45
101327.45
101327.45
101327.45
101327.45
101327.45
101327.45
101327.45
101327.45
101327.45
101327.45
101327.45
101327.45
101327.45
101327.45
101327.45
101327.45
101327.45
101327.45
101327.42
101327.42
101327.42
101327.42
101327.42
101327.42
101327.42
101327.42
101327.42
101327.42
101327.42
101327.42
101327.42
101327.42
101327.42
101327.42
101327.42
101327.42
101327.42
101327.42
101327.42
101327.42
101327.42
101327.42
101327.42
101327.38
101327.38
101327.38
101327.38
101327.38
101327.38
101327.38
101327.38
101327.38
101327.38
101327.38
101327.38
101327.38
101327.38
101327.38
101327.38
101327.38
101327.38
101327.38
101327.38
101327.38
101327.38
101327.38
101327.38
101327.38
101327.35
101327.35
101327.35
101327.35
101327.35
101327.35
101327.35
101327.35
101327.35
101327.35
101327.35
101327.35
101327.35
101327.35
101327.35
101327.35
101327.35
101327.35
101327.35
101327.35
101327.35
101327.35
101327.35
101327.35
101327.35
101327.31
101327.31
101327.31
101327.31
101327.31
101327.31
101327.31
101327.31
101327.31
101327.31
101327.31
101327.31
101327.31
101327.31
101327.31
101327.31
101327.31
101327.31
101327.31
101327.31
101327.31
101327.31
101327.31
101327.31
101327.31
101327.28
101327.28
101327.28
101327.28
101327.28
101327.28
101327.28
101327.28
101327.28
101327.28
101327.28
101327.28
101327.28
101327.28
101327.28
101327.28
101327.28
101327.28
101327.28
101327.28
101327.28
101327.28
101327.28
101327.28
101327.28
101327.24
101327.24
101327.24
101327.24
101327.24
101327.24
101327.24
101327.24
101327.24
101327.24
101327.24
101327.24
101327.24
101327.24
101327.24
101327.24
101327.24
101327.24
101327.24
101327.24
101327.24
101327.24
101327.24
101327.24
101327.24
101327.21
101327.21
101327.21
101327.21
101327.21
101327.21
101327.21
101327.21
101327.21
101327.21
101327.21
101327.21
101327.21
101327.21
101327.21
101327.21
101327.21
101327.21
101327.21
101327.21
101327.21
101327.21
101327.21
101327.21
101327.21
101327.17
101327.17
101327.17
101327.17
101327.17
101327.17
101327.17
101327.17
101327.17
101327.17
101327.17
101327.17
101327.17
101327.17
101327.17
101327.17
101327.17
101327.17
101327.17
101327.17
101327.17
101327.17
101327.17
101327.17
101327.17
101327.13
101327.13
101327.13
101327.13
101327.13
101327.13
101327.13
101327.13
101327.13
101327.13
101327.13
101327.13
101327.13
101327.13
101327.13
101327.13
101327.13
101327.13
101327.13
101327.13
101327.13
101327.13
101327.13
101327.13
101327.13
101327.1
101327.1
101327.1
101327.1
101327.1
101327.1
101327.1
101327.1
101327.1
101327.1
101327.1
101327.1
101327.1
101327.1
101327.1
101327.1
101327.1
101327.1
101327.1
101327.1
101327.1
101327.1
101327.1
101327.1
101327.1
101327.06
101327.06
101327.06
101327.06
101327.06
101327.06
101327.06
101327.06
101327.06
101327.06
101327.06
101327.06
101327.06
101327.06
101327.06
101327.06
101327.06
101327.06
101327.06
101327.06
101327.06
101327.06
101327.06
101327.06
101327.06
101327.03
101327.03
101327.03
101327.03
101327.03
101327.03
101327.03
101327.03
101327.03
101327.03
101327.03
101327.03
101327.03
101327.03
101327.03
101327.03
101327.03
101327.03
101327.03
101327.03
101327.03
101327.03
101327.03
101327.03
101327.03
101326.99
101326.99
101326.99
101326.99
101326.99
101326.99
101326.99
101326.99
101326.99
101326.99
101326.99
101326.99
101326.99
101326.99
101326.99
101326.99
101326.99
101326.99
101326.99
101326.99
101326.99
101326.99
101326.99
101326.99
101326.99
101326.96
101326.96
101326.96
101326.96
101326.96
101326.96
101326.96
101326.96
101326.96
101326.96
101326.96
101326.96
101326.96
101326.96
101326.96
101326.96
101326.96
101326.96
101326.96
101326.96
101326.96
101326.96
101326.96
101326.96
101326.96
101326.92
101326.92
101326.92
101326.92
101326.92
101326.92
101326.92
101326.92
101326.92
101326.92
101326.92
101326.92
101326.92
101326.92
101326.92
101326.92
101326.92
101326.92
101326.92
101326.92
101326.92
101326.92
101326.92
101326.92
101326.92
101326.89
101326.89
101326.89
101326.89
101326.89
101326.89
101326.89
101326.89
101326.89
101326.89
101326.89
101326.89
101326.89
101326.89
101326.89
101326.89
101326.89
101326.89
101326.89
101326.89
101326.89
101326.89
101326.89
101326.89
101326.89
101326.85
101326.85
101326.85
101326.85
101326.85
101326.85
101326.85
101326.85
101326.85
101326.85
101326.85
101326.85
101326.85
101326.85
101326.85
101326.85
101326.85
101326.85
101326.85
101326.85
101326.85
101326.85
101326.85
101326.85
101326.85
101326.81
101326.81
101326.81
101326.81
101326.81
101326.81
101326.81
101326.81
101326.81
101326.81
101326.81
101326.81
101326.81
101326.81
101326.81
101326.81
101326.81
101326.81
101326.81
101326.81
101326.81
101326.81
101326.81
101326.81
101326.81
101326.78
101326.78
101326.78
101326.78
101326.78
101326.78
101326.78
101326.78
101326.78
101326.78
101326.78
101326.78
101326.78
101326.78
101326.78
101326.78
101326.78
101326.78
101326.78
101326.78
101326.78
101326.78
101326.78
101326.78
101326.78
101326.74
101326.74
101326.74
101326.74
101326.74
101326.74
101326.74
101326.74
101326.74
101326.74
101326.74
101326.74
101326.74
101326.74
101326.74
101326.74
101326.74
101326.74
101326.74
101326.74
101326.74
101326.74
101326.74
101326.74
101326.74
101326.71
101326.71
101326.71
101326.71
101326.71
101326.71
101326.71
101326.71
101326.71
101326.71
101326.71
101326.71
101326.71
101326.71
101326.71
101326.71
101326.71
101326.71
101326.71
101326.71
101326.71
101326.71
101326.71
101326.71
101326.71
101326.67
101326.67
101326.67
101326.67
101326.67
101326.67
101326.67
101326.67
101326.67
101326.67
101326.67
101326.67
101326.67
101326.67
101326.67
101326.67
101326.67
101326.67
101326.67
101326.67
101326.67
101326.67
101326.67
101326.67
101326.67
101326.64
101326.64
101326.64
101326.64
101326.64
101326.64
101326.64
101326.64
101326.64
101326.64
101326.64
101326.64
101326.64
101326.64
101326.64
101326.64
101326.64
101326.64
101326.64
101326.64
101326.64
101326.64
101326.64
101326.64
101326.64
101326.6
101326.6
101326.6
101326.6
101326.6
101326.6
101326.6
101326.6
101326.6
101326.6
101326.6
101326.6
101326.6
101326.6
101326.6
101326.6
101326.6
101326.6
101326.6
101326.6
101326.6
101326.6
101326.6
101326.6
101326.6
101326.56
101326.56
101326.56
101326.56
101326.56
101326.56
101326.56
101326.56
101326.56
101326.56
101326.56
101326.56
101326.56
101326.56
101326.56
101326.56
101326.56
101326.56
101326.56
101326.56
101326.56
101326.56
101326.56
101326.56
101326.56
101326.53
101326.53
101326.53
101326.53
101326.53
101326.53
101326.53
101326.53
101326.53
101326.53
101326.53
101326.53
101326.53
101326.53
101326.53
101326.53
101326.53
101326.53
101326.53
101326.53
101326.53
101326.53
101326.53
101326.53
101326.53
101326.49
101326.49
101326.49
101326.49
101326.49
101326.49
101326.49
101326.49
101326.49
101326.49
101326.49
101326.49
101326.49
101326.49
101326.49
101326.49
101326.49
101326.49
101326.49
101326.49
101326.49
101326.49
101326.49
101326.49
101326.49
101326.46
101326.46
101326.46
101326.46
101326.46
101326.46
101326.46
101326.46
101326.46
101326.46
101326.46
101326.46
101326.46
101326.46
101326.46
101326.46
101326.46
101326.46
101326.46
101326.46
101326.46
101326.46
101326.46
101326.46
101326.46
101326.42
101326.42
101326.42
101326.42
101326.42
101326.42
101326.42
101326.42
101326.42
101326.42
101326.42
101326.42
101326.42
101326.42
101326.42
101326.42
101326.42
101326.42
101326.42
101326.42
101326.42
101326.42
101326.42
101326.42
101326.42
101326.38
101326.38
101326.38
101326.38
101326.38
101326.38
101326.38
101326.38
101326.38
101326.38
101326.38
101326.38
101326.38
101326.38
101326.38
101326.38
101326.38
101326.39
101326.39
101326.39
101326.39
101326.39
101326.39
101326.39
101326.39
101326.35
101326.35
101326.35
101326.35
101326.35
101326.35
101326.35
101326.35
101326.35
101326.35
101326.35
101326.35
101326.35
101326.35
101326.35
101326.35
101326.35
101326.35
101326.35
101326.35
101326.35
101326.35
101326.35
101326.35
101326.35
101326.31
101326.31
101326.31
101326.31
101326.31
101326.31
101326.31
101326.31
101326.31
101326.31
101326.31
101326.31
101326.31
101326.31
101326.31
101326.31
101326.31
101326.31
101326.31
101326.31
101326.31
101326.31
101326.31
101326.31
101326.31
101326.28
101326.28
101326.28
101326.28
101326.28
101326.28
101326.28
101326.28
101326.28
101326.28
101326.28
101326.28
101326.28
101326.28
101326.28
101326.28
101326.28
101326.28
101326.28
101326.28
101326.28
101326.28
101326.28
101326.28
101326.28
101326.24
101326.24
101326.24
101326.24
101326.24
101326.24
101326.24
101326.24
101326.24
101326.24
101326.24
101326.24
101326.24
101326.24
101326.24
101326.24
101326.24
101326.24
101326.24
101326.24
101326.24
101326.24
101326.24
101326.24
101326.24
101326.21
101326.21
101326.21
101326.21
101326.21
101326.21
101326.21
101326.21
101326.21
101326.21
101326.21
101326.21
101326.21
101326.21
101326.21
101326.21
101326.21
101326.21
101326.21
101326.21
101326.21
101326.21
101326.21
101326.21
101326.21
101326.17
101326.17
101326.17
101326.17
101326.17
101326.17
101326.17
101326.17
101326.17
101326.17
101326.17
101326.17
101326.17
101326.17
101326.17
101326.17
101326.17
101326.17
101326.17
101326.17
101326.17
101326.17
101326.17
101326.17
101326.17
101326.13
101326.13
101326.13
101326.13
101326.13
101326.13
101326.13
101326.13
101326.13
101326.13
101326.13
101326.13
101326.13
101326.13
101326.13
101326.13
101326.13
101326.13
101326.13
101326.13
101326.13
101326.13
101326.13
101326.13
101326.13
101326.1
101326.1
101326.1
101326.1
101326.1
101326.1
101326.1
101326.1
101326.1
101326.1
101326.1
101326.1
101326.1
101326.1
101326.1
101326.1
101326.1
101326.1
101326.1
101326.1
101326.1
101326.1
101326.1
101326.1
101326.1
101326.06
101326.06
101326.06
101326.06
101326.06
101326.06
101326.06
101326.06
101326.06
101326.06
101326.06
101326.06
101326.06
101326.06
101326.06
101326.06
101326.06
101326.06
101326.06
101326.06
101326.06
101326.06
101326.06
101326.06
101326.06
101326.03
101326.03
101326.03
101326.03
101326.03
101326.03
101326.03
101326.03
101326.03
101326.03
101326.03
101326.03
101326.03
101326.03
101326.03
101326.03
101326.03
101326.03
101326.03
101326.03
101326.03
101326.03
101326.03
101326.03
101326.03
101325.99
101325.99
101325.99
101325.99
101325.99
101325.99
101325.99
101325.99
101325.99
101325.99
101325.99
101325.99
101325.99
101325.99
101325.99
101325.99
101325.99
101325.99
101325.99
101325.99
101325.99
101325.99
101325.99
101325.99
101325.99
101325.95
101325.95
101325.95
101325.95
101325.95
101325.95
101325.95
101325.95
101325.95
101325.95
101325.95
101325.95
101325.95
101325.95
101325.95
101325.95
101325.95
101325.95
101325.95
101325.95
101325.95
101325.95
101325.95
101325.95
101325.95
101325.92
101325.92
101325.92
101325.92
101325.92
101325.92
101325.92
101325.92
101325.92
101325.92
101325.92
101325.92
101325.92
101325.92
101325.92
101325.92
101325.92
101325.92
101325.92
101325.92
101325.92
101325.92
101325.92
101325.92
101325.92
101325.88
101325.88
101325.88
101325.88
101325.88
101325.88
101325.88
101325.88
101325.88
101325.88
101325.88
101325.88
101325.88
101325.88
101325.88
101325.88
101325.88
101325.88
101325.88
101325.88
101325.88
101325.88
101325.88
101325.88
101325.88
101325.85
101325.85
101325.85
101325.85
101325.85
101325.85
101325.85
101325.85
101325.85
101325.85
101325.85
101325.85
101325.85
101325.85
101325.85
101325.85
101325.85
101325.85
101325.85
101325.85
101325.85
101325.85
101325.85
101325.85
101325.85
101325.81
101325.81
101325.81
101325.81
101325.81
101325.81
101325.81
101325.81
101325.81
101325.81
101325.81
101325.81
101325.81
101325.81
101325.81
101325.81
101325.81
101325.81
101325.81
101325.81
101325.81
101325.81
101325.81
101325.81
101325.81
101325.77
101325.77
101325.77
101325.77
101325.77
101325.77
101325.77
101325.77
101325.77
101325.77
101325.77
101325.77
101325.77
101325.77
101325.77
101325.77
101325.77
101325.77
101325.77
101325.77
101325.77
101325.77
101325.77
101325.77
101325.77
101325.74
101325.74
101325.74
101325.74
101325.74
101325.74
101325.74
101325.74
101325.74
101325.74
101325.74
101325.74
101325.74
101325.74
101325.74
101325.74
101325.74
101325.74
101325.74
101325.74
101325.74
101325.74
101325.74
101325.74
101325.74
101325.7
101325.7
101325.7
101325.7
101325.7
101325.7
101325.7
101325.7
101325.7
101325.7
101325.7
101325.7
101325.7
101325.7
101325.7
101325.7
101325.7
101325.7
101325.7
101325.7
101325.7
101325.7
101325.7
101325.7
101325.7
101325.67
101325.67
101325.67
101325.67
101325.67
101325.67
101325.67
101325.67
101325.67
101325.67
101325.67
101325.67
101325.67
101325.67
101325.67
101325.67
101325.67
101325.67
101325.67
101325.67
101325.67
101325.67
101325.67
101325.67
101325.67
101325.63
101325.63
101325.63
101325.63
101325.63
101325.63
101325.63
101325.63
101325.63
101325.63
101325.63
101325.63
101325.63
101325.63
101325.63
101325.63
101325.63
101325.63
101325.63
101325.63
101325.63
101325.63
101325.63
101325.63
101325.63
101325.59
101325.59
101325.59
101325.59
101325.59
101325.59
101325.59
101325.59
101325.59
101325.59
101325.59
101325.59
101325.59
101325.59
101325.59
101325.59
101325.59
101325.59
101325.59
101325.59
101325.59
101325.59
101325.59
101325.59
101325.59
101325.56
101325.56
101325.56
101325.56
101325.56
101325.56
101325.56
101325.56
101325.56
101325.56
101325.56
101325.56
101325.56
101325.56
101325.56
101325.56
101325.56
101325.56
101325.56
101325.56
101325.56
101325.56
101325.56
101325.56
101325.56
101325.52
101325.52
101325.52
101325.52
101325.52
101325.52
101325.52
101325.52
101325.52
101325.52
101325.52
101325.52
101325.52
101325.52
101325.52
101325.52
101325.52
101325.52
101325.52
101325.52
101325.52
101325.52
101325.52
101325.52
101325.52
101325.49
101325.49
101325.49
101325.49
101325.49
101325.49
101325.49
101325.49
101325.49
101325.49
101325.49
101325.49
101325.49
101325.49
101325.49
101325.49
101325.49
101325.49
101325.49
101325.49
101325.49
101325.49
101325.49
101325.49
101325.49
101325.45
101325.45
101325.45
101325.45
101325.45
101325.45
101325.45
101325.45
101325.45
101325.45
101325.45
101325.45
101325.45
101325.45
101325.45
101325.45
101325.45
101325.45
101325.45
101325.45
101325.45
101325.45
101325.45
101325.45
101325.45
101325.41
101325.41
101325.41
101325.41
101325.41
101325.41
101325.41
101325.41
101325.41
101325.41
101325.41
101325.41
101325.41
101325.41
101325.41
101325.41
101325.41
101325.41
101325.41
101325.41
101325.41
101325.41
101325.41
101325.41
101325.41
101325.38
101325.38
101325.38
101325.38
101325.38
101325.38
101325.38
101325.38
101325.38
101325.38
101325.38
101325.38
101325.38
101325.38
101325.38
101325.38
101325.38
101325.38
101325.38
101325.38
101325.38
101325.38
101325.38
101325.38
101325.38
101325.34
101325.34
101325.34
101325.34
101325.34
101325.34
101325.34
101325.34
101325.34
101325.34
101325.34
101325.34
101325.34
101325.34
101325.34
101325.34
101325.34
101325.34
101325.34
101325.34
101325.34
101325.34
101325.34
101325.34
101325.34
101325.31
101325.31
101325.31
101325.31
101325.31
101325.31
101325.31
101325.31
101325.31
101325.31
101325.31
101325.31
101325.31
101325.31
101325.31
101325.31
101325.31
101325.31
101325.31
101325.31
101325.31
101325.31
101325.31
101325.31
101325.31
101325.27
101325.27
101325.27
101325.27
101325.27
101325.27
101325.27
101325.27
101325.27
101325.27
101325.27
101325.27
101325.27
101325.27
101325.27
101325.27
101325.27
101325.27
101325.27
101325.27
101325.27
101325.27
101325.27
101325.27
101325.27
101325.23
101325.23
101325.23
101325.23
101325.23
101325.23
101325.23
101325.23
101325.23
101325.23
101325.23
101325.23
101325.23
101325.23
101325.23
101325.23
101325.23
101325.23
101325.23
101325.23
101325.23
101325.23
101325.23
101325.23
101325.23
101325.2
101325.2
101325.2
101325.2
101325.2
101325.2
101325.2
101325.2
101325.2
101325.2
101325.2
101325.2
101325.2
101325.2
101325.2
101325.2
101325.2
101325.2
101325.2
101325.2
101325.2
101325.2
101325.2
101325.2
101325.2
101325.16
101325.16
101325.16
101325.16
101325.16
101325.16
101325.16
101325.16
101325.16
101325.16
101325.16
101325.16
101325.16
101325.16
101325.16
101325.16
101325.16
101325.16
101325.16
101325.16
101325.16
101325.16
101325.16
101325.16
101325.16
101325.13
101325.13
101325.13
101325.13
101325.13
101325.13
101325.13
101325.13
101325.13
101325.13
101325.13
101325.13
101325.13
101325.13
101325.13
101325.13
101325.13
101325.13
101325.13
101325.13
101325.13
101325.13
101325.13
101325.13
101325.13
101325.09
101325.09
101325.09
101325.09
101325.09
101325.09
101325.09
101325.09
101325.09
101325.09
101325.09
101325.09
101325.09
101325.09
101325.09
101325.09
101325.09
101325.09
101325.09
101325.09
101325.09
101325.09
101325.09
101325.09
101325.09
101325.05
101325.05
101325.05
101325.05
101325.05
101325.05
101325.05
101325.05
101325.05
101325.05
101325.05
101325.05
101325.05
101325.05
101325.05
101325.05
101325.05
101325.05
101325.05
101325.05
101325.05
101325.05
101325.05
101325.05
101325.05
101325.02
101325.02
101325.02
101325.02
101325.02
101325.02
101325.02
101325.02
101325.02
101325.02
101325.02
101325.02
101325.02
101325.02
101325.02
101325.02
101325.02
101325.02
101325.02
101325.02
101325.02
101325.02
101325.02
101325.02
101325.02
)
;

boundaryField
{
    inlet
    {
        type            calculated;
        value           nonuniform List<scalar> 
25
(
101334.49
101334.5
101334.51
101334.52
101334.54
101334.56
101334.59
101334.61
101334.64
101334.66
101334.69
101334.72
101334.74
101334.77
101334.8
101334.82
101334.85
101334.87
101334.89
101334.91
101334.93
101334.95
101334.97
101334.98
101335
)
;
    }
    outlet
    {
        type            calculated;
        value           uniform 101325;
    }
    wall
    {
        type            calculated;
        value           nonuniform List<scalar> 
250
(
101335
101334.04
101334.01
101333.99
101333.91
101333.83
101333.77
101333.71
101333.65
101333.6
101333.55
101333.5
101333.45
101333.41
101333.36
101333.32
101333.28
101333.23
101333.19
101333.14
101333.1
101333.06
101333.02
101332.97
101332.93
101332.89
101332.85
101332.81
101332.77
101332.73
101332.69
101332.65
101332.61
101332.57
101332.54
101332.5
101332.46
101332.42
101332.38
101332.35
101332.31
101332.27
101332.23
101332.2
101332.16
101332.12
101332.09
101332.05
101332.01
101331.98
101331.94
101331.9
101331.87
101331.83
101331.8
101331.76
101331.73
101331.69
101331.65
101331.62
101331.58
101331.55
101331.51
101331.48
101331.44
101331.41
101331.37
101331.34
101331.3
101331.27
101331.23
101331.2
101331.17
101331.13
101331.1
101331.06
101331.03
101330.99
101330.96
101330.92
101330.89
101330.86
101330.82
101330.79
101330.75
101330.72
101330.69
101330.65
101330.62
101330.58
101330.55
101330.52
101330.48
101330.45
101330.42
101330.38
101330.35
101330.31
101330.28
101330.25
101330.21
101330.18
101330.15
101330.11
101330.08
101330.04
101330.01
101329.98
101329.94
101329.91
101329.88
101329.84
101329.81
101329.78
101329.74
101329.71
101329.68
101329.64
101329.61
101329.57
101329.54
101329.51
101329.47
101329.44
101329.41
101329.37
101329.34
101329.31
101329.27
101329.24
101329.21
101329.17
101329.14
101329.1
101329.07
101329.04
101329
101328.97
101328.94
101328.9
101328.87
101328.83
101328.8
101328.77
101328.73
101328.7
101328.67
101328.63
101328.6
101328.56
101328.53
101328.49
101328.46
101328.43
101328.39
101328.36
101328.32
101328.29
101328.25
101328.22
101328.19
101328.15
101328.12
101328.08
101328.05
101328.01
101327.98
101327.94
101327.91
101327.87
101327.84
101327.8
101327.77
101327.73
101327.7
101327.66
101327.63
101327.59
101327.56
101327.52
101327.49
101327.45
101327.42
101327.38
101327.35
101327.31
101327.28
101327.24
101327.21
101327.17
101327.13
101327.1
101327.06
101327.03
101326.99
101326.96
101326.92
101326.89
101326.85
101326.81
101326.78
101326.74
101326.71
101326.67
101326.64
101326.6
101326.56
101326.53
101326.49
101326.46
101326.42
101326.39
101326.35
101326.31
101326.28
101326.24
101326.21
101326.17
101326.13
101326.1
101326.06
101326.03
101325.99
101325.95
101325.92
101325.88
101325.85
101325.81
101325.77
101325.74
101325.7
101325.67
101325.63
101325.59
101325.56
101325.52
101325.49
101325.45
101325.41
101325.38
101325.34
101325.31
101325.27
101325.23
101325.2
101325.16
101325.13
101325.09
101325.05
101325.02
)
;
    }
    front
    {
        type            wedge;
    }
    back
    {
        type            wedge;
    }
    axis
    {
        type            empty;
    }
}


// ************************************************************************* //
