/*--------------------------------*- C++ -*----------------------------------*\
| =========                 |                                                 |
| \\      /  F ield         | OpenFOAM: The Open Source CFD Toolbox           |
|  \\    /   O peration     | Version:  v2012                                 |
|   \\  /    A nd           | Website:  www.openfoam.com                      |
|    \\/     M anipulation  |                                                 |
\*---------------------------------------------------------------------------*/
FoamFile
{
    version     2.0;
    format      ascii;
    class       volScalarField;
    location    "2000";
    object      T;
}
// * * * * * * * * * * * * * * * * * * * * * * * * * * * * * * * * * * * * * //

dimensions      [0 0 0 1 0 0 0];


internalField   nonuniform List<scalar> 
6250
(
299.99997
299.99997
299.99996
299.99996
299.99995
299.99995
299.99994
299.99994
299.99993
299.9999
299.99983
299.99966
299.99929
299.99853
299.99707
299.99425
299.98873
299.97756
299.95699
299.9457
300.11634
301.11969
304.43148
312.64667
330.36744
299.99981
299.99981
299.9998
299.99978
299.99976
299.99974
299.99971
299.99965
299.99954
299.99931
299.99891
299.99823
299.99718
299.99573
299.99402
299.99299
299.99691
300.02517
300.16425
300.7421
302.64057
307.35185
316.28847
329.43992
343.98227
299.99967
299.99966
299.99965
299.99964
299.99961
299.99957
299.9995
299.99937
299.99914
299.99878
299.99833
299.99793
299.99798
299.99952
300.00526
300.02276
300.07528
300.23986
300.76929
302.34297
306.1509
313.26311
323.51037
334.94597
345.28305
299.99958
299.99957
299.99956
299.99954
299.9995
299.99943
299.99932
299.99916
299.99898
299.99893
299.99935
300.00094
300.00523
300.01554
300.03967
300.09755
300.24438
300.64034
301.71761
304.34284
309.50902
317.45422
327.11073
336.85938
345.79028
299.99949
299.99949
299.99947
299.99944
299.99939
299.99931
299.99923
299.99923
299.99953
300.00059
300.00328
300.00926
300.0218
300.04776
300.10256
300.22354
300.50736
301.20607
302.88458
306.38479
312.27674
320.22303
329.11846
337.94979
346.13682
299.99941
299.99941
299.99938
299.99935
299.9993
299.99929
299.99941
299.99993
300.00136
300.00462
300.01131
300.0244
300.04954
300.09824
300.19564
300.40036
300.85566
301.89745
304.14422
308.27514
314.46682
322.1457
330.476
338.73377
346.38896
299.99934
299.99933
299.99931
299.99929
299.99931
299.99948
300.00009
300.00163
300.00501
300.01171
300.02429
300.04731
300.08937
300.16764
300.31872
300.62543
301.27915
302.6792
305.41635
309.94334
316.18382
323.56151
331.47145
339.31202
346.57436
299.99928
299.99927
299.99926
299.99929
299.99947
300.00005
300.00151
300.00468
300.01091
300.02237
300.04274
300.07848
300.14159
300.25576
300.47053
300.8948
301.76463
303.51106
306.64424
311.39288
317.54179
324.6348
332.21203
339.73833
346.71093
299.99922
299.99922
299.99925
299.9994
299.99989
300.00115
300.00391
300.00937
300.01938
300.03693
300.06693
300.118
300.20598
300.36177
300.64918
301.20422
302.30201
304.37201
307.79835
312.63146
318.62695
325.45755
332.76298
340.05184
346.81129
299.99918
299.99921
299.99932
299.99969
300.00069
300.00294
300.00749
300.01592
300.03067
300.05557
300.09696
300.16582
300.28225
300.48516
300.85379
301.55136
302.8817
305.24091
308.8655
313.68491
319.50006
326.0894
333.16942
340.27933
346.88398
299.99917
299.99924
299.9995
300.00023
300.00196
300.00557
300.01241
300.0245
300.04489
300.07838
300.13279
300.2217
300.36981
300.62468
301.08185
301.93105
303.48799
306.09116
309.85058
314.60194
320.21742
326.58038
333.46928
340.44328
346.93622
299.9992
299.99935
299.99985
300.0011
300.00381
300.00915
300.01879
300.03522
300.06214
300.10533
300.17428
300.28531
300.46812
300.77963
301.33241
302.33986
304.1117
306.91243
310.75291
315.4098
320.82465
326.97533
333.69795
340.56512
346.97494
299.99931
299.99958
300.00042
300.00236
300.00634
300.01379
300.02674
300.04815
300.08241
300.13637
300.22124
300.35631
300.57672
300.94963
301.60617
302.77879
304.74623
307.69473
311.57461
316.12795
321.35399
327.30912
333.88447
340.66271
347.00589
299.99951
299.99996
300.00126
300.00409
300.00963
300.01957
300.03632
300.06331
300.10567
300.17135
300.2734
300.43429
300.69508
301.13412
301.90144
303.23827
305.38226
308.44564
312.3226
316.77282
321.83317
327.60974
334.05186
340.75018
347.03365
299.99986
300.00054
300.00242
300.00636
300.01374
300.02655
300.04755
300.0807
300.13186
300.21016
300.3306
300.51918
300.8235
301.33396
302.21777
303.71349
306.01228
309.15997
313.00675
317.35835
322.27646
327.8942
334.21487
340.83678
347.06118
300.00038
300.00137
300.00398
300.00922
300.01873
300.03476
300.06046
300.10029
300.16089
300.25262
300.39259
300.61059
300.96146
301.5493
302.55662
304.20237
306.62826
309.8332
313.63662
317.89468
322.68852
328.16812
334.37867
340.92573
347.08955
300.00112
300.00248
300.00596
300.01273
300.02464
300.04424
300.07503
300.12202
300.19264
300.29856
300.45915
300.70844
301.10948
301.78132
302.91726
304.70015
307.22462
310.46351
314.21826
318.38871
323.07234
328.43165
334.54242
341.01632
347.1185
300.00212
300.00392
300.00842
300.01693
300.03151
300.05498
300.09124
300.14582
300.22701
300.34788
300.53033
300.81321
301.26867
302.03001
303.29269
305.19952
307.80346
311.0535
314.75611
318.84492
323.42991
328.68331
334.70325
341.10643
347.14734
300.00343
300.00574
300.01141
300.02185
300.03934
300.06699
300.10905
300.17164
300.26392
300.40049
300.60602
300.9247
301.43908
302.29541
303.67844
305.69437
308.36449
311.60757
315.25465
319.26677
323.76268
328.92167
334.85852
341.19413
347.17542
300.00509
300.00797
300.01494
300.02751
300.04815
300.08024
300.12843
300.1994
300.30326
300.45626
300.68614
301.0431
301.62109
302.5767
304.07242
306.18154
308.90343
312.12857
315.71811
319.65756
324.07215
329.14601
335.00649
341.27814
347.20233
300.00712
300.01066
300.01907
300.03394
300.05795
300.09473
300.14933
300.22903
300.34496
300.5152
300.77097
301.16914
301.81521
302.87188
304.47165
306.65878
309.4178
312.6183
316.1502
320.02054
324.36011
329.35639
335.14638
341.35778
347.22785
300.00958
300.01383
300.0238
300.04115
300.06872
300.11042
300.1717
300.26048
300.38901
300.57737
300.86066
301.3034
302.02235
303.17972
304.87266
307.12339
309.90652
313.07833
316.55387
320.35861
324.62848
329.55347
335.2781
341.43291
347.25193
300.01248
300.01752
300.02917
300.04914
300.08046
300.1273
300.19551
300.29371
300.43534
300.64269
300.95523
301.44616
302.2427
303.49689
305.27208
307.57634
310.37067
313.51039
316.9314
320.67412
324.87904
329.73811
335.40194
341.50362
347.27458
300.01587
300.02174
300.03518
300.05793
300.09316
300.14533
300.22072
300.32867
300.48393
300.71127
301.05505
301.59781
302.47471
303.81916
305.66798
308.01888
310.81264
313.91671
317.28488
320.96906
325.11334
329.91123
335.51834
341.57012
347.29589
300.01976
300.02651
300.04184
300.0675
300.1068
300.16448
300.24729
300.36535
300.53485
300.78338
301.16071
301.75858
302.71675
304.14494
306.05926
308.44866
311.23395
314.29974
317.6165
321.24527
325.33282
330.07374
335.62782
341.63268
347.31594
300.02417
300.03186
300.04917
300.07785
300.12138
300.18475
300.27521
300.40374
300.58813
300.85905
301.27241
301.92907
302.96818
304.47273
306.44439
308.86376
311.63543
314.66169
317.92844
321.50458
325.53883
330.22652
335.73088
341.69159
347.33481
300.02912
300.03779
300.05717
300.08899
300.13686
300.2061
300.30445
300.44382
300.64374
300.93829
301.3904
302.10955
303.22827
304.80123
306.82192
309.26335
312.01782
315.00432
318.22265
321.74868
325.73271
330.37047
335.82808
341.74714
347.35261
300.03463
300.04432
300.06584
300.1009
300.15325
300.22852
300.33499
300.48558
300.70175
301.02145
301.51521
302.29993
303.49618
305.12949
307.19019
309.64682
312.38175
315.32899
318.50074
321.97907
325.91565
330.50644
335.91996
341.79964
347.36943
300.0407
300.05145
300.07519
300.11357
300.17053
300.25198
300.36682
300.52908
300.76238
301.10899
301.64713
302.49882
303.76733
305.45599
307.55274
310.01553
312.72812
315.63684
318.764
322.19702
326.08871
330.63518
336.00701
341.84937
347.38536
300.04734
300.05918
300.0852
300.12701
300.18868
300.27649
300.39996
300.57435
300.8257
301.20113
301.78653
302.70532
304.04004
305.77984
307.90877
310.37074
313.05822
315.92908
319.01365
322.40363
326.25284
330.75742
336.08974
341.89663
347.4005
300.05456
300.06752
300.09588
300.14119
300.2077
300.30202
300.43439
300.6214
300.89173
301.29802
301.93368
302.91896
304.31385
306.1001
308.25659
310.71299
313.37335
316.20697
319.25079
322.59993
326.40888
330.87381
336.16859
341.94168
347.41492
300.06236
300.07647
300.10722
300.15612
300.22757
300.32857
300.47011
300.67025
300.96062
301.39997
302.0885
303.13905
304.58851
306.41584
308.59494
311.04248
313.67463
316.47173
319.47653
322.78683
326.5576
330.98492
336.24395
341.98473
347.42871
300.07075
300.08603
300.11923
300.17178
300.24828
300.35614
300.50715
300.72103
301.0327
301.50728
302.25057
303.36466
304.86364
306.72642
308.9231
311.35942
313.96304
316.72452
319.69191
322.96522
326.69972
331.09128
336.3162
342.02601
347.44194
300.07971
300.09619
300.13188
300.18817
300.26983
300.38472
300.54556
300.77386
301.10826
301.62032
302.41975
303.59519
305.13864
307.03081
309.24045
311.66394
314.2393
316.9663
319.89784
323.1359
326.83586
331.19337
336.38563
342.06569
347.45465
300.08925
300.10696
300.14519
300.20528
300.29221
300.41433
300.58535
300.82877
301.18743
301.73948
302.59541
303.82704
305.4123
307.33203
309.54798
311.95645
314.50396
317.1978
320.0951
323.29953
326.96658
331.29159
336.45254
342.10393
347.46689
300.09937
300.11832
300.15913
300.2231
300.31542
300.44497
300.62653
300.88581
301.27039
301.86484
302.77686
304.05955
305.68407
307.62932
309.84648
312.23769
314.75766
317.41969
320.28432
323.4567
327.09236
331.38631
336.51717
342.14088
347.47873
300.11007
300.13027
300.17372
300.24164
300.33946
300.47664
300.66914
300.94514
301.35737
301.99621
302.96341
304.29283
305.95348
307.92137
310.13624
312.50844
315.00113
317.63259
320.46609
323.60794
327.21363
331.47785
336.57975
342.17667
347.49019
300.12134
300.14282
300.18893
300.26087
300.36432
300.50936
300.71328
301.00698
301.44857
302.13331
303.15446
304.52688
306.22002
308.20727
310.4173
312.76937
315.23508
317.83712
320.64093
323.75367
327.33075
331.56646
336.64043
342.2114
347.50132
300.13317
300.15595
300.20478
300.28081
300.39001
300.54318
300.75903
301.07154
301.54424
302.27595
303.34941
304.76139
306.48324
308.48646
310.68967
313.02101
315.46019
318.0339
320.80935
323.89431
327.44401
331.65236
336.69937
342.24513
347.51212
300.14556
300.16966
300.22124
300.30144
300.41655
300.5781
300.80642
301.13891
301.64472
302.4242
303.54779
304.99591
306.74253
308.75842
310.95338
313.26386
315.67708
318.22349
320.97179
324.0302
327.55368
331.73572
336.75665
342.27793
347.52263
300.15851
300.18395
300.23833
300.32277
300.44393
300.61413
300.85547
301.20923
301.75022
302.5778
303.74812
305.22979
306.9988
309.02323
311.20854
313.49829
315.88628
318.40639
321.12868
324.16167
327.66
331.8167
336.81236
342.30984
347.53285
300.17202
300.19881
300.25603
300.3448
300.47215
300.6513
300.9063
301.2827
301.86066
302.73601
303.94898
305.46253
307.25304
309.28155
311.45545
313.72463
316.0882
318.58305
321.2804
324.28901
327.76316
331.89542
336.8666
342.3409
347.54279
300.18607
300.21423
300.27434
300.36752
300.50123
300.68967
300.95907
301.3595
301.97585
302.89819
304.15039
305.6939
307.50434
309.53373
311.6946
313.94328
316.28324
318.75383
321.42728
324.41249
327.86338
331.97203
336.91944
342.37117
347.55249
300.20066
300.23022
300.29325
300.39095
300.53119
300.72932
301.01395
301.43978
302.09558
303.06383
304.35245
305.92363
307.75188
309.77982
311.92643
314.15467
316.47178
318.91909
321.56961
324.53235
327.96083
332.04666
336.97097
342.4007
347.56195
300.21579
300.24676
300.31278
300.41508
300.56206
300.77027
301.07102
301.52376
302.21981
303.23253
304.55504
306.15138
307.99508
310.0198
312.15134
314.35925
316.65421
319.07914
321.70767
324.64881
328.05567
332.1194
337.02125
342.42951
347.57118
300.23146
300.26386
300.33291
300.43992
300.59383
300.81253
301.13035
301.61164
302.34853
303.40392
304.75789
306.37682
308.23358
310.25366
312.36962
314.55743
316.83089
319.23429
321.8417
324.76205
328.14805
332.19036
337.07035
342.45764
347.58019
300.24765
300.28151
300.35365
300.46547
300.62653
300.85616
301.19208
301.70351
302.48167
303.57791
304.96071
306.59949
308.46709
310.48139
312.58155
314.74957
317.00217
319.38483
321.97192
324.87225
328.23808
332.25961
337.1183
342.48512
347.58899
300.26438
300.29971
300.375
300.49174
300.66017
300.90125
301.25636
301.79941
302.61893
303.75352
305.1631
306.82008
308.69557
310.70304
312.78738
314.93599
317.16836
319.53102
322.09854
324.97955
328.32586
332.32722
337.16514
342.51196
347.59758
300.28163
300.31846
300.39695
300.51874
300.69481
300.94793
301.32336
301.89921
302.75971
303.92956
305.36479
307.03952
308.91947
310.91873
312.9873
315.11699
317.32977
319.67311
322.22175
325.08409
328.4115
332.39324
337.21091
342.53819
347.60598
300.2994
300.33776
300.41952
300.54648
300.7305
300.99632
301.39319
302.00281
302.90349
304.10602
305.56566
307.25719
309.13902
311.12878
313.18155
315.29282
317.48663
319.81132
322.34173
325.18602
328.49509
332.45775
337.25565
342.56382
347.61419
300.31769
300.3576
300.4427
300.57499
300.76725
301.04647
301.46603
302.11016
303.0499
304.28297
305.76555
307.47243
309.35427
311.33348
313.37041
315.46372
317.63919
319.94587
322.45865
325.28546
328.57673
332.52082
337.29941
342.58888
347.62222
300.3365
300.37799
300.46649
300.60427
300.80508
301.09844
301.54202
302.22124
303.1987
304.46038
305.9642
307.6848
309.56519
311.53307
313.55414
315.62994
317.78766
320.07693
322.57267
325.38255
328.65652
332.5825
337.34222
342.6134
347.63007
300.35583
300.39893
300.49091
300.63432
300.84402
301.15233
301.62122
302.33597
303.34974
304.63811
306.16136
307.89397
309.77174
311.72777
313.73303
315.79171
317.93225
320.20468
322.68393
325.47738
328.73453
332.64286
337.38412
342.63739
347.63775
300.37568
300.42041
300.51596
300.66517
300.88415
301.20826
301.70366
302.4542
303.50289
304.816
306.35684
308.09975
309.97389
311.91774
313.90731
315.94928
318.07314
320.32929
322.79257
325.57007
328.81085
332.70195
337.42515
342.66088
347.64527
300.39604
300.44245
300.54164
300.69684
300.92555
301.26634
301.78933
302.57583
303.65814
304.99391
306.55025
308.30189
310.17165
312.10315
314.07721
316.10285
318.21053
320.4509
322.8987
325.66071
328.88555
332.75982
337.46534
342.68388
347.65263
300.41692
300.46503
300.56796
300.72938
300.9683
301.32669
301.87824
302.70053
303.81432
305.17152
306.7427
308.50059
310.36503
312.2841
314.2429
316.25262
318.34459
320.56965
323.00243
325.74938
328.95868
332.8165
337.50469
342.70639
347.65984
300.43832
300.48818
300.59495
300.7628
301.01248
301.38944
301.97036
302.82786
303.9708
305.34871
306.93448
308.69609
310.55413
312.46074
314.40457
316.39877
318.47546
320.68568
323.10386
325.83617
329.03031
332.87203
337.54324
342.72844
347.6669
300.46024
300.51188
300.6226
300.79713
301.05812
301.45473
302.0657
302.95748
304.12762
305.52541
307.12507
308.88853
310.73915
312.63322
314.56238
316.54146
318.60332
320.79911
323.20311
325.92115
329.10049
332.92645
337.58103
342.75005
347.67382
300.48269
300.53615
300.65093
300.83237
301.10528
301.52263
302.16419
303.08919
304.28484
305.70148
307.31401
309.0779
310.92027
312.80172
314.71649
316.68086
318.7283
320.91006
323.30027
326.00441
329.16928
332.97982
337.61808
342.77122
347.6806
300.50566
300.56099
300.67994
300.86857
301.15406
301.59318
302.26573
303.22288
304.44247
305.87677
307.50098
309.26416
311.09765
312.96641
314.86706
316.81711
318.85052
321.01865
323.39543
326.08601
329.23673
333.03217
337.65441
342.79198
347.68724
300.52917
300.58641
300.70966
300.90578
301.20454
301.6664
302.37023
303.35848
304.60046
306.05109
307.68574
309.44728
311.27142
313.12747
315.01426
316.95034
318.97012
321.12499
323.48869
326.16602
329.30291
333.08354
337.69006
342.81235
347.69376
300.55321
300.61241
300.7401
300.94408
301.2568
301.7423
302.47757
303.49588
304.75874
306.22431
307.86811
309.62721
311.44168
313.28505
315.15822
317.08069
319.0872
321.22916
323.58011
326.24451
329.36786
333.13396
337.72505
342.83233
347.70015
300.57778
300.639
300.7713
300.98352
301.31095
301.82088
302.58762
303.63496
304.91719
306.39629
308.04799
309.80396
311.60855
313.4393
315.29911
317.20829
319.20188
321.33127
323.66978
326.32155
329.43163
333.18348
337.75941
342.85194
347.70643
300.60291
300.6662
300.80328
301.02414
301.36709
301.90222
302.70031
303.77564
305.0757
306.56684
308.22521
309.97751
311.77209
313.59035
315.43704
317.33326
319.31426
321.4314
323.75777
326.39718
329.49426
333.23212
337.79315
342.87119
347.71259
300.62859
300.69402
300.83604
301.06599
301.42532
301.98636
302.81533
303.91666
305.23399
306.73721
308.40005
310.14786
311.93238
313.73831
315.57214
317.4557
319.42443
321.52962
323.84415
326.47146
329.55579
333.27991
337.82628
342.89009
347.71864
300.65484
300.72247
300.8696
301.10911
301.48572
302.07325
302.93242
304.0579
305.39205
306.90714
308.57268
310.31512
312.08949
313.88328
315.70452
317.57572
319.53248
321.62601
323.92896
326.54443
329.61626
333.32687
337.85885
342.90865
347.72458
300.68165
300.75155
300.904
301.15357
301.54834
302.16285
303.0514
304.19947
305.54981
307.07624
308.74314
310.47942
312.24353
314.02537
315.8343
317.69342
319.6385
321.72065
324.01228
326.61615
329.6757
333.37305
337.89086
342.92689
347.73041
300.70904
300.78127
300.93928
301.19944
301.6132
302.25506
303.17215
304.34144
305.7072
307.24417
308.91139
310.64086
312.39462
314.16468
315.96157
317.8089
319.74258
321.81361
324.09416
326.68666
329.73417
333.41848
337.92233
342.94483
347.73615
300.73702
300.81168
300.97548
301.24681
301.68033
302.34979
303.29461
304.48383
305.86408
307.41072
309.0774
310.79956
312.54289
314.30133
316.08643
317.92225
319.84479
321.90495
324.17465
326.75601
329.79169
333.46317
337.95329
342.96246
347.74179
300.7656
300.84278
301.01267
301.29573
301.74974
302.44696
303.41869
304.62662
306.02037
307.57571
309.24111
310.95559
312.68843
314.43542
316.20898
318.03355
319.9452
321.99473
324.25382
326.82424
329.84829
333.50715
337.98376
342.97981
347.74734
300.7948
300.87459
301.05087
301.3463
301.82148
302.54649
303.54431
304.76975
306.17594
307.73901
309.4025
311.10902
312.83135
314.56704
316.3293
318.14287
320.04389
322.08302
324.3317
326.8914
329.90402
333.55046
338.01375
342.99687
347.7528
300.82464
300.90715
301.09013
301.39858
301.89558
302.6483
303.67136
304.91316
306.33071
307.90054
309.56155
311.2599
312.97175
314.6963
316.44748
318.2503
320.14092
322.16988
324.40835
326.95752
329.95891
333.59311
338.04328
343.01367
347.75817
300.85512
300.94045
301.13047
301.45264
301.97209
302.75233
303.7998
305.05676
306.48454
308.0602
309.71826
311.40829
313.10971
314.82328
316.56361
318.35591
320.23636
322.25535
324.48382
327.02264
330.01297
333.63514
338.07236
343.03021
347.76346
300.88626
300.97453
301.17194
301.50856
302.05104
302.8585
303.92917
305.20041
306.63775
308.218
309.87261
311.55424
313.24531
314.94808
316.67776
318.45977
320.33026
322.33948
324.55814
327.0868
330.06625
333.67655
338.10102
343.0465
347.76867
300.91808
301.00941
301.2146
301.56639
302.1324
302.96662
304.05883
305.34396
306.79086
308.37411
310.02462
311.69779
313.37862
315.07076
316.79
318.56193
320.42267
322.42232
324.63136
327.15002
330.11877
333.71737
338.12925
343.06255
347.77381
300.9506
301.04513
301.25852
301.62616
302.21612
303.07651
304.18878
305.48741
306.94367
308.52864
310.17437
311.83899
313.5097
315.1914
316.9004
318.66246
320.51366
322.50392
324.7035
327.21234
330.17055
333.75761
338.15709
343.07836
347.77886
300.98384
301.08174
301.30375
301.68792
302.30215
303.18805
304.31908
305.6307
307.09589
308.68159
310.32194
311.97791
313.63863
315.31006
317.00903
318.76142
320.60326
322.58433
324.77462
327.27379
330.22161
333.79731
338.18454
343.09395
347.78385
301.01784
301.11927
301.35037
301.75168
302.39041
303.30115
304.44979
305.77379
307.2473
308.83293
310.46741
312.11463
313.76546
315.42682
317.11595
318.85887
320.69154
322.66357
324.84474
327.33441
330.272
333.83648
338.21162
343.10932
347.78876
301.05263
301.15778
301.39843
301.81748
302.48085
303.41573
304.58093
305.9166
307.39773
308.98263
310.61084
312.24922
313.89028
315.54174
317.22123
318.95486
320.77853
322.7417
324.91391
327.39421
330.32172
333.87514
338.23834
343.12449
347.79361
301.08823
301.19729
301.44799
301.88536
302.57341
303.53172
304.71249
306.05905
307.54708
309.13065
310.75227
312.38177
314.01316
315.65489
317.32492
319.04944
320.86428
322.81875
324.98214
327.45324
330.3708
333.9133
338.26471
343.13945
347.79839
301.12467
301.23784
301.49912
301.95537
302.66803
303.64905
304.84442
306.20106
307.69524
309.27697
310.89176
312.51234
314.13415
315.76632
317.42707
319.14266
320.94884
322.89475
325.04948
327.5115
330.41927
333.95099
338.29075
343.15422
347.80312
301.16197
301.27947
301.55187
302.02754
302.76468
303.76766
304.97669
306.34258
307.84213
309.42157
311.02933
312.64098
314.25332
315.87609
317.52774
319.23457
321.03225
322.96976
325.11596
327.56904
330.46714
333.98821
338.31646
343.1688
347.80778
301.20018
301.32223
301.6063
302.10187
302.86332
303.88745
305.10924
306.48352
307.98771
309.56444
311.16504
312.76776
314.37074
315.98425
317.62698
319.32521
321.11454
323.04379
325.1816
327.62588
330.51443
334.025
338.34187
343.1832
347.81238
301.23932
301.36616
301.66246
302.17839
302.9639
304.0084
305.242
306.62381
308.13191
309.70557
311.2989
312.89274
314.48646
316.09088
317.72483
319.41462
321.19575
323.11689
325.24643
327.68203
330.56117
334.06135
338.36697
343.19742
347.81693
301.27943
301.41133
301.7204
302.2571
303.06639
304.13019
305.37486
306.76366
308.27474
309.84497
311.43096
313.01596
314.60054
316.196
317.82134
319.50285
321.27592
323.18907
325.31048
327.73752
330.60737
334.09728
338.39178
343.21148
347.82142
301.32057
301.45779
301.78017
302.33798
303.17062
304.25233
305.50773
306.9035
308.41633
309.98263
311.56123
313.13746
314.71302
316.29968
317.91656
319.58992
321.35508
323.26038
325.37377
327.79237
330.65305
334.13281
338.4163
343.22537
347.82586
301.36279
301.50561
301.8418
302.421
303.27646
304.37478
305.64058
307.04317
308.55674
310.1186
311.68975
313.2573
314.82397
316.40196
318.01052
319.67589
321.43327
323.33083
325.43633
327.84661
330.69822
334.16795
338.44056
343.2391
347.83025
301.40613
301.55485
301.90534
302.50612
303.3838
304.4976
305.7734
307.18247
308.69599
310.25295
311.81656
313.37551
314.93341
316.50289
318.10327
319.76078
321.5105
323.40046
325.49818
327.90024
330.7429
334.20272
338.46455
343.25267
347.83458
301.45067
301.60556
301.97083
302.59331
303.49256
304.62084
305.90615
307.32124
308.83408
310.38572
311.9417
313.49214
315.04141
316.6025
318.19485
319.84463
321.58683
323.46929
325.55934
327.9533
330.7871
334.23711
338.48828
343.26611
347.83888
301.49646
301.65782
302.03828
302.68251
303.60266
304.74452
306.03878
307.45936
308.97096
310.51696
312.06524
313.60722
315.148
316.70084
318.28529
319.92747
321.66226
323.53735
325.61984
328.00579
330.83085
334.27116
338.51177
343.27939
347.84312
301.54354
301.71167
302.10775
302.7737
303.71407
304.86863
306.17123
307.59673
309.10662
310.6467
312.18722
313.72082
315.25322
316.79795
318.37463
320.00933
321.73683
323.60465
325.67969
328.05774
330.87416
334.30487
338.53502
343.29255
347.84733
301.59198
301.76717
302.17926
302.86683
303.82671
304.99316
306.30346
307.73329
309.24103
310.77497
312.30768
313.83298
315.35711
316.89387
318.4629
320.09025
321.81058
323.67123
325.73892
328.10916
330.91704
334.33824
338.55805
343.30556
347.85149
301.64181
301.82438
302.25285
302.96187
303.94053
305.11808
306.43541
307.86897
309.37419
310.9018
312.42667
313.94373
315.45972
316.98863
318.55014
320.17026
321.88351
323.73711
325.79754
328.16008
330.95951
334.3713
338.58085
343.31845
347.8556
301.6931
301.88335
302.32854
303.05879
304.05549
305.24335
306.56705
308.00373
309.50607
311.02722
312.54424
314.05313
315.56109
317.08227
318.63638
320.24938
321.95567
323.80231
325.85558
328.2105
331.00157
334.40405
338.60344
343.33122
347.85968
301.74589
301.94414
302.40635
303.15754
304.17153
305.36892
306.69832
308.13753
309.63668
311.15124
312.66041
314.1612
315.66125
317.17482
318.72165
320.32763
322.02707
323.86685
325.91305
328.26044
331.04324
334.4365
338.62582
343.34387
347.86372
301.80026
302.0068
302.48629
303.2581
304.28858
305.49477
306.82918
308.27034
309.76601
311.27389
312.77523
314.26801
315.76023
317.26631
318.80598
320.40506
322.09774
323.93075
325.96997
328.30992
331.08454
334.46867
338.648
343.3564
347.86773
301.85627
302.07139
302.56838
303.36043
304.40659
305.62083
306.95962
308.40214
309.89405
311.3952
312.88873
314.37357
315.85808
317.35678
318.8894
320.48167
322.16769
323.99403
326.02636
328.35895
331.12547
334.50055
338.66998
343.36882
347.87169
301.91398
302.13796
302.65261
303.4645
304.52554
305.74708
307.08955
308.5329
310.02082
311.51519
313.00095
314.47793
315.95483
317.44626
318.97192
320.5575
322.23695
324.0567
326.08222
328.40755
331.16605
334.53216
338.69178
343.38113
347.87563
301.97347
302.20657
302.73899
303.5702
304.64492
305.87339
307.21946
308.66268
310.1463
311.63387
313.11192
314.58112
316.05051
317.53477
319.05359
320.63257
322.30555
324.11879
326.13759
328.45572
331.20628
334.56351
338.7134
343.39333
347.87952
302.03481
302.27726
302.8275
303.67743
304.76466
305.99974
307.34928
308.79157
310.27053
311.75126
313.22167
314.68318
316.14515
317.62234
319.13442
320.70689
322.37349
324.18032
326.19247
328.50348
331.24619
334.59461
338.73484
343.40543
347.88339
302.09807
302.35008
302.91811
303.78608
304.8848
306.12614
307.47886
308.91958
310.39353
311.86739
313.33022
314.78413
316.23878
317.70901
319.21444
320.7805
322.44079
324.24129
326.24687
328.55084
331.28577
334.62546
338.75611
343.41744
347.88722
302.16332
302.42508
303.0108
303.89608
305.00538
306.25256
307.60809
309.04673
310.51536
311.98229
313.4376
314.88401
316.33144
317.79479
319.29367
320.8534
322.50749
324.30173
326.30082
328.59782
331.32504
334.65607
338.77722
343.42935
347.89103
302.23063
302.50228
303.10553
304.00737
305.12642
306.37897
307.73689
309.17301
310.63604
312.09599
313.54385
314.98284
316.42314
317.87972
319.37214
320.92563
322.57359
324.36164
326.35432
328.64443
331.36401
334.68646
338.79817
343.44118
347.89481
302.30007
302.58172
303.20227
304.11991
305.24792
306.50533
307.86518
309.29839
310.75561
312.20852
313.64897
315.08065
316.51392
317.96382
319.44986
320.99721
322.6391
324.42106
326.40738
328.69067
331.40268
334.71663
338.81897
343.45291
347.89856
302.3717
302.66343
303.30098
304.23365
305.36987
306.63162
307.99291
309.42287
310.87408
312.31991
313.75302
315.17746
316.60381
318.04712
319.52687
321.06814
322.70406
324.47998
326.46003
328.73657
331.44108
334.74658
338.83963
343.46457
347.90228
302.44559
302.74743
303.40164
304.34855
305.49225
306.7578
308.12005
309.54643
310.9915
312.43021
313.85601
315.27331
316.69281
318.12962
319.60317
321.13845
322.76847
324.53843
326.51227
328.78212
331.4792
334.77632
338.86014
343.47614
347.90597
302.52179
302.83375
303.50422
304.46457
305.61506
306.88384
308.24655
309.66907
311.10786
312.53944
313.95798
315.36822
316.78097
318.21137
319.6788
321.20816
322.83235
324.59642
326.56412
328.82734
331.51705
334.80586
338.88052
343.48763
347.90964
302.60037
302.92241
303.60867
304.58166
305.73827
307.00971
308.37239
309.79079
311.22319
312.64763
314.05896
315.46221
316.8683
318.29237
319.75376
321.27728
322.89572
324.65396
326.61558
328.87224
331.55464
334.83521
338.90076
343.49904
347.91329
302.68137
303.01341
303.71497
304.6998
305.86184
307.1354
308.49755
309.91158
311.33752
312.75481
314.15897
315.55531
316.95482
318.37265
319.82808
321.34584
322.95859
324.71107
326.66667
328.91683
331.59199
334.86436
338.92087
343.51039
347.91691
302.76485
303.10677
303.82307
304.81892
305.98576
307.26088
308.62201
310.03145
311.45085
312.861
314.25805
315.64754
317.04056
318.45223
319.90178
321.41385
323.02097
324.76776
326.7174
328.96112
331.62908
334.89334
338.94086
343.52166
347.92051
302.85086
303.2025
303.93294
304.93899
306.11
307.38612
308.74576
310.15039
311.56321
312.96623
314.35621
315.73894
317.12554
318.53113
319.97487
321.48131
323.08288
324.82403
326.76778
329.00511
331.66595
334.92213
338.96073
343.53286
347.92408
302.93943
303.30059
304.04455
305.05997
306.23452
307.51112
308.86879
310.26842
311.67461
313.07052
314.45349
315.82952
317.20978
318.60937
320.04737
321.54826
323.14433
324.87991
326.81782
329.04882
331.70258
334.95075
338.98047
343.54399
347.92764
303.03061
303.40105
304.15783
305.18181
306.35931
307.63585
308.9911
310.38554
311.78507
313.1739
314.54992
315.9193
317.2933
318.68696
320.1193
321.6147
323.20534
324.9354
326.86753
329.09226
331.739
334.97921
339.00011
343.55506
347.93117
303.12442
303.50386
304.27276
305.30446
306.48432
307.76032
309.1127
310.50176
311.89461
313.27639
314.6455
316.00832
317.37613
318.76392
320.19068
321.68065
323.26592
324.99052
326.91691
329.13542
331.7752
335.00751
339.01964
343.56607
347.93469
303.2209
303.60902
304.38928
305.42789
306.60955
307.8845
309.23359
310.61709
312.00323
313.37801
314.74027
316.09659
317.45828
318.84028
320.26151
321.74612
323.32608
325.04527
326.96599
329.17833
331.81119
335.03565
339.03906
343.57701
347.93818
303.32006
303.7165
304.50735
305.55205
306.73494
308.00839
309.35378
310.73156
312.11097
313.47877
314.83425
316.18414
317.53976
318.91605
320.33181
321.81113
323.38583
325.09967
327.01476
329.22098
331.84698
335.06364
339.05838
343.5879
347.94166
303.42191
303.82629
304.62691
305.67689
306.86049
308.13198
309.47329
310.84517
312.21783
313.5787
314.92745
316.27097
317.62061
318.99125
320.40161
321.87568
323.44519
325.15373
327.06324
329.26339
331.88257
335.09148
339.07761
343.59874
347.94512
303.52647
303.93835
304.74791
305.80238
306.98618
308.25528
309.59212
310.95795
312.32383
313.67781
315.0199
316.35712
317.70084
319.06589
320.47091
321.9398
323.50416
325.20745
327.11144
329.30556
331.91798
335.11918
339.09674
343.60952
347.94856
303.63374
304.05266
304.8703
305.92848
307.11197
308.37829
309.71029
311.06992
312.429
313.77613
315.11162
316.44261
317.78047
319.13998
320.53973
322.00349
323.56276
325.26085
327.15936
329.34751
331.9532
335.14675
339.11578
343.62025
347.95199
303.7437
304.16916
304.99404
306.05514
307.23785
308.50099
309.82782
311.18109
312.53335
313.87367
315.20262
316.52744
317.85951
319.21356
320.60808
322.06677
323.621
325.31394
327.20701
329.38923
331.98825
335.17419
339.13473
343.63093
347.9554
303.85633
304.28782
305.11905
306.18232
307.36381
308.6234
309.94472
311.29148
312.6369
313.97045
315.29292
316.61163
317.93797
319.28662
320.67598
322.12965
323.67888
325.36672
327.2544
329.43074
332.02313
335.2015
339.1536
343.64156
347.95879
303.97162
304.40859
305.24529
306.31
307.48983
308.74552
310.061
311.40111
312.73968
314.0665
315.38254
316.69521
318.01589
319.35918
320.74344
322.19214
323.73643
325.41921
327.30155
329.47204
332.05784
335.2287
339.17239
343.65215
347.96217
304.08953
304.53141
305.37269
306.43814
307.6159
308.86736
310.17669
311.51002
312.8417
314.16182
315.4715
316.77819
318.09326
319.43127
320.81047
322.25425
323.79365
325.47141
327.34845
329.51314
332.0924
335.25577
339.1911
343.6627
347.96554
304.21
304.65622
305.50121
306.56669
307.74201
308.98892
310.29181
311.61821
312.94299
314.25645
315.55981
316.86059
318.17011
319.50288
320.87709
322.316
323.85054
325.52334
327.39512
329.55404
332.1268
335.28274
339.20975
343.67321
347.9689
304.333
304.78296
305.63079
306.69564
307.86814
309.1102
310.40638
311.72571
313.04357
314.35039
315.6475
316.94242
318.24645
319.57404
320.9433
322.37739
323.90713
325.57499
327.44155
329.59476
332.16106
335.30959
339.22832
343.68367
347.97224
304.45846
304.91155
305.76136
306.82496
307.99429
309.23123
310.52041
311.83255
313.14345
314.44368
315.73459
317.0237
318.3223
319.64476
321.00912
322.43844
323.96341
325.62639
327.48777
329.6353
332.19517
335.33635
339.24682
343.6941
347.97557
304.5863
305.04193
305.89287
306.95461
308.12046
309.352
310.63392
311.93874
313.24266
314.53632
315.82108
317.10444
318.39766
319.71506
321.07456
322.49915
324.0194
325.67754
327.53378
329.67566
332.22915
335.36301
339.26526
343.7045
347.97889
304.71646
305.17401
306.02528
307.08459
308.24664
309.47253
310.74695
312.0443
313.34122
314.62834
315.90699
317.18467
318.47256
319.78493
321.13963
322.55954
324.07511
325.72844
327.57958
329.71586
332.263
335.38957
339.28365
343.71486
347.98219
304.84884
305.30772
306.15853
307.21486
308.37282
309.59281
310.85949
312.14926
313.43914
314.71975
315.99235
317.26439
318.54701
319.85441
321.20434
322.61961
324.13055
325.7791
327.62518
329.75589
332.29672
335.41604
339.30197
343.72519
347.98549
304.98335
305.44297
306.29257
307.34541
308.49901
309.71287
310.97158
312.25364
313.53646
314.81057
316.07717
317.34362
318.62102
319.92349
321.26871
322.67938
324.18572
325.82954
327.67059
329.79576
332.33032
335.44243
339.32024
343.73549
347.98878
305.11988
305.57967
306.42735
307.47622
308.6252
309.8327
311.08324
312.35746
313.63318
314.90083
316.16146
317.42238
318.69461
319.9922
321.33275
322.73885
324.24063
325.87976
327.71581
329.83549
332.3638
335.46873
339.33846
343.74576
347.99206
305.25831
305.71775
306.56284
307.60727
308.75137
309.95232
311.19448
312.46075
313.72934
314.99054
316.24525
317.50068
318.76779
320.06054
321.39646
322.79805
324.2953
325.92977
327.76086
329.87507
332.39718
335.49496
339.35663
343.75601
347.99533
305.39854
305.8571
306.69898
307.73855
308.87758
310.07174
311.3053
312.56351
313.82494
315.07972
316.32855
317.57854
318.84057
320.12853
321.45986
322.85697
324.34973
325.97958
327.80574
329.91452
332.43045
335.52112
339.37476
343.76623
347.99859
305.54043
305.99765
306.83572
307.86998
309.00337
310.19091
311.41619
312.66588
313.92002
315.16837
316.41137
317.65597
318.91296
320.19618
321.52296
322.91562
324.40393
326.02918
327.85045
329.95383
332.46362
335.54721
339.39284
343.77643
348.00185
305.68388
306.1393
306.97299
308.00146
309.12879
310.30986
311.52708
312.76796
314.0146
315.25652
316.49373
317.73298
318.98499
320.2635
321.58577
322.97402
324.45791
326.0786
327.895
329.99301
332.49669
335.57322
339.41089
343.78661
348.0051
305.82876
306.28195
307.11072
308.13297
309.25393
310.42862
311.63788
312.86978
314.10876
315.34419
316.57563
317.80959
319.05665
320.3305
321.6483
323.03217
324.51168
326.12784
327.9394
330.03208
332.52967
335.59918
339.4289
343.79677
348.00834
305.97494
306.4255
307.24884
308.26447
309.37887
310.54719
311.74853
312.97137
314.20252
315.4314
316.6571
317.88581
319.12798
320.39719
321.71055
323.09009
324.56524
326.1769
327.98366
330.07103
332.56257
335.62508
339.44687
343.80691
348.01158
306.1223
306.56987
307.3873
308.39598
309.50365
310.6656
311.85901
313.0727
314.29593
315.5182
316.73816
317.96165
319.19897
320.4636
321.77256
323.14778
324.61861
326.2258
328.02779
330.10987
332.59538
335.65094
339.46482
343.81704
348.01482
306.27071
306.71494
307.52605
308.5275
309.6283
310.78371
311.96928
313.17392
314.38902
315.60461
316.81882
318.03714
319.26964
320.52972
321.83431
323.20525
324.67179
326.27454
328.07178
330.14861
332.62813
335.67674
339.48274
343.82715
348.01804
306.42005
306.86063
307.66504
308.65901
309.75273
310.90123
312.07933
313.27536
314.48196
315.69066
316.89911
318.11227
319.34
320.59557
321.89583
323.26252
324.72479
326.32313
328.11565
330.18725
332.6608
335.7025
339.50064
343.83726
348.02127
306.57019
307.00684
307.80423
308.79047
309.8769
311.01826
312.18915
313.37689
314.57483
315.77643
316.97904
318.18708
319.41007
320.66117
321.95712
323.3196
324.77762
326.37157
328.1594
330.22581
332.69341
335.72822
339.51852
343.84735
348.02449
306.72101
307.15349
307.94357
308.92186
310.00081
311.13495
312.29882
313.4784
314.66757
315.86194
317.05865
318.26157
319.47987
320.72652
322.01819
323.37648
324.8303
326.41989
328.20305
330.26428
332.72597
335.75391
339.53638
343.85744
348.02772
306.8724
307.30049
308.083
309.05316
310.12446
311.25128
312.40795
313.57981
314.76062
315.94736
317.13799
318.33574
319.54933
320.79163
322.07914
323.43322
324.88283
326.46808
328.24659
330.30267
332.75847
335.77956
339.55424
343.86753
348.03093
307.02423
307.44774
308.22248
309.18435
310.24786
311.36721
312.51656
313.68111
314.85394
316.03279
317.21707
318.40953
319.61849
320.85661
322.13998
323.48986
324.93524
326.51616
328.29005
330.341
332.79092
335.8052
339.57208
343.87761
348.03415
307.17639
307.59517
308.36196
309.31541
310.37098
311.48276
312.62472
313.78208
314.94738
316.11849
317.29602
318.48302
319.6874
320.92143
322.20071
323.5464
324.98756
326.56415
328.33342
330.37927
332.82334
335.83082
339.58993
343.88769
348.03737
307.32878
307.74269
308.50141
309.44632
310.49383
311.59793
312.73246
313.88259
315.04077
316.20459
317.37508
318.5563
319.75612
320.98607
322.2613
323.60283
325.0398
326.61206
328.37674
330.4175
332.85574
335.85643
339.60777
343.89778
348.0406
307.48129
307.89023
308.64078
309.57705
310.61639
311.71272
312.83976
313.98262
315.13373
316.29056
317.45444
318.62995
319.82498
321.0507
322.32183
323.65919
325.09196
326.65991
328.42
330.45568
332.88811
335.88204
339.62563
343.90788
348.04382
307.63381
308.03772
308.78003
309.70759
310.73865
311.82713
312.94663
314.08221
315.22627
316.37636
317.53397
318.70392
319.89407
321.11539
322.38239
323.71561
325.14412
326.70773
328.46324
330.49385
332.92049
335.90766
339.64351
343.91799
348.04705
307.78626
308.18509
308.91911
309.83791
310.86061
311.94117
313.05308
314.18138
315.31848
316.46202
317.61359
318.77809
319.96335
321.18022
322.44306
323.77213
325.19634
326.75557
328.50647
330.53203
332.95288
335.93332
339.66143
343.92814
348.05029
307.93855
308.33227
309.05799
309.96798
310.98224
312.05482
313.15914
314.28018
315.41041
316.54754
317.69324
318.85239
320.03279
321.24521
322.50388
323.82877
325.24865
326.80347
328.54976
330.57026
332.98534
335.95905
339.67942
343.93833
348.05354
308.09061
308.47922
309.19663
310.09777
311.10355
312.16811
313.26481
314.37864
315.50211
316.63295
317.77289
318.92678
320.10238
321.31036
322.56487
323.88557
325.30108
326.85148
328.59314
330.60857
333.01789
335.98488
339.69751
343.94858
348.05682
308.24236
308.62587
309.33499
310.22727
311.22453
312.28103
313.37013
314.47681
315.59358
316.71825
317.85252
319.00124
320.17209
321.37567
322.62602
323.94253
325.35367
326.89962
328.63664
330.64702
333.05057
336.01085
339.71572
343.95891
348.06012
308.39373
308.77217
309.47304
310.35646
311.34516
312.39359
313.47511
314.57469
315.68486
316.80345
317.93213
319.07575
320.24191
321.44112
322.68734
323.99967
325.40644
326.94794
328.68032
330.68563
333.08343
336.037
339.73408
343.96935
348.06345
308.54467
308.91808
309.61073
310.48531
311.46545
312.50581
313.57978
314.67231
315.77596
316.88854
318.01173
319.15031
320.31182
321.50671
322.74882
324.05698
325.45939
326.99644
328.72418
330.72445
333.1165
336.06335
339.75263
343.9799
348.06683
308.69512
309.06354
309.74804
310.6138
311.58538
312.6177
313.68414
314.76968
315.86688
316.97354
318.0913
319.22491
320.38183
321.57243
322.81045
324.11446
325.51253
327.04516
328.76827
330.76349
333.1498
336.08995
339.77139
343.99058
348.07024
308.84502
309.20852
309.88494
310.74192
311.70497
312.72925
313.7882
314.86681
315.95763
317.05844
318.17086
319.29955
320.45193
321.63827
322.87223
324.17212
325.56587
327.09409
328.8126
330.80279
333.18337
336.1168
339.79037
344.0014
348.0737
308.99433
309.35298
310.02139
310.86964
311.82419
312.84047
313.89199
314.96373
316.04823
317.14326
318.25039
319.37423
320.52211
321.70422
322.93413
324.22995
325.61944
327.14326
328.85718
330.84236
333.21722
336.14392
339.80958
344.01237
348.07721
309.14301
309.49687
310.15738
310.99697
311.94305
312.95136
313.99549
315.06043
316.13869
317.22801
318.32991
319.44894
320.59236
321.77027
322.99613
324.28794
325.67328
327.19272
328.90203
330.88221
333.25136
336.17132
339.82903
344.02349
348.08076
309.29101
309.64018
310.29287
311.12387
312.06154
313.06194
314.09874
315.15692
316.229
317.31267
318.4094
319.52367
320.66267
321.8364
323.05825
324.34611
325.72737
327.24246
328.94719
330.92237
333.2858
336.19902
339.84873
344.03478
348.08437
309.43832
309.78286
310.42784
311.25034
312.17966
313.1722
314.20171
315.25321
316.31918
317.39726
318.48887
319.59844
320.73305
321.90264
323.1205
324.40446
325.78168
327.29248
328.99265
330.96284
333.32057
336.22703
339.86868
344.04622
348.08803
309.58489
309.92489
310.56228
311.37636
312.2974
313.28214
314.30444
315.34931
316.40922
317.48177
318.56833
319.67323
320.8035
321.96898
323.18289
324.46297
325.83619
327.34275
329.03841
331.00363
333.35565
336.25534
339.88889
344.05782
348.09175
309.73069
310.06624
310.69616
311.50193
312.41476
313.39176
314.4069
315.44521
316.49913
317.56621
318.64776
319.74804
320.87401
322.03542
323.24542
324.52165
325.89091
327.39327
329.08446
331.04474
333.39105
336.28395
339.90935
344.06958
348.09551
309.87571
310.20691
310.82947
311.62703
312.53173
313.50107
314.50912
315.54093
316.58892
317.65059
318.72718
319.82289
320.94459
322.10197
323.30809
324.58049
325.94584
327.44404
329.13078
331.08614
333.42676
336.31285
339.93005
344.08149
348.09932
310.01992
310.34685
310.9622
311.75164
312.64831
313.61006
314.61108
315.63646
316.67858
317.7349
318.80658
319.89776
321.01524
322.16863
323.37089
324.63951
326.00097
327.49505
329.17738
331.12784
333.46277
336.34203
339.95099
344.09354
348.10318
310.16331
310.48606
311.09431
311.87577
312.7645
313.71873
314.7128
315.73181
316.76812
317.81914
318.88597
319.97267
321.08597
322.23539
323.43384
324.69869
326.05629
327.54629
329.22424
331.16982
333.49906
336.37147
339.97214
344.10573
348.10708
310.30586
310.62453
311.22582
311.99941
312.88028
313.82708
314.81427
315.82698
316.85755
317.90332
318.96535
320.04761
321.15677
322.30226
323.49692
324.75803
326.11181
327.59777
329.27136
331.21207
333.53562
336.40117
339.9935
344.11806
348.11103
310.44756
310.76224
311.35669
312.12253
312.99566
313.93511
314.9155
315.92198
316.94685
317.98744
319.04471
320.12258
321.22764
322.36924
323.56014
324.81754
326.16751
327.64946
329.31873
331.25458
333.57244
336.43111
340.01505
344.1305
348.11501
310.58839
310.89917
311.48693
312.24515
313.11063
314.04281
315.01647
316.01679
317.03605
318.0715
319.12407
320.19759
321.29858
322.43632
323.62349
324.87721
326.22341
327.70137
329.36633
331.29733
333.6095
336.46126
340.03678
344.14305
348.11904
310.72835
311.03533
311.61653
312.36724
313.22518
314.1502
315.11721
316.11143
317.12512
318.1555
319.20342
320.27263
321.36959
322.50351
323.68698
324.93703
326.27949
327.75349
329.41416
331.34033
333.6468
336.49164
340.05868
344.15572
348.12309
310.86744
311.17069
311.74546
312.48881
313.33932
314.25725
315.21769
316.20589
317.21409
318.23945
319.28275
320.34771
321.44068
322.57081
323.7506
324.99702
326.33575
327.80582
329.46221
331.38355
333.68432
336.52221
340.08075
344.16848
348.12718
311.00564
311.30527
311.87374
312.60984
313.45304
314.36398
315.31793
316.30018
317.30294
318.32333
319.36209
320.42283
321.51184
322.63821
323.81435
325.05715
326.39218
327.85834
329.51048
331.42699
333.72205
336.55298
340.10298
344.18134
348.1313
311.14295
311.43904
312.00136
312.73034
313.56633
314.47038
315.41792
316.39429
317.39168
318.40717
319.44141
320.49797
321.58307
322.70571
323.87823
325.11744
326.44879
327.91105
329.55895
331.47063
333.75998
336.58393
340.12535
344.19429
348.13545
311.27938
311.57201
312.1283
312.8503
313.67919
314.57645
315.51767
316.48822
317.48031
318.49094
319.52073
320.57315
321.65437
322.77331
323.94224
325.17787
326.50556
327.96395
329.60762
331.51448
333.7981
336.61505
340.14786
344.20733
348.13963
311.41491
311.70418
312.25457
312.96972
313.79163
314.68219
315.61716
316.58198
317.56882
318.57466
319.60003
320.64837
321.72574
322.84101
324.00637
325.23845
326.56249
328.01703
329.65648
331.55852
333.8364
336.64633
340.1705
344.22046
348.14383
311.54956
311.83554
312.38016
313.08858
313.90363
314.78759
315.71641
316.67557
317.65723
318.65832
319.67933
320.72362
321.79718
322.90881
324.07062
325.29916
326.61958
328.07028
329.70551
331.60273
333.87488
336.67778
340.19327
344.23366
348.14806
311.68332
311.96609
312.50507
313.2069
314.01519
314.89266
315.81541
316.76898
317.74552
318.74193
319.75862
320.7989
321.86869
322.9767
324.13499
325.36002
326.67682
328.1237
329.75473
331.64713
333.91352
336.70937
340.21616
344.24694
348.15232
311.81619
312.09584
312.62931
313.32467
314.12633
314.99739
315.91415
316.86221
317.8337
318.82548
319.83791
320.87421
321.94026
323.04469
324.19948
325.421
326.73421
328.17728
329.8041
331.69168
333.95233
336.7411
340.23916
344.26028
348.1566
311.94819
312.22478
312.75286
313.44188
314.23702
315.10178
316.01265
316.95526
317.92177
318.90897
319.91717
320.94955
322.01189
323.11276
324.26407
325.48211
326.79174
328.23101
329.85364
331.7364
333.99128
336.77297
340.26227
344.2737
348.1609
312.0793
312.35293
312.87573
313.55854
314.34727
315.20584
316.11089
317.04814
318.00972
318.9924
319.99643
321.02491
322.08358
323.18092
324.32877
325.54335
326.84941
328.28488
329.90333
331.78127
334.03038
336.80497
340.28549
344.28718
348.16522
312.20955
312.48027
312.99793
313.67465
314.45709
315.30956
316.20888
317.14084
318.09756
319.07577
320.07567
321.1003
322.15533
323.24917
324.39358
325.6047
326.90721
328.3389
329.95317
331.82628
334.06961
336.83709
340.30881
344.30073
348.16956
312.33892
312.60682
313.11944
313.7902
314.56647
315.41294
316.30662
317.23336
318.18528
319.15908
320.1549
321.17571
322.22713
323.31749
324.45848
325.66617
326.96513
328.39306
330.00315
331.87143
334.10898
336.86933
340.33222
344.31433
348.17392
312.46744
312.73258
313.24029
313.9052
314.6754
315.51597
316.4041
317.3257
318.27289
319.24233
320.23411
321.25115
322.29898
323.38589
324.52348
325.72774
327.02318
328.44734
330.05325
331.91671
334.14846
336.90168
340.35572
344.32799
348.1783
312.5951
312.85756
313.36046
314.01965
314.7839
315.61867
316.50133
317.41786
318.36037
319.32551
320.31329
321.32659
322.37087
323.45436
324.58857
325.78942
327.08133
328.50175
330.10349
331.96212
334.18807
336.93414
340.3793
344.34171
348.1827
312.72192
312.98176
313.47996
314.13354
314.89196
315.72102
316.5983
317.50983
318.44774
319.40862
320.39245
321.40205
322.44281
323.52289
324.65375
325.8512
327.1396
328.55627
330.15384
332.00764
334.22778
336.96669
340.40297
344.35547
348.18711
312.84789
313.10518
313.59879
314.24689
314.99957
315.82304
316.69502
317.60162
318.53498
319.49166
320.47159
321.47752
322.51479
323.59149
324.719
325.91307
327.19797
328.6109
330.20431
332.05327
334.26761
336.99934
340.42671
344.36929
348.19154
312.97304
313.22783
313.71697
314.35969
315.10676
315.92471
316.79148
317.69323
318.6221
319.57463
320.5507
321.553
322.58681
323.66015
324.78433
325.97503
327.25644
328.66564
330.25488
332.09901
334.30753
337.03208
340.45053
344.38315
348.19598
313.09736
313.34973
313.83448
314.47195
315.2135
316.02604
316.88768
317.78465
318.7091
319.65753
320.62978
321.62849
322.65886
323.72886
324.84973
326.03707
327.315
328.72047
330.30555
332.14484
334.34754
337.0649
340.47441
344.39705
348.20044
313.22087
313.47087
313.95135
314.58366
315.31981
316.12704
316.98363
317.87589
318.79597
319.74035
320.70882
321.70397
322.73094
323.79762
324.9152
326.09919
327.37364
328.7754
330.35632
332.19077
334.38764
337.0978
340.49836
344.41099
348.20491
313.34358
313.59126
314.06756
314.69484
315.42568
316.22769
317.07931
317.96693
318.88271
319.82309
320.78783
321.77945
322.80304
323.86643
324.98073
326.16139
327.43237
328.83041
330.40717
332.23679
334.42782
337.13077
340.52237
344.42498
348.2094
313.46549
313.71092
314.18314
314.80548
315.53112
316.328
317.17474
318.05779
318.96932
319.90575
320.8668
321.85492
322.87516
323.93527
325.04632
326.22364
327.49117
328.8855
330.45811
332.28288
334.46808
337.16381
340.54643
344.43899
348.21389
313.58661
313.82984
314.29807
314.91559
315.63613
316.42797
317.26991
318.14846
319.0558
319.98833
320.94572
321.93038
322.94729
324.00416
325.11195
326.28597
327.55004
328.94067
330.50912
332.32905
334.5084
337.19692
340.57055
344.45305
348.2184
313.70696
313.94804
314.41238
315.02517
315.74071
316.52761
317.36482
318.23893
319.14214
320.07082
321.0246
322.00583
323.01944
324.07307
325.17763
326.34834
327.60898
328.99591
330.5602
332.37528
334.5488
337.23008
340.59471
344.46713
348.22291
313.82654
314.06553
314.52606
315.13423
315.84487
316.62691
317.45947
318.32922
319.22835
320.15323
321.10343
322.08126
323.09159
324.14201
325.24335
326.41077
327.66797
329.0512
330.61134
332.42158
334.58925
337.2633
340.61893
344.48124
348.22744
313.94536
314.18231
314.63912
315.24277
315.9486
316.72587
317.55386
318.41931
319.31442
320.23554
321.1822
322.15667
323.16375
324.21097
325.30911
326.47324
327.72701
329.10656
330.66254
332.46794
334.62975
337.29657
340.64318
344.49538
348.23197
314.06343
314.29839
314.75157
315.35079
316.05191
316.82449
317.64799
318.5092
319.40036
320.31776
321.26092
322.23205
323.2359
324.27995
325.3749
326.53576
327.7861
329.16196
330.7138
332.51435
334.67031
337.32988
340.66747
344.50954
348.23652
314.18077
314.41378
314.86341
315.4583
316.1548
316.92278
317.74186
318.5989
319.48615
320.39988
321.33958
322.3074
323.30805
324.34894
325.44071
326.5983
327.84523
329.21741
330.7651
332.5608
334.71091
337.36323
340.69179
344.52373
348.24107
314.29738
314.5285
314.97466
315.5653
316.25728
317.02074
317.83547
318.68841
319.57179
320.4819
321.41818
322.38272
323.38019
324.41793
325.50654
326.66088
327.9044
329.2729
330.81644
332.60729
334.75155
337.39662
340.71615
344.53794
348.24562
314.41327
314.64254
315.08531
315.6718
316.35934
317.11837
317.92883
318.77771
319.65729
320.56383
321.4967
322.458
323.45231
324.48693
325.57239
326.72348
327.9636
329.32842
330.86782
332.65382
334.79222
337.43004
340.74053
344.55216
348.25019
314.52846
314.75591
315.19538
315.7778
316.46099
317.21567
318.02192
318.86682
319.74265
320.64564
321.57516
322.53324
323.52441
324.55593
325.63825
326.7861
328.02282
329.38397
330.91923
332.70038
334.83292
337.46349
340.76494
344.5664
348.25475
314.64295
314.86864
315.30486
315.88331
316.56223
317.31263
318.11475
318.95572
319.82785
320.72735
321.65355
322.60843
323.59649
324.62491
325.70411
326.84873
328.08206
329.43955
330.97066
332.74696
334.87364
337.49696
340.78936
344.58066
348.25933
314.75675
314.98072
315.41378
315.98833
316.66307
317.40927
318.20732
319.04443
319.9129
320.80895
321.73186
322.68358
323.66854
324.69389
325.76997
326.91137
328.14131
329.49514
331.02211
332.79356
334.91438
337.53045
340.81381
344.59493
348.2639
314.86987
315.09216
315.52212
316.09287
316.76351
317.50559
318.29964
319.13294
319.99781
320.89044
321.81009
322.75867
323.74056
324.76285
325.83583
326.97402
328.20058
329.55074
331.07357
332.84018
334.95514
337.56396
340.83827
344.6092
348.26848
314.98233
315.20297
315.62991
316.19692
316.86355
317.60158
318.39169
319.22124
320.08255
320.97181
321.88824
322.8337
323.81254
324.83178
325.90167
327.03666
328.25985
329.60635
331.12505
332.88681
334.99591
337.59747
340.86274
344.62349
348.27307
315.09413
315.31317
315.73715
316.30051
316.96319
317.69724
318.48349
319.30934
320.16714
321.05306
321.9663
322.90867
323.88448
324.90069
325.9675
327.09929
328.31911
329.66196
331.17652
332.93344
335.03669
337.631
340.88722
344.63778
348.27765
315.20528
315.42276
315.84385
316.40363
317.06244
317.79259
318.57503
319.39723
320.25157
321.1342
322.04427
322.98358
323.95637
324.96957
326.03331
327.16192
328.37837
329.71757
331.228
332.98007
335.07746
337.66452
340.9117
344.65208
348.28224
315.3158
315.53174
315.95001
316.50628
317.1613
317.88761
318.66631
319.48493
320.33585
321.21521
322.12215
323.05842
324.02821
325.03842
326.0991
327.22453
328.43762
329.77318
331.27947
333.0267
335.11824
337.69805
340.93619
344.66638
348.28683
315.42569
315.64013
316.05563
316.60847
317.25978
317.98232
318.75734
319.57241
320.41996
321.2961
322.19994
323.13318
324.1
325.10722
326.16486
327.28711
328.49685
329.82876
331.33093
333.07332
335.15901
337.73158
340.96068
344.68069
348.29141
315.53496
315.74794
316.16073
316.71022
317.35787
318.07671
318.8481
319.65969
320.50391
321.37686
322.27763
323.20788
324.17173
325.17598
326.23058
327.34967
328.55607
329.88434
331.38237
333.11992
335.19976
337.76509
340.98516
344.69499
348.296
315.64362
315.85517
316.26532
316.81151
317.45559
318.17079
318.93861
319.74677
320.58769
321.45748
322.35521
323.28249
324.2434
325.2447
326.29627
327.4122
328.61525
329.93989
331.43379
333.16651
335.24051
337.7986
341.00964
344.70929
348.30059
315.75169
315.96184
316.3694
316.91236
317.55293
318.26456
319.02887
319.83363
320.67131
321.53798
322.43269
323.35702
324.31501
325.31336
326.36191
327.47469
328.67441
329.99541
331.48519
333.21307
335.28123
337.83209
341.03411
344.72359
348.30518
315.85916
316.06795
316.47297
317.01277
317.6499
318.35801
319.11887
319.92029
320.75476
321.61834
322.51006
323.43146
324.38655
325.38196
326.42751
327.53715
328.73353
330.0509
331.53657
333.25961
335.32193
337.86557
341.05858
344.73788
348.30976
315.96606
316.1735
316.57605
317.11275
317.7465
318.45116
319.20861
320.00674
320.83804
321.69857
322.58732
323.50581
324.45801
325.4505
326.49305
327.59956
328.79261
330.10636
331.5879
333.30612
335.36261
337.89902
341.08302
344.75217
348.31435
316.07238
316.27852
316.67863
317.21231
317.84273
318.544
319.29811
320.09298
320.92115
321.77866
322.66447
323.58007
324.52939
325.51898
326.55854
327.66192
328.85166
330.16177
331.63921
333.3526
335.40325
337.93245
341.10746
344.76645
348.31893
316.17814
316.383
316.78074
317.31143
317.9386
318.63654
319.38734
320.17902
321.00409
321.8586
322.7415
323.65424
324.6007
325.58739
326.62398
327.72423
328.91065
330.21715
331.69047
333.39904
335.44387
337.96586
341.13188
344.78072
348.32351
316.28335
316.48696
316.88236
317.41014
318.03411
318.72877
319.47633
320.26484
321.08685
321.93841
322.81842
323.7283
324.67192
325.65573
326.68934
327.78649
328.96959
330.27247
331.74168
333.44544
335.48445
337.99924
341.15627
344.79498
348.32808
316.38801
316.59039
316.98352
317.50844
318.12927
318.8207
319.56506
320.35045
321.16944
322.01807
322.89521
323.80227
324.74305
325.72399
326.75465
327.84868
329.02848
330.32775
331.79285
333.49179
335.52499
338.03258
341.18065
344.80922
348.33265
316.49213
316.69332
317.08421
317.60633
318.22408
318.91234
319.65354
320.43586
321.25186
322.09758
322.97188
323.87613
324.8141
325.79218
326.81988
327.91081
329.08731
330.38296
331.84397
333.5381
335.56549
338.0659
341.205
344.82346
348.33722
316.59573
316.79574
317.18445
317.70381
318.31853
319.00367
319.74177
320.52105
321.3341
322.17694
323.04842
323.94987
324.88505
325.86028
326.88503
327.97288
329.14608
330.43812
331.89503
333.58435
335.60594
338.09917
341.22933
344.83768
348.34178
316.69881
316.89767
317.28423
317.8009
318.41264
319.09471
319.82975
320.60603
321.41616
322.25615
323.12483
324.02351
324.9559
325.92829
326.95011
328.03487
329.20478
330.49322
331.94603
333.63056
335.64634
338.13241
341.25363
344.85189
348.34634
316.80137
316.99911
317.38357
317.89759
318.50641
319.18546
319.91748
320.6908
321.49804
322.33521
323.20112
324.09704
325.02665
325.99621
327.01511
328.09679
329.26341
330.54825
331.99697
333.6767
335.6867
338.16561
341.2779
344.86608
348.3509
316.90344
317.10007
317.48247
317.99389
318.59984
319.27591
320.00496
320.77536
321.57974
322.41411
323.27726
324.17045
325.0973
326.06404
327.08002
328.15863
329.32196
330.60321
332.04785
333.72278
335.727
338.19876
341.30214
344.88025
348.35544
317.005
317.20056
317.58094
318.08981
318.69293
319.36608
320.0922
320.85971
321.66126
322.49286
323.35328
324.24373
325.16784
326.13178
327.14485
328.22039
329.38045
330.6581
332.09865
333.7688
335.76724
338.23186
341.32634
344.8944
348.35999
317.10608
317.30058
317.67898
318.18534
318.78569
319.45596
320.17919
320.94384
321.7426
322.57145
323.42915
324.3169
325.23827
326.19942
327.20958
328.28206
329.43885
330.71292
332.14939
333.81476
335.80743
338.26492
341.35052
344.90854
348.36452
317.20668
317.40014
317.77659
318.2805
318.87812
319.54555
320.26593
321.02776
321.82375
322.64988
323.50489
324.38994
325.30859
326.26695
327.27422
328.34364
329.49717
330.76765
332.20005
333.86064
335.84756
338.29793
341.37465
344.92266
348.36905
317.3068
317.49925
317.87379
318.37528
318.97022
319.63486
320.35242
321.11148
321.90472
322.72815
323.58048
324.46286
325.3788
326.33438
327.33876
328.40514
329.5554
330.8223
332.25063
333.90646
335.88762
338.33089
341.39875
344.93675
348.37357
317.40646
317.59791
317.97058
318.4697
319.062
319.72388
320.43867
321.19497
321.98551
322.80626
323.65593
324.53565
325.44888
326.4017
327.4032
328.46654
329.61355
330.87688
332.30113
333.9522
335.92762
338.36379
341.42282
344.95082
348.37809
317.50566
317.69613
318.06697
318.56376
319.15346
319.81263
320.52468
321.27826
322.06611
322.88421
323.73124
324.6083
325.51885
326.4689
327.46753
328.52784
329.67162
330.93137
332.35156
333.99786
335.96755
338.39664
341.44684
344.96487
348.3826
317.60441
317.79392
318.16296
318.65745
319.2446
319.90109
320.61044
321.36133
322.14652
322.96198
323.80639
324.68082
325.58869
326.53599
327.53174
328.58905
329.7296
330.98578
332.4019
334.04345
336.00741
338.42943
341.47082
344.9789
348.3871
317.70271
317.89128
318.25855
318.75079
319.33542
319.98928
320.69596
321.44419
322.22675
323.0396
323.8814
324.7532
325.65841
326.60296
327.59585
328.65015
329.78749
331.0401
332.45217
334.08897
336.04721
338.46217
341.49476
344.9929
348.39159
317.80057
317.98822
318.35375
318.84378
319.42593
320.0772
320.78124
321.52684
322.30678
323.11704
323.95625
324.82544
325.72799
326.66981
327.65985
328.71115
329.84527
331.09433
332.50235
334.13441
336.08694
338.49485
341.51867
345.00689
348.39608
317.89801
318.08474
318.44856
318.93641
319.51614
320.16484
320.86627
321.60927
322.38663
323.19431
324.03095
324.89754
325.79745
326.73653
327.72373
328.77204
329.90296
331.14847
332.55244
334.17976
336.12659
338.52747
341.54253
345.02084
348.40056
317.99501
318.18086
318.543
319.02871
319.60603
320.2522
320.95107
321.6915
322.46629
323.27142
324.10549
324.9695
325.86677
326.80314
327.78749
328.83282
329.96055
331.20251
332.60244
334.22504
336.16618
338.56004
341.56635
345.03478
348.40503
318.0916
318.27657
318.63706
319.12067
319.69562
320.3393
321.03563
321.7735
322.54576
323.34835
324.17988
325.04132
325.93596
326.86962
327.85114
328.89349
330.01803
331.25644
332.65234
334.27023
336.20569
338.59254
341.59012
345.04869
348.40949
318.18777
318.37188
318.73076
319.21228
319.78491
320.42613
321.11994
321.8553
322.62503
323.4251
324.25411
325.11298
326.00501
326.93597
327.91467
328.95405
330.0754
331.31028
332.70215
334.31533
336.24512
338.62498
341.61385
345.06257
348.41395
318.28354
318.4668
318.82408
319.30357
319.8739
320.51269
321.20402
321.93688
322.70412
323.50169
324.32817
325.1845
326.07392
327.00219
327.97807
329.01449
330.13266
331.36401
332.75187
334.36034
336.28448
338.65736
341.63754
345.07643
348.41839
318.3789
318.56134
318.91705
319.39453
319.96259
320.59899
321.28787
322.01825
322.78301
323.57809
324.40208
325.25587
326.1427
327.06828
328.04136
329.07482
330.18981
331.41764
332.80148
334.40526
336.32375
338.68967
341.66117
345.09026
348.42283
318.47387
318.65549
319.00966
319.48516
320.05099
320.68502
321.37147
322.09941
322.8617
323.65433
324.47582
325.32709
326.21133
327.13423
328.10451
329.13502
330.24684
331.47115
332.85099
334.45009
336.36294
338.72191
341.68476
345.10406
348.42726
318.56845
318.74927
319.10192
319.57547
320.1391
320.77079
321.45484
322.18035
322.94021
323.73038
324.5494
325.39816
326.27982
327.20006
328.16754
329.1951
330.30376
331.52456
332.9004
334.49482
336.40205
338.75408
341.70829
345.11783
348.43168
318.66264
318.84267
319.19383
319.66546
320.22691
320.8563
321.53798
322.26108
323.01852
323.80626
324.62282
325.46907
326.34816
327.26574
328.23043
329.25506
330.36055
331.57785
332.9497
334.53946
336.44107
338.78618
341.73178
345.13157
348.43609
318.75645
318.93571
319.28539
319.75513
320.31444
320.94155
321.62088
322.3416
323.09664
323.88195
324.69607
325.53983
326.41636
327.33129
328.2932
329.31489
330.41723
331.63103
332.9989
334.584
336.48001
338.81821
341.75521
345.14528
348.44049
318.84989
319.02838
319.37662
319.84449
320.40169
321.02654
321.70354
322.4219
323.17456
323.95747
324.76915
325.61043
326.48441
327.39669
328.35583
329.37459
330.47379
331.68409
333.04798
334.62843
336.51886
338.85017
341.77859
345.15896
348.44488
318.94296
319.12069
319.46751
319.93354
320.48865
321.11128
321.78598
322.502
323.25229
324.03281
324.84206
325.68087
326.55231
327.46195
328.41833
329.43417
330.53022
331.73704
333.09696
334.67277
336.55762
338.88205
341.80192
345.17261
348.44926
319.03566
319.21266
319.55806
320.02228
320.57533
321.19576
321.86818
322.58187
323.32982
324.10796
324.91481
325.75115
326.62006
327.52707
328.48069
329.49361
330.58653
331.78986
333.14582
334.717
336.59628
338.91386
341.82519
345.18623
348.45363
319.12801
319.30428
319.6483
320.11073
320.66175
321.27999
321.95015
322.66155
323.40716
324.18294
324.98739
325.82128
326.68766
327.59206
328.54292
329.55293
330.64271
331.84257
333.19457
334.76113
336.63486
338.94559
341.8484
345.19982
348.45799
319.21997
319.39552
319.73817
320.19884
320.74785
321.36394
322.03187
322.74098
323.48427
324.25771
325.05977
325.89122
326.75509
327.65686
328.60498
329.61209
330.69874
331.89513
333.24318
334.80514
336.67332
338.97723
341.87155
345.21336
348.46234
319.31173
319.48657
319.82788
320.28681
320.83382
321.44779
322.1135
322.82034
323.56133
324.33243
325.13211
325.96113
326.82249
327.72165
328.66703
329.67124
330.75476
331.94768
333.29179
334.84913
336.71178
339.00887
341.8947
345.22691
348.46669
319.40245
319.5766
319.91658
320.37379
320.91886
321.53072
322.19424
322.89885
323.63757
324.40635
325.20368
326.03028
326.88915
327.78572
328.72838
329.72971
330.81014
331.99962
333.33982
334.8926
336.74977
339.04011
341.91755
345.24028
348.47098
319.49599
319.66943
320.00808
320.46356
321.00664
321.61638
322.27768
322.98001
323.71641
324.48284
325.27776
326.10189
326.95821
327.85213
328.79199
329.79036
330.86759
332.05352
333.38969
334.93775
336.78925
339.0726
341.94133
345.2542
348.47544
319.57486
319.74769
320.08519
320.53917
321.08054
321.68842
322.3478
323.04816
323.78255
324.54693
325.33976
326.16175
327.01587
327.90751
328.84497
329.84081
330.91531
332.09822
333.43095
334.97501
336.82174
339.09924
341.96076
345.26555
348.47909
319.71841
319.89021
320.22573
320.67715
321.21558
321.82029
322.47635
323.1733
323.9042
324.66502
325.4542
326.27245
327.12269
328.01027
328.94344
329.93475
331.0044
332.18191
333.50846
335.04532
336.88336
339.15013
341.99817
345.28751
348.48614
)
;

boundaryField
{
    inlet
    {
        type            fixedValue;
        value           uniform 300;
    }
    outlet
    {
        type            inletOutlet;
        inletValue      uniform 300;
        value           nonuniform List<scalar> 
25
(
319.71841
319.89021
320.22573
320.67715
321.21558
321.82029
322.47635
323.1733
323.9042
324.66502
325.4542
326.27245
327.12269
328.01027
328.94344
329.93475
331.0044
332.18191
333.50846
335.04532
336.88336
339.15013
341.99817
345.28751
348.48614
)
;
    }
    wall
    {
        type            fixedValue;
        value           uniform 350;
    }
    front
    {
        type            wedge;
    }
    back
    {
        type            wedge;
    }
    axis
    {
        type            empty;
    }
}


// ************************************************************************* //
