/*--------------------------------*- C++ -*----------------------------------*\
| =========                 |                                                 |
| \\      /  F ield         | OpenFOAM: The Open Source CFD Toolbox           |
|  \\    /   O peration     | Version:  v2012                                 |
|   \\  /    A nd           | Website:  www.openfoam.com                      |
|    \\/     M anipulation  |                                                 |
\*---------------------------------------------------------------------------*/
FoamFile
{
    version     2.0;
    format      ascii;
    class       volScalarField;
    location    "0";
    object      thickness;
}
// * * * * * * * * * * * * * * * * * * * * * * * * * * * * * * * * * * * * * //

dimensions      [0 0 0 0 0 0 0];


internalField   uniform 0;

boundaryField
{
    Inlet
    {
        type            fixedValue;
        value           uniform 0;
    }
    Outlet
    {
        type            fixedValue;
        value           uniform 0;
    }
    PipeHandle
    {
        type            fixedValue;
        value           nonuniform List<scalar> 
4683
(
0
0
0
0
0
0
0
0
0
0
0
0
0
0
0
0
0
0
0
0
0
0
0
0
0
0
0
0
0
0
0
0
0
0
0
0
0
0
0
0
0
0
0
0
0
0
0
0
0
0
0
0
0
0
0
0
0
0
0
0
0
0
0
0
0
0
0
0
0
0
0
0
0
0
0
0
0
0
0
0
0
0
0
0
0
0
0
0
0
0
0
0
0
0
0
0
0
0
0
0
0
0
0
0
0
0
0
0
0
0
0
0
0
0
0
0
0
0
0
0
0
0
0
0
0
0
0
0
0
0
0
0
0
0
0
0
0
0
0
0
0
0
0
0
0
0
0
0
0
0
0
0
0
0
0
0
0
0
0
0
0
0
0
0
0
0
0
0
0
0
0
0
0
0
0
0
0
0
0
0
0
0
0
0
0
0
0
0
0
0
0
0
0
0
0
0
0
0
0
0
0
0
0
0
0
0
0
0
0
0
0
0
0
0
0
0
0
0
0
0
0
0
0
0
0
0
0
0
0
0
0
0
0
0
0
0
0
0
0
0
0
0
0
0
0
0
0
0
0
0
0
0
0
0
0
0
0
0
0
0
0
0
0
0
0
0
0
0
0
0
0
0
0
0
0
0
0
0
0
0
0
0
0
0
0
0
0
0
0
0
0
0
0
0
0
0
0
0
0
0
0
0
0
0
0
0
0
0
0
0
0
0
0
0
0
0
0
0
0
0
0
0
0
0
0
0
0
0
0
0
0
0
0
0
0
0
0
0
0
0
0
0
0
0
0
0
0
0
0
0
0
0
0
0
0
0
0
0
0
0
0
0
0
0
0
0
0
0
0
0
0
0
0
0
0
0
0
0
0
0
0
0
0
0
0
0
0
0
0
0
0
0
0
0
0
0
0
0
0
0
0
0
0
0
0
0
0
0
0
0
0
0
0
0
0
0
0
0
0
0
0
0
0
0
0
0
0
0
0
0
0
0
0
0
0
0
0
0
0
0
0
0
0
0
0
0
0
0
0
0
0
0
0
0
0
0
0
0
0
0
0
0
0
0
0
0
0
0
0
0
0
0
0
0
0
0
0
0
0
0
0
0
0
0
0
0
0
0
0
0
0
0
0
0
0
0
0
0
0
0
0
0
0
0
0
0
0
0
0
0
0
0
0
0
0
0
0
0
0
0
0
0
0
0
0
0
0
0
0
0
0
0
0
0
0
0
0
0
0
0
0
0
0
0
0
0
0
0
0
0
0
0
0
0
0
0
0
0
0
0
0
0
0
0
0
0
0
0
0
0
0
0
0
0
0
0
0
0
0
0
0
0
0
0
0
0
0
0
0
0
0
0
0
0
0
0
0
0
0
0
0
0
0
0
0
0
0
0
0
0
0
0
0
0
0
0
0
0
0
0
0
0
0
0
0
0
0
0
0
0
0
0
0
0
0
0
0
0
0
0
0
0
0
0
0
0
0
0
0
0
0
0
0
0
0
0
0
0
0
0
0
0
0
0
0
0
0
0
0
0
0
0
0
0
0
0
0
0
0
0
0
0
0
0
0
0
0
0
0
0
0
0
0
0
0
0
0
0
0
0
0
0
0
0
0
0
0
0
0
0
0
0
0
0
0
0
0
0
0
0
0
0
0
0
0
0
0
0
0
0
0
0
0
0
0
0
0
0
0
0
0
0
0
0
0
0
0
0
0
0
0
0
0
0
0
0
0
0
0
0
0
0
0
0
0
0
0
0
0
0
0
0
0
0
0
0
0
0
0
0
0
0
0
0
0
0
0
0
0
0
0
0
0
0
0
0
0
0
0
0
0
0
0
0
0
0
0
0
0
0
0
0
0
0
0
0
0
0
0
0
0
0
0
0
0
0
0
0
0
0
0
0
0
0
0
0
0
0
0
0
0
0
0
0
0
0
0
0
0
0
0
0
0
0
0
0
0
0
0
0
0
0
0
0
0
0
0
0
0
0
0
0
0
0
0
0
0
0
0
0
0
0
0
0
0
0
0
0
0
0
0
0
0
0
0
0
0
0
0
0
0
0
0
0
0
0
0
0
0
0
0
0
0
0
0
0
0
0
0
0
0
0
0
0
0
0
0
0
0
0
0
0
0
0
0
0
0
0
0
0
0
0
0
0
0
0
0
0
0
0
0
0
0
0
0
0
0
0
0
0
0
0
0
0
0
0
0
0
0
0
0
0
0
0
0
0
0
0
0
0
0
0
0
0
0
0
0
0
0
0
0
0
0
0
0
0
0
0
0
0
0
0
0
0
0
0
0
0
0
0
0
0
0
0
0
0
0
0
0
0
0
0
0
0
0
0
0
0
0
0
0
0
0
0
0
0
0
0
0
0
0
0
0
0
0
0
0
0
0
0
0
0
0
0
0
0
0
0
0
0
0
0
0
0
0
0
0
0
0
0
0
0
0
0
0
0
0
0
0
0
0
0
0
0
0
0
0
0
0
0
0
0
0
0
0
0
0
0
0
0
0
0
0
0
0
0
0
0
0
0
0
0
0
0
0
0
0
0
0
0
0
0
0
0
0
0
0
0
0
0
0
0
0
0
0
0
0
0
0
0
0
0
0
0
0
0
0
0
0
0
0
0
0
0
0
0
0
0
0
0
0
0
0
0
0
0
0
0
0
0
0
0
0
0
0
0
0
0
0
0
0
0
0
0
0
0
0
0
0
0
0
0
0
0
0
0
0
0
0
0
0
0
0
0
0
0
0
0
0
0
0
0
0
0
0
0
0
0
0
0
0
0
0
0
0
0
0
0
0
0
0
0
0
0
0
0
0
0
0
0
0
0
0
0
0
0
0
0
0
0
0
0
0
0
0
0
0
0
0
0
0
0
0
0
0
0
0
0
0
0
0
0
0
0
0
0
0
0
0
0
0
0
0
0
0
0
0
0
0
0
0
0
0
0
0
0
0
0
0
0
0
0
0
0
0
0
0
0
0
0
0
0
0
0
0
0
0
0
0
0
0
0
0
0
0
0
0
0
0
0
0
0
0
0
0
0
0
0
0
0
0
0
0
0
0
0
0
0
0
0
0
0
0
0
0
0
0
0
0
0
0
0
0
0
0
0
0
0
0
0
0
0
0
0
0
0
0
0
0
0
0
0
0
0
0
0
0
0
0
0
0
0
0
0
0
0
0
0
0
0
0
0
0
0
0
0
0
0
0
0
0
0
0
0
0
0
0
0
0
0
0
0
0
0
0
0
0
0
0
0
0
0
0
0
0
0
0
0
0
0
0
0
0
0
0
0
0
0
0
0
0
0
0
0
0
0
0
0
0
0
0
0
0
0
0
0
0
0
0
0
0
0
0
0
0
0
0
0
0
0
0
0
0
0
0
0
0
0
0
0
0
0
0
0
0
0
0
0
0
0
0
0
0
0
0
0
0
0
0
0
0
0
0
0
0
0
0
0
0
0
0
0
0
0
0
0
0
0
0
0
0
0
0
0
0
0
0
0
0
0
0
0
0
0
0
0
0
0
0
0
0
0
0
0
0
0
0
0
0
0
0
0
0
0
0
0
0
0
0
0
0
0
0
0
0
0
0
0
0
0
0
0
0
0
0
0
0
0
0
0
0
0
0
0
0
0
0
0
0
0
0
0
0
0
0
0
0
0
0
0
0
0
0
0
0
0
0
0
0
0
0
0
0
0
0
0
0
0
0
0
0
0
0
0
0
0
0
0
0
0
0
0
0
0
0
0
0
0
0
0
0
0
0
0
0
0
0
0
0
0
0
0
0
0
0
0
0
0
0
0
0
0
0
0
0
0
0
0
0
0
0
0
0
0
0
0
0
0
0
0
0
0
0
0
0
0
0
0
0
0
0
0
0
0
0
0
0
0
0
0
0
0
0
0
0
0
0
0
0
0
0
0
0
0
0
0
0
0
0
0
0
0
0
0
0
0
0
0
0
0
0
0
0
0
0
0
0
0
0
0
0
0
0
0
0
0
0
0
0
0
0
0
0
0
0
0
0
0
0
0
0
0
0
0
0
0
0
0
0
0
0
0
0
0
0
0
0
0
0
0
0
0
0
0
0
0
0
0
0
0
0
0
0
0
0
0
0
0
0
0
0
0
0
0
0
0
0
0
0
0
0
0
0
0
0
0
0
0
0
0
0
0
0
0
0
0
0
0
0
0
0
0
0
0
0
0
0
0
0
0
0
0
0
0
0
0
0
0
0
0
0
0
0
0
0
0
0
0
0
0
0
0
0
0
0
0
0
0
0
0
0
0
0
0
0
0
0
0
0
0
0
0
0
0
0
0
0
0
0
0
0
0
0
0
0
0
0
0
0
0
0
0
0
0
0
0
0
0
0
0
0
0
0
0
0
0
0
0
0
0
0
0
0
0
0
0
0
0
0
0
0
0
0
0
0
0
0
0
0
0
0
0
0
0
0
0
0
0
0
0
0
0
0
0
0
0
0
0
0
0
0
0
0
0
0
0
0
0
0
0
0
0
0
0
0
0
0
0
0
0
0
0
0
0
0
0
0
0
0
0
0
0
0
0
0
0
0
0
0
0
0
0
0
0
0
0
0
0
0
0
0
0
0
0
0
0
0
0
0
0
0
0
0
0
0
0
0
0
0
0
0
0
0
0
0
0
0
0
0
0
0
0
0
0
0
0
0
0
0
0
0
0
0
0
0
0
0
0
0
0
0
0
0
0
0
0
0
0
0
0
0
0
0
0
0
0
0
0
0
0
0
0
0
0
0
0
0
0
0
0
0
0
0
0
0
0
0
0
0
0
0
0
0
0
0
0
0
0
0
0
0
0
0
0
0
0
0
0
0
0
0
0
0
0
0
0
0
0
0
0
0
0
0
0
0
0
0
0
0
0
0
0
0
0
0
0
0
0
0
0
0
0
0
0
0
0
0
0
0
0
0
0
0
0
0
0
0
0
0
0
0
0
0
0
0
0
0
0
0
0
0
0
0
0
0
0
0
0
0
0
0
0
0
0
0
0
0
0
0
0
0
0
0
0
0
0
0
0
0
0
0
0
0
0
0
0
0
0
0
0
0
0
0
0
0
0
0
0
0
0
0
0
0
0
0
0
0
0
0
0
0
0
0
0
0
0
0
0
0
0
0
0
0
0
0
0
0
0
0
0
0
0
0
0
0
0
0
0
0
0
0
0
0
0
0
0
0
0
0
0
0
0
0
0
0
0
0
0
0
0
0
0
0
0
0
0
0
0
0
0
0
0
0
0
0
0
0
0
0
0
0
0
0
0
0
0
0
0
0
0
0
0
0
0
0
0
0
0
0
0
0
0
0
0
0
0
0
0
0
0
0
0
0
0
0
0
0
0
0
0
0
0
0
0
0
0
0
0
0
0
0
0
0
0
0
0
0
0
0
0
0
0
0
0
0
0
0
0
0
0
0
0
0
0
0
0
0
0
0
0
0
0
0
0
0
0
0
0
0
0
0
0
0
0
0
0
0
0
0
0
0
0
0
0
0
0
0
0
0
0
0
0
0
0
0
0
0
0
0
0
0
0
0
0
0
0
0
0
0
0
0
0
0
0
0
0
0
0
0
0
0
0
0
0
0
0
0
0
0
0
0
0
0
0
0
0
0
0
0
0
0
0
0
0
0
0
0
0
0
0
0
0
0
0
0
0
0
0
0
0
0
0
0
0
0
0
0
0
0
0
0
0
0
0
0
0
0
0
0
0
0
0
0
0
0
0
0
0
0
0
0
0
0
0
0
0
0
0
0
0
0
0
0
0
0
0
0
0
0
0
0
0
0
0
0
0
0
0
0
0
0
0
0
0
0
0
0
0
0
0
0
0
0
0
0
0
0
0
0
0
0
0
0
0
0
0
0
0
0
0
0
0
0
0
0
0
0
0
0
0
0
0
0
0
0
0
0
0
0
0
0
0
0
0
0
0
0
0
0
0
0
0
0
0
0
0
0
0
0
0
0
0
0
0
0
0
0
0
0
0
0
0
0
0
0
0
0
0
0
0
0
0
0
0
0
0
0
0
0
0
0
0
0
0
0
0
0
0
0
0
0
0
0
0
0
0
0
0
0
0
0
0
0
0
0
0
0
0
0
0
0
0
0
0
0
0
0
0
0
0
0
0
0
0
0
0
0
0
0
0
0
0
0
0
0
0
0
0
0
0
0
0
0
0
0
0
0
0
0
0
0
0
0
0
0
0
0
0
0
0
0
0
0
0
0
0
0
0
0
0
0
0
0
0
0
0
0
0
0
0
0
0
0
0
0
0
0
0
0
0
0
0
0
0
0
0
0
0
0
0
0
0
0
0
0
0
0
0
0
0
0
0
0
0
0
0
0
0
0
0
0
0
0
0
0
0
0
0
0
0
0
0
0
0
0
0
0
0
0
0
0
0
0
0
0
0
0
0
0
0
0
0
0
0
0
0
0
0
0
0
0
0
0
0
0
0
0
0
0
0
0
0
0
0
0
0
0
0
0
0
0
0
0
0
0
0
0
0
0
0
0
0
0
0
0
0
0
0
0
0
0
0
0
0
0
0
0
0
0
0
0
0
0
0
0
0
0
0
0
0
0
0
0
0
0
0
0
0
0
0
0
0
0
0
0
0
0
0
0
0
0
0
0
0
0
0
0
0
0
0
0
0
0
0
0
0
0
0
0
0
0
0
0
0
0
0
0
0
0
0
0
0
0
0
0
0
0
0
0
0
0
0
0
0
0
0
0
0
0
0
0
0
0
0
0
0
0
0
0
0
0
0
0
0
0
0
0
0
0
0
0
0
0
0
0
0
0
0
0
0
0
0
0
0
0
0
0
0
0
0
0
0
0
0
0
0
0
0
0
0
0
0
0
0
0
0
0
0
0
0
0
0
0
0
0
0
0
0
0
0
0
0
0
0
0
0
0
0
0
0
0
0
0
0
0
0
0
0
0
0
0
0
0
0
0
0
0
0
0
0
0
0
0
0
0
0
0
0
0
0
0
0
0
0
0
0
0
0
0
0
0
0
0
0
0
0
0
0
0
0
0
0
0
0
0
0
0
0
0
0
0
0
0
0
0
0
0
0
0
0
0
0
0
0
0
0
0
0
0
0
0
0
0
0
0
0
0
0
0
0
0
0
0
0
0
0
0
0
0
0
0
0
0
0
0
0
0
0
0
0
0
0
0
0
0
0
0
0
0
0
0
0
0
0
0
0
0
0
0
0
0
0
0
0
0
0
0
0
0
0
0
0
0
0
0
0
0
0
0
0
0
0
0
0
0
0
0
0
0
0
0
0
0
0
0
0
0
0
0
0
0
0
0
0
0
0
0
0
0
0
0
0
0
0
0
0
0
0
0
0
0
0
0
0
0
0
0
0
0
0
0
0
0
0
0
0
0
0
0
0
0
0
0
0
0
0
0
0
0
0
0
0
0
0
0
0
0
0
0
0
0
0
0
0
0
0
0
0
0
0
0
0
0
0
0
0
0
0
0
0
0
0
0
0
0
0
0
0
0
0
0
0
0
0
0
0
0
0
0
0
0
0
0
0
0
0
0
0
0
0
0
0
0
0
0
0
0
0
0
0
0
0
0
0
0
0
0
0
0
0
0
0
0
0
0
0
0
0
0
0
0
0
0
0
0
0
0
0
0
0
0
0
0
0
0
0
0
0
0
0
0
0
0
0
0
0
0
0
0
0
0
0
0
0
0
0
0
0
0
0
0
0
0
0
0
0
0
0
0
0
0
0
0
0
0
0
0
0
0
0
0
0
0
0
0
0
0
0
0
0
0
0
0
0
0
0
0
0
0
0
0
0
0
0
0
0
0
0
0
0
0
0
0
0
0
0
0
0
0
0
0
0
0
0
0
0
0
0
0
0
0
0
0
0
0
0
0
0
0
0
0
0
0
0
0
0
0
0
0
0
0
0
0
0
0
0
0
0
0
0
0
0
0
0
0
0
0
0
0
0
0
0
0
0
0
0
0
0
0
0
0
0
0
0
0
0
0
0
0
0
0
0
0
0
0
0
0
0
0
0
0
0
0
0
0
0
0
0
0
0
0
0
0
0
0
0
0
0
0
0
0
0
0
0
0
0
0
0
0
0
0
0
0
0
0
0
0
0
0
0
0
0
0
0
0
0
0
0
0
0
0
0
0
0
0
0
0
0
0
0
0
0
0
0
0
0
0
0
0
0
0
0
0
0
0
0
0
0
0
0
0
0
0
0
0
0
0
0
0
0
0
0
0
0
0
0
0
0
0
0
0
0
0
0
0
0
0
0
0
0
0
0
0
0
0
0
0
0
0
0
0
0
0
0
0
0
0
0
0
0
0
0
0
0
0
0
0
0
0
0
0
0
0
0
0
0
0
0
0
0
0
0
0
0
0
0
0
0
0
0
0
0
0
0
0
0
0
0
0
0
0
0
0
0
0
0
0
0
0
0
0
0
0
0
0
0
0
0
0
0
0
0
0
0
0
0
0
0
0
0
0
0
0
0
0
0
0
0
0
0
0
0
0
0
0
0
0
0
0
0
0
0
0
0
0
0
0
0
0
0
0
0
0
0
0
0
0
0
0
0
0
0
0
0
0
0
0
0
0
0
0
0
0
0
0
0
0
0
0
0
0
0
0
0
0
0
0
0
0
0
0
0
0
0
0
0
0
0
0
0
0
0
0
0
0
0
0
0
0
0
0
0
0
0
0
0
0
0
0
0
0
0
0
0
0
0
0
0
0
0
0
0
0
0
0
0
0
0
0
0
0
0
0
0
0
0
0
0
0
0
0
0
0
0
0
0
0
0
0
0
0
0
0
0
0
0
0
0
0
0
0
0
0
0
0
0
0
0
0
0
0
0
0
0
0
0
0
0
0
0
0
0
0
0
0
0
0
0
0
0
0
0
0
0
0
0
0
0
0
0
0
0
0
0
0
0
0
0
0
0
0
0
0
0
0
0
0
0
0
0
0
0
0
0
0
0
0
0
0
0
0
0
0
0
0
0
0
0
0
0
0
0
0
0
0
0
0
0
0
0
0
0
0
0
0
0
0
0
0
0
0
0
0
0
0
0
0
0
0
0
0
0
0
0
0
0
0
0
0
0
0
0
0
0
0
0
0
0
0
0
0
0
0
0
0
0
0
0
0
0
0
0
0
0
0
0
0
0
0
0
0
0
0
0
0
0
0
0
0
0
0
0
0
0
0
0
0
0
0
0
0
0
0
0
0
0
0
0
0
0
0
0
0
0
0
0
0
0
0
0
0
0
0
0
0
0
0
0
0
0
0
0
0
0
0
0
0
0
0
0
0
0
0
0
0
0
0
0
0
0
0
0
0
0
0
0
0
0
0
0
0
0
0
0
0
0
0
0
0
0
0
0
0
0
0
0
0
0
0
0
0
0
0
0
0
0
0
0
0
0
0
0
0
0
0
0
0
0
0
0
0
0
0
0
0
0
0
0
0
0
0
0
0
0
0
0
0
0
0
0
0
0
0
0
0
0
0
0
0
0
0
0
0
0
0
0
0
0
0
0
0
0
0
0
0
0
0
0
0
0
0
0
0
0
0
0
0
0
0
0
0
0
0
0
0
0
0
0
0
0
0
0
0
0
0
0
0
0
0
0
0
0
0
0
0
0
0
0
0
0
0
0
0
0
0
0
0
0
0
0
0
0
0
0
0
0
0
0
0
0
0
0
0
0
0
0
0
0
0
0
0
0
0
0
0
0
0
0
0
0
0
0
0
0
0
0
0
0
0
0
0
0
0
0
0
0
0
0
0
0
0
0
0
0
0
0
0
0
0
0
0
0
0
0
0
0
0
0
0
0
0
0
0
0
0
0
0
0
0
0
0
0
0
0
0
0
0
0
0
0
0
0
0
0
0
0
0
0
0
0
0
0
0
0
0
0
0
0
0
0
0
0
0
0
0
0
0
0
0
0
0
0
0
0
0
0
0
0
0
0
0
0
0
0
0
0
0
0
0
0
0
0
0
0
0
0
0
0
0
0
0
0
0
0
0
0
0
0
0
0
0
0
0
0
0
0
0
0
0
0
0
0
0
0
0
0
0
0
0
0
0
0
0
0
0
0
0
0
0
0
0
0
0
0
0
0
0
0
0
0
0
0
0
0
0
0
0
0
0
0
0
0
0
0
0
0
0
0
0
0
0
0
0
0
0
0
0
0
0
0
0
0
0
0
0
0
0
0
0
0
0
0
0
0
0
0
0
0
0
0
0
0
0
0
0
0
0
0
0
0
0
0
0
0
0
0
0
0
0
0
0
0
0
0
0
0
0
0
0
0
0
0
0
0
0
0
0
0
0
0
0
0
0
0
0
0
0
0
0
0
0
0
0
0
0
0
0
0
0
0
0
0
0
0
0
0
0
0
0
0
0
0
0
0
0
0
0
0
0
0
0
0
0
0
0
0
0
0
0
0
0
0
2.56104e-05
1.06186e-05
1.06686e-05
5.12343e-05
2.57201e-05
5.13676e-05
2.56239e-05
2.56475e-05
1.07283e-05
2.1397e-05
1.07078e-05
2.13438e-05
1.06826e-05
1.06612e-05
2.55782e-05
2.55623e-05
5.11012e-05
2.5549e-05
5.11114e-05
1.06451e-05
2.62129e-05
2.17458e-05
5.22304e-05
1.07609e-05
2.59785e-05
7.41902e-05
7.60034e-05
3.94147e-05
1.6803e-05
2.78926e-05
1.4364e-05
3.65887e-05
3.31012e-05
2.53653e-05
6.59501e-05
1.26333e-05
3.28488e-05
2.56399e-05
1.29137e-05
4.06366e-05
8.65916e-05
3.74521e-05
1.7595e-05
1.35286e-05
3.32527e-05
4.05546e-05
2.12637e-05
2.1573e-05
1.0748e-05
1.09459e-05
9.90212e-05
1.08652e-05
5.17585e-05
2.60067e-05
2.5523e-05
1.0567e-05
4.36431e-05
0.000106495
4.91082e-05
1.2732e-05
3.29875e-05
1.27262e-05
2.6015e-05
2.15089e-05
5.19935e-05
1.07999e-05
2.60175e-05
2.57518e-05
5.15293e-05
2.57265e-05
2.58028e-05
1.0593e-05
2.11737e-05
1.05807e-05
1.05966e-05
2.11636e-05
3.12135e-05
1.44105e-05
4.06304e-05
6.62401e-05
8.1185e-05
)
;
    }
    Walls
    {
        type            fixedValue;
        value           nonuniform List<scalar> 
19564
(
0
0
0
0
0
0
0
0
0
0
0
0
0
0
0
0
0
0
0
0
0
0
0
0
0
0
0
0
0
0
0
0
0
0
0
0
0
0
0
0
0
0
0
0
0
0
0
0
0
0
0
0
0
0
0
0
0
0
0
0
0
0
0
0
0
0
0
0
0
0
0
0
0
0
0
0
0
0
0
0
0
0
0
0
0
0
0
0
0
0
0
0
0
0
0
0
0
0
0
0
0
0
0
0
0
0
0
0
0
0
0
0
0
0
0
0
0
0
0
0
0
0
0
0
0
0
0
0
0
0
0
0
0
0
0
0
0
0
0
0
0
0
0
0
0
0
0
0
0
0
0
0
0
0
0
0
0
0
0
0
0
0
0
0
0
0
0
0
0
0
0
0
0
0
0
0
0
0
0
0
0
0
0
0
0
0
0
0
0
0
0
0
0
0
0
0
0
0
0
0
0
0
0
0
0
0
0
0
0
0
0
0
0
0
0
0
0
0
0
0
0
0
0
0
0
0
0
0
0
0
0
0
0
0
0
0
0
0
0
0
0
0
0
0
0
0
0
0
0
0
0
0
0
0
0
0
0
0
0
0
0
0
0
0
0
0
0
0
0
0
0
0
0
0
0
0
0
0
0
0
0
0
0
0
0
0
0
0
0
0
0
0
0
0
0
0
0
0
0
0
0
0
0
0
0
0
0
0
0
0
0
0
0
0
0
0
0
0
0
0
0
0
0
0
0
0
0
0
0
0
0
0
0
0
0
0
0
0
0
0
0
0
0
0
0
0
0
0
0
0
0
0
0
0
0
0
0
0
0
0
0
0
0
0
0
0
0
0
0
0
0
0
0
0
0
0
0
0
0
0
0
0
0
0
0
0
0
0
0
0
0
0
0
0
0
0
0
0
0
0
0
0
0
0
0
0
0
0
0
0
0
0
0
0
0
0
0
0
0
0
0
0
0
0
0
0
0
0
0
0
0
0
0
0
0
0
0
0
0
0
0
0
0
0
0
0
0
0
0
0
0
0
0
0
0
0
0
0
0
0
0
0
0
0
0
0
0
0
0
0
0
0
0
0
0
0
0
0
0
0
0
0
0
0
0
0
0
0
0
0
0
0
0
0
0
0
0
0
0
0
0
0
0
0
0
0
0
0
0
0
0
0
0
0
0
0
0
0
0
0
0
0
0
0
0
0
0
0
0
0
0
0
0
0
0
0
0
0
0
0
0
0
0
0
0
0
0
0
0
0
0
0
0
0
0
0
0
0
0
0
0
0
0
0
0
0
0
0
0
0
0
0
0
0
0
0
0
0
0
0
0
0
0
0
0
0
0
0
0
0
0
0
0
0
0
0
0
0
0
0
0
0
0
0
0
0
0
0
0
0
0
0
0
0
0
0
0
0
0
0
0
0
0
0
0
0
0
0
0
0
0
0
0
0
0
0
0
0
0
0
0
0
0
0
0
0
0
0
0
0
0
0
0
0
0
0
0
0
0
0
0
0
0
0
0
0
0
0
0
0
0
0
0
0
0
0
0
0
0
0
0
0
0
0
0
0
0
0
0
0
0
0
0
0
0
0
0
0
0
0
0
0
0
0
0
0
0
0
0
0
0
0
0
0
0
0
0
0
0
0
0
0
0
0
0
0
0
0
0
0
0
0
0
0
0
0
0
0
0
0
0
0
0
0
0
0
0
0
0
0
0
0
0
0
0
0
0
0
0
0
0
0
0
0
0
0
0
0
0
0
0
0
0
0
0
0
0
0
0
0
0
0
0
0
0
0
0
0
0
0
0
0
0
0
0
0
0
0
0
0
0
0
0
0
0
0
0
0
0
0
0
0
0
0
0
0
0
0
0
0
0
0
0
0
0
0
0
0
0
0
0
0
0
0
0
0
0
0
0
0
0
0
0
0
0
0
0
0
0
0
0
0
0
0
0
0
0
0
0
0
0
0
0
0
0
0
0
0
0
0
0
0
0
0
0
0
0
0
0
0
0
0
0
0
0
0
0
0
0
0
0
0
0
0
0
0
0
0
0
0
0
0
0
0
0
0
0
0
0
0
0
0
0
0
0
0
0
0
0
0
0
0
0
0
0
0
0
0
0
0
0
0
0
0
0
0
0
0
0
0
0
0
0
0
0
0
0
0
0
0
0
0
0
0
0
0
0
0
0
0
0
0
0
0
0
0
0
0
0
0
0
0
0
0
0
0
0
0
0
0
0
0
0
0
0
0
0
0
0
0
0
0
0
0
0
0
0
0
0
0
0
0
0
0
0
0
0
0
0
0
0
0
0
0
0
0
0
0
0
0
0
0
0
0
0
0
0
0
0
0
0
0
0
0
0
0
0
0
0
0
0
0
0
0
0
0
0
0
0
0
0
0
0
0
0
0
0
0
0
0
0
0
0
0
0
0
0
0
0
0
0
0
0
0
0
0
0
0
0
0
0
0
0
0
0
0
0
0
0
0
0
0
0
0
0
0
0
0
0
0
0
0
0
0
0
0
0
0
0
0
0
0
0
0
0
0
0
0
0
0
0
0
0
0
0
0
0
0
0
0
0
0
0
0
0
0
0
0
0
0
0
0
0
0
0
0
0
0
0
0
0
0
0
0
0
0
0
0
0
0
0
0
0
0
0
0
0
0
0
0
0
0
0
0
0
0
0
0
0
0
0
0
0
0
0
0
0
0
0
0
0
0
0
0
0
0
0
0
0
0
0
0
0
0
0
0
0
0
0
0
0
0
0
0
0
0
0
0
0
0
0
0
0
0
0
0
0
0
0
0
0
0
0
0
0
0
0
0
0
0
0
0
0
0
0
0
0
0
0
0
0
0
0
0
0
0
0
0
0
0
0
0
0
0
0
0
0
0
0
0
0
0
0
0
0
0
0
0
0
0
0
0
0
0
0
0
0
0
0
0
0
0
0
0
0
0
0
0
0
0
0
0
0
0
0
0
0
0
0
0
0
0
0
0
0
0
0
0
0
0
0
0
0
0
0
0
0
0
0
0
0
0
0
0
0
0
0
0
0
0
0
0
0
0
0
0
0
0
0
0
0
0
0
0
0
0
0
0
0
0
0
0
0
0
0
0
0
0
0
0
0
0
0
0
0
0
0
0
0
0
0
0
0
0
0
0
0
0
0
0
0
0
0
0
0
0
0
0
0
0
0
0
0
0
0
0
0
0
0
0
0
0
0
0
0
0
0
0
0
0
0
0
0
0
0
0
0
0
0
0
0
0
0
0
0
0
0
0
0
0
0
0
0
0
0
0
0
0
0
0
0
0
0
0
0
0
0
0
0
0
0
0
0
0
0
0
0
0
0
0
0
0
0
0
0
0
0
0
0
0
0
0
0
0
0
0
0
0
0
0
0
0
0
0
0
0
0
0
0
0
0
0
0
0
0
0
0
0
0
0
0
0
0
0
0
0
0
0
0
0
0
0
0
0
0
0
0
0
0
0
0
0
0
0
0
0
0
0
0
0
0
0
0
0
0
0
0
0
0
0
0
0
0
0
0
0
0
0
0
0
0
0
0
0
0
0
0
0
0
0
0
0
0
0
0
0
0
0
0
0
0
0
0
0
0
0
0
0
0
0
0
0
0
0
0
0
0
0
0
0
0
0
0
0
0
0
0
0
0
0
0
0
0
0
0
0
0
0
0
0
0
0
0
0
0
0
0
0
0
0
0
0
0
0
0
0
0
0
0
0
0
0
0
0
0
0
0
0
0
0
0
0
0
0
0
0
0
0
0
0
0
0
0
0
0
0
0
0
0
0
0
0
0
0
0
0
0
0
0
0
0
0
0
0
0
0
0
0
0
0
0
0
0
0
0
0
0
0
0
0
0
0
0
0
0
0
0
0
0
0
0
0
0
0
0
0
0
0
0
0
0
0
0
0
0
0
0
0
0
0
0
0
0
0
0
0
0
0
0
0
0
0
0
0
0
0
0
0
0
0
0
0
0
0
0
0
0
0
0
0
0
0
0
0
0
0
0
0
0
0
0
0
0
0
0
0
0
0
0
0
0
0
0
0
0
0
0
0
0
0
0
0
0
0
0
0
0
0
0
0
0
0
0
0
0
0
0
0
0
0
0
0
0
0
0
0
0
0
0
0
0
0
0
0
0
0
0
0
0
0
0
0
0
0
0
0
0
0
0
0
0
0
0
0
0
0
0
0
0
0
0
0
0
0
0
0
0
0
0
0
0
0
0
0
0
0
0
0
0
0
0
0
0
0
0
0
0
0
0
0
0
0
0
0
0
0
0
0
0
0
0
0
0
0
0
0
0
0
0
0
0
0
0
0
0
0
0
0
0
0
0
0
0
0
0
0
0
0
0
0
0
0
0
0
0
0
0
0
0
0
0
0
0
0
0
0
0
0
0
0
0
0
0
0
0
0
0
0
0
0
0
0
0
0
0
0
0
0
0
0
0
0
0
0
0
0
0
0
0
0
0
0
0
0
0
0
0
0
0
0
0
0
0
0
0
0
0
0
0
0
0
0
0
0
0
0
0
0
0
0
0
0
0
0
0
0
0
0
0
0
0
0
0
0
0
0
0
0
0
0
0
0
0
0
0
0
0
0
0
0
0
0
0
0
0
0
0
0
0
0
0
0
0
0
0
0
0
0
0
0
0
0
0
0
0
0
0
0
0
0
0
0
0
0
0
0
0
0
0
0
0
0
0
0
0
0
0
0
0
0
0
0
0
0
0
0
0
0
0
0
0
0
0
0
0
0
0
0
0
0
0
0
0
0
0
0
0
0
0
0
0
0
0
0
0
0
0
0
0
0
0
0
0
0
0
0
0
0
0
0
0
0
0
0
0
0
0
0
0
0
0
0
0
0
0
0
0
0
0
0
0
0
0
0
0
0
0
0
0
0
0
0
0
0
0
0
0
0
0
0
0
0
0
0
0
0
0
0
0
0
0
0
0
0
0
0
0
0
0
0
0
0
0
0
0
0
0
0
0
0
0
0
0
0
0
0
0
0
0
0
0
0
0
0
0
0
0
0
0
0
0
0
0
0
0
0
0
0
0
0
0
0
0
0
0
0
0
0
0
0
0
0
0
0
0
0
0
0
0
0
0
0
0
0
0
0
0
0
0
0
0
0
0
0
0
0
0
0
0
0
0
0
0
0
0
0
0
0
0
0
0
0
0
0
0
0
0
0
0
0
0
0
0
0
0
0
0
0
0
0
0
0
0
0
0
0
0
0
0
0
0
0
0
0
0
0
0
0
0
0
0
0
0
0
0
0
0
0
0
0
0
0
0
0
0
0
0
0
0
0
0
0
0
0
0
0
0
0
0
0
0
0
0
0
0
0
0
0
0
0
0
0
0
0
0
0
0
0
0
0
0
0
0
0
0
0
0
0
0
0
0
0
0
0
0
0
0
0
0
0
0
0
0
0
0
0
0
0
0
0
0
0
0
0
0
0
0
0
0
0
0
0
0
0
0
0
0
0
0
0
0
0
0
0
0
0
0
0
0
0
0
0
0
0
0
0
0
0
0
0
0
0
0
0
0
0
0
0
0
0
0
0
0
0
0
0
0
0
0
0
0
0
0
0
0
0
0
0
0
0
0
0
0
0
0
0
0
0
0
0
0
0
0
0
0
0
0
0
0
0
0
0
0
0
0
0
0
0
0
0
0
0
0
0
0
0
0
0
0
0
0
0
0
0
0
0
0
0
0
0
0
0
0
0
0
0
0
0
0
0
0
0
0
0
0
0
0
0
0
0
0
0
0
0
0
0
0
0
0
0
0
0
0
0
0
0
0
0
0
0
0
0
0
0
0
0
0
0
0
0
0
0
0
0
0
0
0
0
0
0
0
0
0
0
0
0
0
0
0
0
0
0
0
0
0
0
0
0
0
0
0
0
0
0
0
0
0
0
0
0
0
0
0
0
0
0
0
0
0
0
0
0
0
0
0
0
0
0
0
0
0
0
0
0
0
0
0
0
0
0
0
0
0
0
0
0
0
0
0
0
0
0
0
0
0
0
0
0
0
0
0
0
0
0
0
0
0
0
0
0
0
0
0
0
0
0
0
0
0
0
0
0
0
0
0
0
0
0
0
0
0
0
0
0
0
0
0
0
0
0
0
0
0
0
0
0
0
0
0
0
0
0
0
0
0
0
0
0
0
0
0
0
0
0
0
0
0
0
0
0
0
0
0
0
0
0
0
0
0
0
0
0
0
0
0
0
0
0
0
0
0
0
0
0
0
0
0
0
0
0
0
0
0
0
0
0
0
0
0
0
0
0
0
0
0
0
0
0
0
0
0
0
0
0
0
0
0
0
0
0
0
0
0
0
0
0
0
0
0
0
0
0
0
0
0
0
0
0
0
0
0
0
0
0
0
0
0
0
0
0
0
0
0
0
0
0
0
0
0
0
0
0
0
0
0
0
0
0
0
0
0
0
0
0
0
0
0
0
0
0
0
0
0
0
0
0
0
0
0
0
0
0
0
0
0
0
0
0
0
0
0
0
0
0
0
0
0
0
0
0
0
0
0
0
0
0
0
0
0
0
0
0
0
0
0
0
0
0
0
0
0
0
0
0
0
0
0
0
0
0
0
0
0
0
0
0
0
0
0
0
0
0
0
0
0
0
0
0
0
0
0
0
0
0
0
0
0
0
0
0
0
0
0
0
0
0
0
0
0
0
0
0
0
0
0
0
0
0
0
0
0
0
0
0
0
0
0
0
0
0
0
0
0
0
0
0
0
0
0
0
0
0
0
0
0
0
0
0
0
0
0
0
0
0
0
0
0
0
0
0
0
0
0
0
0
0
0
0
0
0
0
0
0
0
0
0
0
0
0
0
0
0
0
0
0
0
0
0
0
0
0
0
0
0
0
0
0
0
0
0
0
0
0
0
0
0
0
0
0
0
0
0
0
0
0
0
0
0
0
0
0
0
0
0
0
0
0
0
0
0
0
0
0
0
0
0
0
0
0
0
0
0
0
0
0
0
0
0
0
0
0
0
0
0
0
0
0
0
0
0
0
0
0
0
0
0
0
0
0
0
0
0
0
0
0
0
0
0
0
0
0
0
0
0
0
0
0
0
0
0
0
0
0
0
0
0
0
0
0
0
0
0
0
0
0
0
0
0
0
0
0
0
0
0
0
0
0
0
0
0
0
0
0
0
0
0
0
0
0
0
0
0
0
0
0
0
0
0
0
0
0
0
0
0
0
0
0
0
0
0
0
0
0
0
0
0
0
0
0
0
0
0
0
0
0
0
0
0
0
0
0
0
0
0
0
0
0
0
0
0
0
0
0
0
0
0
0
0
0
0
0
0
0
0
0
0
0
0
0
0
0
0
0
0
0
0
0
0
0
0
0
0
0
0
0
0
0
0
0
0
0
0
0
0
0
0
0
0
0
0
0
0
0
0
0
0
0
0
0
0
0
0
0
0
0
0
0
0
0
0
0
0
0
0
0
0
0
0
0
0
0
0
0
0
0
0
0
0
0
0
0
0
0
0
0
0
0
0
0
0
0
0
0
0
0
0
0
0
0
0
0
0
0
0
0
0
0
0
0
0
0
0
0
0
0
0
0
0
0
0
0
0
0
0
0
0
0
0
0
0
0
0
0
0
0
0
0
0
0
0
0
0
0
0
0
0
0
0
0
0
0
0
0
0
0
0
0
0
0
0
0
0
0
0
0
0
0
0
0
0
0
0
0
0
0
0
0
0
0
0
0
0
0
0
0
0
0
0
0
0
0
0
0
0
0
0
0
0
0
0
0
0
0
0
0
0
0
0
0
0
0
0
0
0
0
0
0
0
0
0
0
0
0
0
0
0
0
0
0
0
0
0
0
0
0
0
0
0
0
0
0
0
0
0
0
0
0
0
0
0
0
0
0
0
0
0
0
0
0
0
0
0
0
0
0
0
0
0
0
0
0
0
0
0
0
0
0
0
0
0
0
0
0
0
0
0
0
0
0
0
0
0
0
0
0
0
0
0
0
0
0
0
0
0
0
0
0
0
0
0
0
0
0
0
0
0
0
0
0
0
0
0
0
0
0
0
0
0
0
0
0
0
0
0
0
0
0
0
0
0
0
0
0
0
0
0
0
0
0
0
0
0
0
0
0
0
0
0
0
0
0
0
0
0
0
0
0
0
0
0
0
0
0
0
0
0
0
0
0
0
0
0
0
0
0
0
0
0
0
0
0
0
0
0
0
0
0
0
0
0
0
0
0
0
0
0
0
0
0
0
0
0
0
0
0
0
0
0
0
0
0
0
0
0
0
0
0
0
0
0
0
0
0
0
0
0
0
0
0
0
0
0
0
0
0
0
0
0
0
0
0
0
0
0
0
0
0
0
0
0
0
0
0
0
0
0
0
0
0
0
0
0
0
0
0
0
0
0
0
0
0
0
0
0
0
0
0
0
0
0
0
0
0
0
0
0
0
0
0
0
0
0
0
0
0
0
0
0
0
0
0
0
0
0
0
0
0
0
0
0
0
0
0
0
0
0
0
0
0
0
0
0
0
0
0
0
0
0
0
0
0
0
0
0
0
0
0
0
0
0
0
0
0
0
0
0
0
0
0
0
0
0
0
0
0
0
0
0
0
0
0
0
0
0
0
0
0
0
0
0
0
0
0
0
0
0
0
0
0
0
0
0
0
0
0
0
0
0
0
0
0
0
0
0
0
0
0
0
0
0
0
0
0
0
0
0
0
0
0
0
0
0
0
0
0
0
0
0
0
0
0
0
0
0
0
0
0
0
0
0
0
0
0
0
0
0
0
0
0
0
0
0
0
0
0
0
0
0
0
0
0
0
0
0
0
0
0
0
0
0
0
0
0
0
0
0
0
0
0
0
0
0
0
0
0
0
0
0
0
0
0
0
0
0
0
0
0
0
0
0
0
0
0
0
0
0
0
0
0
0
0
0
0
0
0
0
0
0
0
0
0
0
0
0
0
0
0
0
0
0
0
0
0
0
0
0
0
0
0
0
0
0
0
0
0
0
0
0
0
0
0
0
0
0
0
0
0
0
0
0
0
0
0
0
0
0
0
0
0
0
0
0
0
0
0
0
0
0
0
0
0
0
0
0
0
0
0
0
0
0
0
0
0
0
0
0
0
0
0
0
0
0
0
0
0
0
0
0
0
0
0
0
0
0
0
0
0
0
0
0
0
0
0
0
0
0
0
0
0
0
0
0
0
0
0
0
0
0
0
0
0
0
0
0
0
0
0
0
0
0
0
0
0
0
0
0
0
0
0
0
0
0
0
0
0
0
0
0
0
0
0
0
0
0
0
0
0
0
0
0
0
0
0
0
0
0
0
0
0
0
0
0
0
0
0
0
0
0
0
0
0
0
0
0
0
0
0
0
0
0
0
0
0
0
0
0
0
0
0
0
0
0
0
0
0
0
0
0
0
0
0
0
0
0
0
0
0
0
0
0
0
0
0
0
0
0
0
0
0
0
0
0
0
0
0
0
0
0
0
0
0
0
0
0
0
0
0
0
0
0
0
0
0
0
0
0
0
0
0
0
0
0
0
0
0
0
0
0
0
0
0
0
0
0
0
0
0
0
0
0
0
0
0
0
0
0
0
0
0
0
0
0
0
0
0
0
0
0
0
0
0
0
0
0
0
0
0
0
0
0
0
0
0
0
0
0
0
0
0
0
0
0
0
0
0
0
0
0
0
0
0
0
0
0
0
0
0
0
0
0
0
0
0
0
0
0
0
0
0
0
0
0
0
0
0
0
0
0
0
0
0
0
0
0
0
0
0
0
0
0
0
0
0
0
0
0
0
0
0
0
0
0
0
0
0
0
0
0
0
0
0
0
0
0
0
0
0
0
0
0
0
0
0
0
0
0
0
0
0
0
0
0
0
0
0
0
0
0
0
0
0
0
0
0
0
0
0
0
0
0
0
0
0
0
0
0
0
0
0
0
0
0
0
0
0
0
0
0
0
0
0
0
0
0
0
0
0
0
0
0
0
0
0
0
0
0
0
0
0
0
0
0
0
0
0
0
0
0
0
0
0
0
0
0
0
0
0
0
0
0
0
0
0
0
0
0
0
0
0
0
0
0
0
0
0
0
0
0
0
0
0
0
0
0
0
0
0
0
0
0
0
0
0
0
0
0
0
0
0
0
0
0
0
0
0
0
0
0
0
0
0
0
0
0
0
0
0
0
0
0
0
0
0
0
0
0
0
0
0
0
0
0
0
0
0
0
0
0
0
0
0
0
0
0
0
0
0
0
0
0
0
0
0
0
0
0
0
0
0
0
0
0
0
0
0
0
0
0
0
0
0
0
0
0
0
0
0
0
0
0
0
0
0
0
0
0
0
0
0
0
0
0
0
0
0
0
0
0
0
0
0
0
0
0
0
0
0
0
0
0
0
0
0
0
0
0
0
0
0
0
0
0
0
0
0
0
0
0
0
0
0
0
0
0
0
0
0
0
0
0
0
0
0
0
0
0
0
0
0
0
0
0
0
0
0
0
0
0
0
0
0
0
0
0
0
0
0
0
0
0
0
0
0
0
0
0
0
0
0
0
0
0
0
0
0
0
0
0
0
0
0
0
0
0
0
0
0
0
0
0
0
0
0
0
0
0
0
0
0
0
0
0
0
0
0
0
0
0
0
0
0
0
0
0
0
0
0
0
0
0
0
0
0
0
0
0
0
0
0
0
0
0
0
0
0
0
0
0
0
0
0
0
0
0
0
0
0
0
0
0
0
0
0
0
0
0
0
0
0
0
0
0
0
0
0
0
0
0
0
0
0
0
0
0
0
0
0
0
0
0
0
0
0
0
0
0
0
0
0
0
0
0
0
0
0
0
0
0
0
0
0
0
0
0
0
0
0
0
0
0
0
0
0
0
0
0
0
0
0
0
0
0
0
0
0
0
0
0
0
0
0
0
0
0
0
0
0
0
0
0
0
0
0
0
0
0
0
0
0
0
0
0
0
0
0
0
0
0
0
0
0
0
0
0
0
0
0
0
0
0
0
0
0
0
0
0
0
0
0
0
0
0
0
0
0
0
0
0
0
0
0
0
0
0
0
0
0
0
0
0
0
0
0
0
0
0
0
0
0
0
0
0
0
0
0
0
0
0
0
0
0
0
0
0
0
0
0
0
0
0
0
0
0
0
0
0
0
0
0
0
0
0
0
0
0
0
0
0
0
0
0
0
0
0
0
0
0
0
0
0
0
0
0
0
0
0
0
0
0
0
0
0
0
0
0
0
0
0
0
0
0
0
0
0
0
0
0
0
0
0
0
0
0
0
0
0
0
0
0
0
0
0
0
0
0
0
0
0
0
0
0
0
0
0
0
0
0
0
0
0
0
0
0
0
0
0
0
0
0
0
0
0
0
0
0
0
0
0
0
0
0
0
0
0
0
0
0
0
0
0
0
0
0
0
0
0
0
0
0
0
0
0
0
0
0
0
0
0
0
0
0
0
0
0
0
0
0
0
0
0
0
0
0
0
0
0
0
0
0
0
0
0
0
0
0
0
0
0
0
0
0
0
0
0
0
0
0
0
0
0
0
0
0
0
0
0
0
0
0
0
0
0
0
0
0
0
0
0
0
0
0
0
0
0
0
0
0
0
0
0
0
0
0
0
0
0
0
0
0
0
0
0
0
0
0
0
0
0
0
0
0
0
0
0
0
0
0
0
0
0
0
0
0
0
0
0
0
0
0
0
0
0
0
0
0
0
0
0
0
0
0
0
0
0
0
0
0
0
0
0
0
0
0
0
0
0
0
0
0
0
0
0
0
0
0
0
0
0
0
0
0
0
0
0
0
0
0
0
0
0
0
0
0
0
0
0
0
0
0
0
0
0
0
0
0
0
0
0
0
0
0
0
0
0
0
0
0
0
0
0
0
0
0
0
0
0
0
0
0
0
0
0
0
0
0
0
0
0
0
0
0
0
0
0
0
0
0
0
0
0
0
0
0
0
0
0
0
0
0
0
0
0
0
0
0
0
0
0
0
0
0
0
0
0
0
0
0
0
0
0
0
0
0
0
0
0
0
0
0
0
0
0
0
0
0
0
0
0
0
0
0
0
0
0
0
0
0
0
0
0
0
0
0
0
0
0
0
0
0
0
0
0
0
0
0
0
0
0
0
0
0
0
0
0
0
0
0
0
0
0
0
0
0
0
0
0
0
0
0
0
0
0
0
0
0
0
0
0
0
0
0
0
0
0
0
0
0
0
0
0
0
0
0
0
0
0
0
0
0
0
0
0
0
0
0
0
0
0
0
0
0
0
0
0
0
0
0
0
0
0
0
0
0
0
0
0
0
0
0
0
0
0
0
0
0
0
0
0
0
0
0
0
0
0
0
0
0
0
0
0
0
0
0
0
0
0
0
0
0
0
0
0
0
0
0
0
0
0
0
0
0
0
0
0
0
0
0
0
0
0
0
0
0
0
0
0
0
0
0
0
0
0
0
0
0
0
0
0
0
0
0
0
0
0
0
0
0
0
0
0
0
0
0
0
0
0
0
0
0
0
0
0
0
0
0
0
0
0
0
0
0
0
0
0
0
0
0
0
0
0
0
0
0
0
0
0
0
0
0
0
0
0
0
0
0
0
0
0
0
0
0
0
0
0
0
0
0
0
0
0
0
0
0
0
0
0
0
0
0
0
0
0
0
0
0
0
0
0
0
0
0
0
0
0
0
0
0
0
0
0
0
0
0
0
0
0
0
0
0
0
0
0
0
0
0
0
0
0
0
0
0
0
0
0
0
0
0
0
0
0
0
0
0
0
0
0
0
0
0
0
0
0
0
0
0
0
0
0
0
0
0
0
0
0
0
0
0
0
0
0
0
0
0
0
0
0
0
0
0
0
0
0
0
0
0
0
0
0
0
0
0
0
0
0
0
0
0
0
0
0
0
0
0
0
0
0
0
0
0
0
0
0
0
0
0
0
0
0
0
0
0
0
0
0
0
0
0
0
0
0
0
0
0
0
0
0
0
0
0
0
0
0
0
0
0
0
0
0
0
0
0
0
0
0
0
0
0
0
0
0
0
0
0
0
0
0
0
0
0
0
0
0
0
0
0
0
0
0
0
0
0
0
0
0
0
0
0
0
0
0
0
0
0
0
0
0
0
0
0
0
0
0
0
0
0
0
0
0
0
0
0
0
0
0
0
0
0
0
0
0
0
0
0
0
0
0
0
0
0
0
0
0
0
0
0
0
0
0
0
0
0
0
0
0
0
0
0
0
0
0
0
0
0
0
0
0
0
0
0
0
0
0
0
0
0
0
0
0
0
0
0
0
0
0
0
0
0
0
0
0
0
0
0
0
0
0
0
0
0
0
0
0
0
0
0
0
0
0
0
0
0
0
0
0
0
0
0
0
0
0
0
0
0
0
0
0
0
0
0
0
0
0
0
0
0
0
0
0
0
0
0
0
0
0
0
0
0
0
0
0
0
0
0
0
0
0
0
0
0
0
0
0
0
0
0
0
0
0
0
0
0
0
0
0
0
0
0
0
0
0
0
0
0
0
0
0
0
0
0
0
0
0
0
0
0
0
0
0
0
0
0
0
0
0
0
0
0
0
0
0
0
0
0
0
0
0
0
0
0
0
0
0
0
0
0
0
0
0
0
0
0
0
0
0
0
0
0
0
0
0
0
0
0
0
0
0
0
0
0
0
0
0
0
0
0
0
0
0
0
0
0
0
0
0
0
0
0
0
0
0
0
0
0
0
0
0
0
0
0
0
0
0
0
0
0
0
0
0
0
0
0
0
0
0
0
0
0
0
0
0
0
0
0
0
0
0
0
0
0
0
0
0
0
0
0
0
0
0
0
0
0
0
0
0
0
0
0
0
0
0
0
0
0
0
0
0
0
0
0
0
0
0
0
0
0
0
0
0
0
0
0
0
0
0
0
0
0
0
0
0
0
0
0
0
0
0
0
0
0
0
0
0
0
0
0
0
0
0
0
0
0
0
0
0
0
0
0
0
0
0
0
0
0
0
0
0
0
0
0
0
0
0
0
0
0
0
0
0
0
0
0
0
0
0
0
0
0
0
0
0
0
0
0
0
0
0
0
0
0
0
0
0
0
0
0
0
0
0
0
0
0
0
0
0
0
0
0
0
0
0
0
0
0
0
0
0
0
0
0
0
0
0
0
0
0
0
0
0
0
0
0
0
0
0
0
0
0
0
0
0
0
0
0
0
0
0
0
0
0
0
0
0
0
0
0
0
0
0
0
0
0
0
0
0
0
0
0
0
0
0
0
0
0
0
0
0
0
0
0
0
0
0
0
0
0
0
0
0
0
0
0
0
0
0
0
0
0
0
0
0
0
0
0
0
0
0
0
0
0
0
0
0
0
0
0
0
0
0
0
0
0
0
0
0
0
0
0
0
0
0
0
0
0
0
0
0
0
0
0
0
0
0
0
0
0
0
0
0
0
0
0
0
0
0
0
0
0
0
0
0
0
0
0
0
0
0
0
0
0
0
0
0
0
0
0
0
0
0
0
0
0
0
0
0
0
0
0
0
0
0
0
0
0
0
0
0
0
0
0
0
0
0
0
0
0
0
0
0
0
0
0
0
0
0
0
0
0
0
0
0
0
0
0
0
0
0
0
0
0
0
0
0
0
0
0
0
0
0
0
0
0
0
0
0
0
0
0
0
0
0
0
0
0
0
0
0
0
0
0
0
0
0
0
0
0
0
0
0
0
0
0
0
0
0
0
0
0
0
0
0
0
0
0
0
0
0
0
0
0
0
0
0
0
0
0
0
0
0
0
0
0
0
0
0
0
0
0
0
0
0
0
0
0
0
0
0
0
0
0
0
0
0
0
0
0
0
0
0
0
0
0
0
0
0
0
0
0
0
0
0
0
0
0
0
0
0
0
0
0
0
0
0
0
0
0
0
0
0
0
0
0
0
0
0
0
0
0
0
0
0
0
0
0
0
0
0
0
0
0
0
0
0
0
0
0
0
0
0
0
0
0
0
0
0
0
0
0
0
0
0
0
0
0
0
0
0
0
0
0
0
0
0
0
0
0
0
0
0
0
0
0
0
0
0
0
0
0
0
0
0
0
0
0
0
0
0
0
0
0
0
0
0
0
0
0
0
0
0
0
0
0
0
0
0
0
0
0
0
0
0
0
0
0
0
0
0
0
0
0
0
0
0
0
0
0
0
0
0
0
0
0
0
0
0
0
0
0
0
0
0
0
0
0
0
0
0
0
0
0
0
0
0
0
0
0
0
0
0
0
0
0
0
0
0
0
0
0
0
0
0
0
0
0
0
0
0
0
0
0
0
0
0
0
0
0
0
0
0
0
0
0
0
0
0
0
0
0
0
0
0
0
0
0
0
0
0
0
0
0
0
0
0
0
0
0
0
0
0
0
0
0
0
0
0
0
0
0
0
0
0
0
0
0
0
0
0
0
0
0
0
0
0
0
0
0
0
0
0
0
0
0
0
0
0
0
0
0
0
0
0
0
0
0
0
0
0
0
0
0
0
0
0
0
0
0
0
0
0
0
0
0
0
0
0
0
0
0
0
0
0
0
0
0
0
0
0
0
0
0
0
0
0
0
0
0
0
0
0
0
0
0
0
0
0
0
0
0
0
0
0
0
0
0
0
0
0
0
0
0
0
0
0
0
0
0
0
0
0
0
0
0
0
0
0
0
0
0
0
0
0
0
0
0
0
0
0
0
0
0
0
0
0
0
0
0
0
0
0
0
0
0
0
0
0
0
0
0
0
0
0
0
0
0
0
0
0
0
0
0
0
0
0
0
0
0
0
0
0
0
0
0
0
0
0
0
0
0
0
0
0
0
0
0
0
0
0
0
0
0
0
0
0
0
0
0
0
0
0
0
0
0
0
0
0
0
0
0
0
0
0
0
0
0
0
0
0
0
0
0
0
0
0
0
0
0
0
0
0
0
0
0
0
0
0
0
0
0
0
0
0
0
0
0
0
0
0
0
0
0
0
0
0
0
0
0
0
0
0
0
0
0
0
0
0
0
0
0
0
0
0
0
0
0
0
0
0
0
0
0
0
0
0
0
0
0
0
0
0
0
0
0
0
0
0
0
0
0
0
0
0
0
0
0
0
0
0
0
0
0
0
0
0
0
0
0
0
0
0
0
0
0
0
0
0
0
0
0
0
0
0
0
0
0
0
0
0
0
0
0
0
0
0
0
0
0
0
0
0
0
0
0
0
0
0
0
0
0
0
0
0
0
0
0
0
0
0
0
0
0
0
0
0
0
0
0
0
0
0
0
0
0
0
0
0
0
0
0
0
0
0
0
0
0
0
0
0
0
0
0
0
0
0
0
0
0
0
0
0
0
0
0
0
0
0
0
0
0
0
0
0
0
0
0
0
0
0
0
0
0
0
0
0
0
0
0
0
0
0
0
0
0
0
0
0
0
0
0
0
0
0
0
0
0
0
0
0
0
0
0
0
0
0
0
0
0
0
0
0
0
0
0
0
0
0
0
0
0
0
0
0
0
0
0
0
0
0
0
0
0
0
0
0
0
0
0
0
0
0
0
0
0
0
0
0
0
0
0
0
0
0
0
0
0
0
0
0
0
0
0
0
0
0
0
0
0
0
0
0
0
0
0
0
0
0
0
0
0
0
0
0
0
0
0
0
0
0
0
0
0
0
0
0
0
0
0
0
0
0
0
0
0
0
0
0
0
0
0
0
0
0
0
0
0
0
0
0
0
0
0
0
0
0
0
0
0
0
0
0
0
0
0
0
0
0
0
0
0
0
0
0
0
0
0
0
0
0
0
0
0
0
0
0
0
0
0
0
0
0
0
0
0
0
0
0
0
0
0
0
0
0
0
0
0
0
0
0
0
0
0
0
0
0
0
0
0
0
0
0
0
0
0
0
0
0
0
0
0
0
0
0
0
0
0
0
0
0
0
0
0
0
0
0
0
0
0
0
0
0
0
0
0
0
0
0
0
0
0
0
0
0
0
0
0
0
0
0
0
0
0
0
0
0
0
0
0
0
0
0
0
0
0
0
0
0
0
0
0
0
0
0
0
0
0
0
0
0
0
0
0
0
0
0
0
0
0
0
0
0
0
0
0
0
0
0
0
0
0
0
0
0
0
0
0
0
0
0
0
0
0
0
0
0
0
0
0
0
0
0
0
0
0
0
0
0
0
0
0
0
0
0
0
0
0
0
0
0
0
0
0
0
0
0
0
0
0
0
0
0
0
0
0
0
0
0
0
0
0
0
0
0
0
0
0
0
0
0
0
0
0
0
0
0
0
0
0
0
0
0
0
0
0
0
0
0
0
0
0
0
0
0
0
0
0
0
0
0
0
0
0
0
0
0
0
0
0
0
0
0
0
0
0
0
0
0
0
0
0
0
0
0
0
0
0
0
0
0
0
0
0
0
0
0
0
0
0
0
0
0
0
0
0
0
0
0
0
0
0
0
0
0
0
0
0
0
0
0
0
0
0
0
0
0
0
0
0
0
0
0
0
0
0
0
0
0
0
0
0
0
0
0
0
0
0
0
0
0
0
0
0
0
0
0
0
0
0
0
0
0
0
0
0
0
0
0
0
0
0
0
0
0
0
0
0
0
0
0
0
0
0
0
0
0
0
0
0
0
0
0
0
0
0
0
0
0
0
0
0
0
0
0
0
0
0
0
0
0
0
0
0
0
0
0
0
0
0
0
0
0
0
0
0
0
0
0
0
0
0
0
0
0
0
0
0
0
0
0
0
0
0
0
0
0
0
0
0
0
0
0
0
0
0
0
0
0
0
0
0
0
0
0
0
0
0
0
0
0
0
0
0
0
0
0
0
0
0
0
0
0
0
0
0
0
0
0
0
0
0
0
0
0
0
0
0
0
0
0
0
0
0
0
0
0
0
0
0
0
0
0
0
0
0
0
0
0
0
0
0
0
0
0
0
0
0
0
0
0
0
0
0
0
0
0
0
0
0
0
0
0
0
0
0
0
0
0
0
0
0
0
0
0
0
0
0
0
0
0
0
0
0
0
0
0
0
0
0
0
0
0
0
0
0
0
0
0
0
0
0
0
0
0
0
0
0
0
0
0
0
0
0
0
0
0
0
0
0
0
0
0
0
0
0
0
0
0
0
0
0
0
0
0
0
0
0
0
0
0
0
0
0
0
0
0
0
0
0
0
0
0
0
0
0
0
0
0
0
0
0
0
0
0
0
0
0
0
0
0
0
0
0
0
0
0
0
0
0
0
0
0
0
0
0
0
0
0
0
0
0
0
0
0
0
0
0
0
0
0
0
0
0
0
0
0
0
0
0
0
0
0
0
0
0
0
0
0
0
0
0
0
0
0
0
0
0
0
0
0
0
0
0
0
0
0
0
0
0
0
0
0
0
0
0
0
0
0
0
0
0
0
0
0
0
0
0
0
0
0
0
0
0
0
0
0
0
0
0
0
0
0
0
0
0
0
0
0
0
0
0
0
0
0
0
0
0
0
0
0
0
0
0
0
0
0
0
0
0
0
0
0
0
0
0
0
0
0
0
0
0
0
0
0
0
0
0
0
0
0
0
0
0
0
0
0
0
0
0
0
0
0
0
0
0
0
0
0
0
0
0
0
0
0
0
0
0
0
0
0
0
0
0
0
0
0
0
0
0
0
0
0
0
0
0
0
0
0
0
0
0
0
0
0
0
0
0
0
0
0
0
0
0
0
0
0
0
0
0
0
0
0
0
0
0
0
0
0
0
0
0
0
0
0
0
0
0
0
0
0
0
0
0
0
0
0
0
0
0
0
0
0
0
0
0
0
0
0
0
0
0
0
0
0
0
0
0
0
0
0
0
0
0
0
0
0
0
0
0
0
0
0
0
0
0
0
0
0
0
0
0
0
0
0
0
0
0
0
0
0
0
0
0
0
0
0
0
0
0
0
0
0
0
0
0
0
0
0
0
0
0
0
0
0
0
0
0
0
0
0
0
0
0
0
0
0
0
0
0
0
0
0
0
0
0
0
0
0
0
0
0
0
0
0
0
0
0
0
0
0
0
0
0
0
0
0
0
0
0
0
0
0
0
0
0
0
0
0
0
0
0
0
0
0
0
0
0
0
0
0
0
0
0
0
0
0
0
0
0
0
0
0
0
0
0
0
0
0
0
0
0
0
0
0
0
0
0
0
0
0
0
0
0
0
0
0
0
0
0
0
0
0
0
0
0
0
0
0
0
0
0
0
0
0
0
0
0
0
0
0
0
0
0
0
0
0
0
0
0
0
0
0
0
0
0
0
0
0
0
0
0
0
0
0
0
0
0
0
0
0
0
0
0
0
0
0
0
0
0
0
0
0
0
0
0
0
0
0
0
0
0
0
0
0
0
0
0
0
0
0
0
0
0
0
0
0
0
0
0
0
0
0
0
0
0
0
0
0
0
0
0
0
0
0
0
0
0
0
0
0
0
0
0
0
0
0
0
0
0
0
0
0
0
0
0
0
0
0
0
0
0
0
0
0
0
0
0
0
0
0
0
0
0
0
0
0
0
0
0
0
0
0
0
0
0
0
0
0
0
0
0
0
0
0
0
0
0
0
0
0
0
0
0
0
0
0
0
0
0
0
0
0
0
0
0
0
0
0
0
0
0
0
0
0
0
0
0
0
0
0
0
0
0
0
0
0
0
0
0
0
0
0
0
0
0
0
0
0
0
0
0
0
0
0
0
0
0
0
0
0
0
0
0
0
0
0
0
0
0
0
0
0
0
0
0
0
0
0
0
0
0
0
0
0
0
0
0
0
0
0
0
0
0
0
0
0
0
0
0
0
0
0
0
0
0
0
0
0
0
0
0
0
0
0
0
0
0
0
0
0
0
0
0
0
0
0
0
0
0
0
0
0
0
0
0
0
0
0
0
0
0
0
0
0
0
0
0
0
0
0
0
0
0
0
0
0
0
0
0
0
0
0
0
0
0
0
0
0
0
0
0
0
0
0
0
0
0
0
0
0
0
0
0
0
0
0
0
0
0
0
0
0
0
0
0
0
0
0
0
0
0
0
0
0
0
0
0
0
0
0
0
0
0
0
0
0
0
0
0
0
0
0
0
0
0
0
0
0
0
0
0
0
0
0
0
0
0
0
0
0
0
0
0
0
0
0
0
0
0
0
0
0
0
0
0
0
0
0
0
0
0
0
0
0
0
0
0
0
0
0
0
0
0
0
0
0
0
0
0
0
0
0
0
0
0
0
0
0
0
0
0
0
0
0
0
0
0
0
0
0
0
0
0
0
0
0
0
0
0
0
0
0
0
0
0
0
0
0
0
0
0
0
0
0
0
0
0
0
0
0
0
0
0
0
0
0
0
0
0
0
0
0
0
0
0
0
0
0
0
0
0
0
0
0
0
0
0
0
0
0
0
0
0
0
0
0
0
0
0
0
0
0
0
0
0
0
0
0
0
0
0
0
0
0
0
0
0
0
0
0
0
0
0
0
0
0
0
0
0
0
0
0
0
0
0
0
0
0
0
0
0
0
0
0
0
0
0
0
0
0
0
0
0
0
0
0
0
0
0
0
0
0
0
0
0
0
0
0
0
0
0
0
0
0
0
0
0
0
0
0
0
0
0
0
0
0
0
0
0
0
0
0
0
0
0
0
0
0
0
0
0
0
0
0
0
0
0
0
0
0
0
0
0
0
0
0
0
0
0
0
0
0
0
0
0
0
0
0
0
0
0
0
0
0
0
0
0
0
0
0
0
0
0
0
0
0
0
0
0
0
0
0
0
0
0
0
0
0
0
0
0
0
0
0
0
0
0
0
0
0
0
0
0
0
0
0
0
0
0
0
0
0
0
0
0
0
0
0
0
0
0
0
0
0
0
0
0
0
0
0
0
0
0
0
0
0
0
0
0
0
0
0
0
0
0
0
0
0
0
0
0
0
0
0
0
0
0
0
0
0
0
0
0
0
0
0
0
0
0
0
0
0
0
0
0
0
0
0
0
0
0
0
0
0
0
0
0
0
0
0
0
0
0
0
0
0
0
0
0
0
0
0
0
0
0
0
0
0
0
0
0
0
0
0
0
0
0
0
0
0
0
0
0
0
0
0
0
0
0
0
0
0
0
0
0
0
0
0
0
0
0
0
0
0
0
0
0
0
0
0
0
0
0
0
0
0
0
0
0
0
0
0
0
0
0
0
0
0
0
0
0
0
0
0
0
0
0
0
0
0
0
0
0
0
0
0
0
0
0
0
0
0
0
0
0
0
0
0
0
0
0
0
0
0
0
0
0
0
0
0
0
0
0
0
0
0
0
0
0
0
0
0
0
0
0
0
0
0
0
0
0
0
0
0
0
0
0
0
0
0
0
0
0
0
0
0
0
0
0
0
0
0
0
0
0
0
0
0
0
0
0
0
0
0
0
0
0
0
0
0
0
0
0
0
0
0
0
0
0
0
0
0
0
0
0
0
0
0
0
0
0
0
0
0
0
0
0
0
0
0
0
0
0
0
0
0
0
0
0
0
0
0
0
0
0
0
0
0
0
0
0
0
0
0
0
0
0
0
0
0
0
0
0
0
0
0
0
0
0
0
0
0
0
0
0
0
0
0
0
0
0
0
0
0
0
0
0
0
0
0
0
0
0
0
0
0
0
0
0
0
0
0
0
0
0
0
0
0
0
0
0
0
0
0
0
0
0
0
0
0
0
0
0
0
0
0
0
0
0
0
0
0
0
0
0
0
0
0
0
0
0
0
0
0
0
0
0
0
0
0
0
0
0
0
0
0
0
0
0
0
0
0
0
0
0
0
0
0
0
0
0
0
0
0
0
0
0
0
0
0
0
0
0
0
0
0
0
0
0
0
0
0
0
0
0
0
0
0
0
0
0
0
0
0
0
0
0
0
0
0
0
0
0
0
0
0
0
0
0
0
0
0
0
0
0
0
0
0
0
0
0
0
0
0
0
0
0
0
0
0
0
0
0
0
0
0
0
0
0
0
0
0
0
0
0
0
0
0
0
0
0
0
0
0
0
0
0
0
0
0
0
0
0
0
0
0
0
0
0
0
0
0
0
0
0
0
0
0
0
0
0
0
0
0
0
0
0
0
0
0
0
0
0
0
0
0
0
0
0
0
0
0
0
0
0
0
0
0
0
0
0
0
0
0
0
0
0
0
0
0
0
0
0
0
0
0
0
0
0
0
0
0
0
0
0
0
0
0
0
0
0
0
0
0
0
0
0
0
0
0
0
0
0
0
0
0
0
0
0
0
0
0
0
0
0
0
0
0
0
0
0
0
0
0
0
0
0
0
0
0
0
0
0
0
0
0
0
0
0
0
0
0
0
0
0
0
0
0
0
0
0
0
0
0
0
0
0
0
0
0
0
0
0
0
0
0
0
0
0
0
0
0
0
0
0
0
0
0
0
0
0
0
0
0
0
0
0
0
0
0
0
0
0
0
0
0
0
0
0
0
0
0
0
0
0
0
0
0
0
0
0
0
0
0
0
0
0
0
0
0
0
0
0
0
0
0
0
0
0
0
0
0
0
0
0
0
0
0
0
0
0
0
0
0
0
0
0
0
0
0
0
0
0
0
0
0
0
0
0
0
0
0
0
0
0
0
0
0
0
0
0
0
0
0
0
0
0
0
0
0
0
0
0
0
0
0
0
0
0
0
0
0
0
0
0
0
0
0
0
0
0
0
0
0
0
0
0
0
0
0
0
0
0
0
0
0
0
0
0
0
0
0
0
0
0
0
0
0
0
0
0
0
0
0
0
0
0
0
0
0
0
0
0
0
0
0
0
0
0
0
0
0
0
0
0
0
0
0
0
0
0
0
0
0
0
0
0
0
0
0
0
0
0
0
0
0
0
0
0
0
0
0
0
0
0
0
0
0
0
0
0
0
0
0
0
0
0
0
0
0
0
0
0
0
0
0
0
0
0
0
0
0
0
0
0
0
0
0
0
0
0
0
0
0
0
0
0
0
0
0
0
0
0
0
0
0
0
0
0
0
0
0
0
0
0
0
0
0
0
0
0
0
0
0
0
0
0
0
0
0
0
0
0
0
0
0
0
0
0
0
0
0
0
0
0
0
0
0
0
0
0
0
0
0
0
0
0
0
0
0
0
0
0
0
0
0
0
0
0
0
0
0
0
0
0
0
0
0
0
0
0
0
0
0
0
0
0
0
0
0
0
0
0
0
0
0
0
0
0
0
0
0
0
0
0
0
0
0
0
0
0
0
0
0
0
0
0
0
0
0
0
0
0
0
0
0
0
0
0
0
0
0
0
0
0
0
0
0
0
0
0
0
0
0
0
0
0
0
0
0
0
0
0
0
0
0
0
0
0
0
0
0
0
0
0
0
0
0
0
0
0
0
0
0
0
0
0
0
0
0
0
0
0
0
0
0
0
0
0
0
0
0
0
0
0
0
0
0
0
0
0
0
0
0
0
0
0
0
0
0
0
0
0
0
0
0
0
0
0
0
0
0
0
0
0
0
0
0
0
0
0
0
0
0
0
0
0
0
0
0
0
0
0
0
0
0
0
0
0
0
0
0
0
0
0
0
0
0
0
0
0
0
0
0
0
0
0
0
0
0
0
0
0
0
0
0
0
0
0
0
0
0
0
0
0
0
0
0
0
0
0
0
0
0
0
0
0
0
0
0
0
0
0
0
0
0
0
0
0
0
0
0
0
0
0
0
0
0
0
0
0
0
0
0
0
0
0
0
0
0
0
0
0
0
0
0
0
0
0
0
0
0
0
0
0
0
0
0
0
0
0
0
0
0
0
0
0
0
0
0
0
0
0
0
0
0
0
0
0
0
0
0
0
0
0
0
0
0
0
0
0
0
0
0
0
0
0
0
0
0
0
0
0
0
0
0
0
0
0
0
0
0
0
0
0
0
0
0
0
0
0
0
0
0
0
0
0
0
0
0
0
0
0
0
0
0
0
0
0
0
0
0
0
0
0
0
0
0
0
0
0
0
0
0
0
0
0
0
0
0
0
0
0
0
0
0
0
0
0
0
0
0
0
0
0
0
0
0
0
0
0
0
0
0
0
0
0
0
0
0
0
0
0
0
0
0
0
0
0
0
0
0
0
0
0
0
0
0
0
0
0
0
0
0
0
0
0
0
0
0
0
0
0
0
0
0
0
0
0
0
0
0
0
0
0
0
0
0
0
0
0
0
0
0
0
0
0
0
0
0
0
0
0
0
0
0
0
0
0
0
0
0
0
0
0
0
0
0
0
0
0
0
0
0
0
0
0
0
0
0
0
0
0
0
0
0
0
0
0
0
0
0
0
0
0
0
0
0
0
0
0
0
0
0
0
0
0
0
0
0
0
0
0
0
0
0
0
0
0
0
0
0
0
0
0
0
0
0
0
0
0
0
0
0
0
0
0
0
0
0
0
0
0
0
0
0
0
0
0
0
0
0
0
0
0
0
0
0
0
0
0
0
0
0
0
0
0
0
0
0
0
0
0
0
0
0
0
0
0
0
0
0
0
0
0
0
0
0
0
0
0
0
0
0
0
0
0
0
0
0
0
0
0
0
0
0
0
0
0
0
0
0
0
0
0
0
0
0
0
0
0
0
0
0
0
0
0
0
0
0
0
0
0
0
0
0
0
0
0
0
0
0
0
0
0
0
0
0
0
0
0
0
0
0
0
0
0
0
0
0
0
0
0
0
0
0
0
0
0
0
0
0
0
0
0
0
0
0
0
0
0
0
0
0
0
0
0
0
0
0
0
0
0
0
0
0
0
0
0
0
0
0
0
0
0
0
0
0
0
0
0
0
0
0
0
0
0
0
0
0
0
0
0
0
0
0
0
0
0
0
0
0
0
0
0
0
0
0
0
0
0
0
0
0
0
0
0
0
0
0
0
0
0
0
0
0
0
0
0
0
0
0
0
0
0
0
0
0
0
0
0
0
0
0
0
0
0
0
0
0
0
0
0
0
0
0
0
0
0
0
0
0
0
0
0
0
0
0
0
0
0
0
0
0
0
0
0
0
0
0
0
0
0
0
0
0
0
0
0
0
0
0
0
0
0
0
0
0
0
0
0
0
0
0
0
0
0
0
0
0
0
0
0
0
0
0
0
0
0
0
0
0
0
0
0
0
0
0
0
0
0
0
0
0
0
0
0
0
0
0
0
0
0
0
0
0
0
0
0
0
0
0
0
0
0
0
0
0
0
0
0
0
0
0
0
0
0
0
0
0
0
0
0
0
0
0
0
0
0
0
0
0
0
0
0
0
0
0
0
0
0
0
0
0
0
0
0
0
0
0
0
0
0
0
0
0
0
0
0
0
0
0
0
0
0
0
0
0
0
0
0
0
0
0
0
0
0
0
0
0
0
0
0
0
0
0
0
0
0
0
0
0
0
0
0
0
0
0
0
0
0
0
0
0
0
0
0
0
0
0
0
0
0
0
0
0
0
0
0
0
0
0
0
0
0
0
0
0
0
0
0
0
0
0
0
0
0
0
0
0
0
0
0
0
0
0
0
0
0
0
0
0
0
0
0
0
0
0
0
0
0
0
0
0
0
0
0
0
0
0
0
0
0
0
0
0
0
0
0
0
0
0
0
0
0
0
0
0
0
0
0
0
0
0
0
0
0
0
0
0
0
0
0
0
0
0
0
0
0
0
0
0
0
0
0
0
0
0
0
0
0
0
0
0
0
0
0
0
0
0
0
0
0
0
0
0
0
0
0
0
0
0
0
0
0
0
0
0
0
0
0
0
0
0
0
0
0
0
0
0
0
0
0
0
0
0
0
0
0
0
0
0
0
0
0
0
0
0
0
0
0
0
0
0
0
0
0
0
0
0
0
0
0
0
0
0
0
0
0
0
0
0
0
0
0
0
0
0
0
0
0
0
0
0
0
0
0
0
0
0
0
0
0
0
0
0
0
0
0
0
0
0
0
0
0
0
0
0
0
0
0
0
0
0
0
0
0
0
0
0
0
0
0
0
0
0
0
0
0
0
0
0
0
0
0
0
0
0
0
0
0
0
0
0
0
0
0
0
0
0
0
0
0
0
0
0
0
0
0
0
0
0
0
0
0
0
0
0
0
0
0
0
0
0
0
0
0
0
0
0
0
0
0
0
0
0
0
0
0
0
0
0
0
0
0
0
0
0
0
0
0
0
0
0
0
0
0
0
0
0
0
0
0
0
0
0
0
0
0
0
0
0
0
0
0
0
0
0
0
0
0
0
0
0
0
0
0
0
0
0
0
0
0
0
0
0
0
0
0
0
0
0
0
0
0
0
0
0
0
0
0
0
0
0
0
0
0
0
0
0
0
0
0
0
0
0
0
0
0
0
0
0
0
0
0
0
0
0
0
0
0
0
0
0
0
0
0
0
0
0
0
0
0
0
0
0
0
0
0
0
0
0
0
0
0
0
0
0
0
0
0
0
0
0
0
0
0
0
0
0
0
0
0
0
0
0
0
0
0
0
0
0
0
0
0
0
0
0
0
0
0
0
0
0
0
0
0
0
0
0
0
0
0
0
0
0
0
0
0
0
0
0
0
0
0
0
0
0
0
0
0
0
0
0
0
0
0
0
0
0
0
0
0
0
0
0
0
0
0
0
0
0
0
0
0
0
0
0
0
0
0
0
0
0
0
0
0
0
0
0
0
0
0
0
0
0
0
0
0
0
0
0
0
0
0
0
0
0
0
0
0
0
0
0
0
0
0
0
0
0
0
0
0
0
0
0
0
0
0
0
0
0
0
0
0
0
0
0
0
0
0
0
0
0
0
0
0
0
0
0
0
0
0
0
0
0
0
0
0
0
0
0
0
0
0
0
0
0
0
0
0
0
0
0
0
0
0
0
0
0
0
0
0
0
0
0
0
0
0
0
0
0
0
0
0
0
0
0
0
0
0
0
0
0
0
0
0
0
0
0
0
0
0
0
0
0
0
0
0
0
0
0
0
0
0
0
0
0
0
0
0
0
0
0
0
0
0
0
0
0
0
0
0
0
0
0
0
0
0
0
0
0
0
0
0
0
0
0
0
0
0
0
0
0
0
0
0
0
0
0
0
0
0
0
0
0
0
0
0
0
0
0
0
0
0
0
0
0
0
0
0
0
0
0
0
0
0
0
0
0
0
0
0
0
0
0
0
0
0
0
0
0
0
0
0
0
0
0
0
0
0
0
0
0
0
0
0
0
0
0
0
0
0
0
0
0
0
0
0
0
0
0
0
0
0
0
0
0
0
0
0
0
0
0
0
0
0
0
0
0
0
0
0
0
0
0
0
0
0
0
0
0
0
0
0
0
0
0
0
0
0
0
0
0
0
0
0
0
0
0
0
0
0
0
0
0
0
0
0
0
0
0
0
0
0
0
0
0
0
0
0
0
0
0
0
0
0
0
0
0
0
0
0
0
0
0
0
0
0
0
0
0
0
0
0
0
0
0
0
0
0
0
0
0
0
0
0
0
0
0
0
0
0
0
0
0
0
0
0
0
0
0
0
0
0
0
0
0
0
0
0
0
0
0
0
0
0
0
0
0
0
0
0
0
0
0
0
0
0
0
0
0
0
0
0
0
0
0
0
0
0
0
0
0
0
0
0
0
0
0
0
0
0
0
0
0
0
0
0
0
0
0
0
0
0
0
0
0
0
0
0
0
0
0
0
0
0
0
0
0
0
0
0
0
0
0
0
0
0
0
0
0
0
0
0
0
0
0
0
0
0
0
0
0
0
0
0
0
0
0
0
0
0
0
0
0
0
0
0
0
0
0
0
0
0
0
0
0
0
0
0
0
0
0
0
0
0
0
0
0
0
0
0
0
0
0
0
0
0
0
0
0
0
0
0
0
0
0
0
0
0
0
0
0
0
0
0
0
0
0
0
0
0
0
0
0
0
0
0
0
0
0
0
0
0
0
0
0
0
0
0
0
0
0
0
0
0
0
0
0
0
0
0
0
0
0
0
0
0
0
0
0
0
0
0
0
0
0
0
0
0
0
0
0
0
0
0
0
0
0
0
0
0
0
0
0
0
0
0
0
0
0
0
0
0
0
0
0
0
0
0
0
0
0
0
0
0
0
0
0
0
0
0
0
0
0
0
0
0
0
0
0
0
0
0
0
0
0
0
0
0
0
0
0
0
0
0
0
0
0
0
0
0
0
0
0
0
0
0
0
0
0
0
0
0
0
0
0
0
0
0
0
0
0
0
0
0
0
0
0
0
0
0
0
0
0
0
0
0
0
0
0
0
0
0
0
0
0
0
0
0
0
0
0
0
0
0
0
0
0
0
0
0
0
0
0
0
0
0
0
0
0
0
0
0
0
0
0
0
0
0
0
0
0
0
0
0
0
0
0
0
0
0
0
0
0
0
0
0
0
0
0
0
0
0
0
0
0
0
0
0
0
0
0
0
0
0
0
0
0
0
0
0
0
0
0
0
0
0
0
0
0
0
0
0
0
0
0
0
0
0
0
0
0
0
0
0
0
0
0
0
0
0
0
0
0
0
0
0
0
0
0
0
0
0
0
0
0
0
0
0
0
0
0
0
0
0
0
0
0
0
0
0
0
0
0
0
0
0
0
0
0
0
0
0
0
0
0
0
0
0
0
0
0
0
0
0
0
0
0
0
0
0
0
0
0
0
0
0
0
0
0
0
0
0
0
0
0
0
0
0
0
0
0
0
0
0
0
0
0
0
0
0
0
0
0
0
0
0
0
0
0
0
0
0
0
0
0
0
0
0
0
0
0
0
0
0
0
0
0
0
0
0
0
0
0
0
0
0
0
0
0
0
0
0
0
0
0
0
0
0
0
0
0
0
0
0
0
0
0
0
0
0
0
0
0
0
0
0
0
0
0
0
0
0
0
0
0
0
0
0
0
0
0
0
0
0
0
0
0
0
0
0
0
0
0
0
0
0
0
0
0
0
0
0
0
0
0
0
0
0
0
0
0
0
0
0
0
0
0
0
0
0
0
0
0
0
0
0
0
0
0
0
0
0
0
0
0
0
0
0
0
0
0
0
0
0
0
0
0
0
0
0
0
0
0
0
0
0
0
0
0
0
0
0
0
0
0
0
0
0
0
0
0
0
0
0
0
0
0
0
0
0
0
0
0
0
0
0
0
0
0
0
0
0
0
0
0
0
0
0
0
0
0
0
0
0
0
0
0
0
0
0
0
0
0
0
0
0
0
0
0
0
0
0
0
0
0
0
0
0
0
0
0
0
0
0
0
0
0
0
0
0
0
0
0
0
0
0
0
0
0
0
0
0
0
0
0
0
0
0
0
0
0
0
0
0
0
0
0
0
0
0
0
0
0
0
0
0
0
0
0
0
0
0
0
0
0
0
0
0
0
0
0
0
0
0
0
0
0
0
0
0
0
0
0
0
0
0
0
0
0
0
0
0
0
0
0
0
0
0
0
0
0
0
0
0
0
0
0
0
0
0
0
0
0
0
0
0
0
0
0
0
0
0
0
0
0
0
0
0
0
0
0
0
0
0
0
0
0
0
0
0
0
0
0
0
0
0
0
0
0
0
0
0
0
0
0
0
0
0
0
0
0
0
0
0
0
0
0
0
0
0
0
0
0
0
0
0
0
0
0
0
0
0
0
0
0
0
0
0
0
0
0
0
0
0
0
0
0
0
0
0
0
0
0
0
0
0
0
0
0
0
0
0
0
0
0
0
0
0
0
0
0
0
0
0
0
0
0
0
0
0
0
0
0
0
0
0
0
0
0
0
0
0
0
0
0
0
0
0
0
0
0
0
0
0
0
0
0
0
0
0
0
0
0
0
0
0
0
0
0
0
0
0
0
0
0
0
0
0
0
0
0
0
0
0
0
0
0
0
0
0
0
0
0
0
0
0
0
0
0
0
0
0
0
0
0
0
0
0
0
0
0
0
0
0
0
0
0
0
0
0
0
0
0
0
0
0
0
0
0
0
0
0
0
0
0
0
0
0
0
0
0
0
0
0
0
0
0
0
0
0
0
0
0
0
0
0
0
0
0
0
0
0
0
0
0
0
0
0
0
0
0
0
0
0
0
0
0
0
0
0
0
0
0
0
0
0
0
0
0
0
0
0
0
0
0
0
0
0
0
0
0
0
0
0
0
0
0
0
0
0
0
0
0
0
0
0
0
0
0
0
0
0
0
0
0
0
0
0
0
0
0
0
0
0
0
0
0
0
0
0
0
0
0
0
0
0
0
0
0
0
0
0
0
0
0
0
0
0
0
0
0
0
0
0
0
0
0
0
0
0
0
0
0
0
0
0
0
0
0
0
0
0
0
0
0
0
0
0
0
0
0
0
0
0
0
0
0
0
0
0
0
0
0
0
0
0
0
0
0
0
0
0
0
0
0
0
0
0
0
0
0
0
0
0
0
0
0
0
0
0
0
0
0
0
0
0
0
0
0
0
0
0
0
0
0
0
0
0
0
0
0
0
0
0
0
0
0
0
0
0
0
0
0
0
0
0
0
0
0
0
0
0
0
0
0
0
0
0
0
0
0
0
0
0
0
0
0
0
0
0
0
0
0
0
0
0
0
0
0
0
0
0
0
0
0
0
0
0
0
0
0
0
0
0
0
0
0
0
0
0
0
0
0
0
0
0
0
0
0
0
0
0
0
0
0
0
0
0
0
0
0
0
0
0
0
0
0
0
0
0
0
0
0
0
0
0
0
0
0
0
0
0
0
0
0
0
0
0
0
0
0
0
0
0
0
0
0
0
0
0
0
0
0
0
0
0
0
0
0
0
0
0
0
0
0
0
0
0
0
0
0
0
0
0
0
0
0
0
0
0
0
0
0
0
0
0
0
0
0
0
0
0
0
0
0
0
0
0
0
0
0
0
0
0
0
0
0
0
0
0
0
0
0
0
0
0
0
0
0
0
0
0
0
0
0
0
0
0
0
0
0
0
0
0
0
0
0
0
0
0
0
0
0
0
0
0
0
0
0
0
0
0
0
0
0
0
0
0
0
0
0
0
0
0
0
0
0
0
0
0
0
0
0
0
0
0
0
0
0
0
0
0
0
0
0
0
0
0
0
0
0
0
0
0
0
0
0
0
0
0
0
0
0
0
0
0
0
0
0
0
0
0
0
0
0
0
0
0
0
0
0
0
0
0
0
0
0
0
0
0
0
0
0
0
0
0
0
0
0
0
0
0
0
0
0
0
0
0
0
0
0
0
0
0
0
0
0
0
0
0
0
0
0
0
0
0
0
0
0
0
0
0
0
0
0
0
0
0
0
0
0
0
0
0
0
0
0
0
0
0
0
0
0
0
0
0
0
0
0
0
0
0
0
0
0
0
0
0
0
0
0
0
0
0
0
0
0
0
0
0
0
0
0
0
0
0
0
0
0
0
0
0
0
0
0
0
0
0
0
0
0
0
0
0
0
0
0
0
0
0
0
0
0
0
0
0
0
0
0
0
0
0
0
0
0
0
0
0
0
0
0
0
0
0
0
0
0
0
0
0
0
0
0
0
0
0
0
0
0
0
0
0
0
0
0
0
0
0
0
0
0
0
0
0
0
0
0
0
0
0
0
0
0
0
0
0
0
0
0
0
0
0
0
0
0
0
0
0
0
0
0
0
0
0
0
0
0
0
0
0
0
0
0
0
0
0
0
0
0
0
0
0
0
0
0
0
0
0
0
0
0
0
0
0
0
0
0
0
0
0
0
0
0
0
0
0
0
0
0
0
0
0
0
0
0
0
0
0
0
0
0
0
0
0
0
0
0
0
0
0
0
0
0
0
0
0
0
0
0
0
0
0
0
0
0
0
0
0
0
0
0
0
0
0
0
0
0
0
0
0
0
0
0
0
0
0
0
0
0
0
0
0
0
0
0
0
0
0
0
0
0
0
0
0
0
0
0
0
0
0
0
0
0
0
0
0
0
0
0
0
0
0
0
0
0
0
0
0
0
0
0
0
0
0
0
0
0
0
0
0
0
0
0
0
0
0
0
0
0
0
0
0
0
0
0
0
0
0
0
0
0
0
0
0
0
0
0
0
0
0
0
0
0
0
0
0
0
0
0
0
0
0
0
0
0
0
0
0
0
0
0
0
0
0
0
0
0
0
0
0
0
0
0
0
0
0
0
0
0
0
0
0
0
0
0
0
0
0
0
0
0
0
0
0
0
0
0
0
0
0
0
0
0
0
0
0
0
0
0
0
0
0
0
0
0
0
0
0
0
0
0
0
0
0
0
0
0
0
0
0
0
0
0
0
0
0
0
0
0
0
0
0
0
0
0
0
0
0
0
0
0
0
0
0
0
0
0
0
0
0
0
0
0
0
0
0
0
0
0
0
0
0
0
0
0
0
0
0
0
0
0
0
0
0
0
0
0
0
0
0
0
0
0
0
0
0
0
0
0
0
0
0
0
0
0
0
0
0
0
0
0
0
0
0
0
0
0
0
0
0
0
0
0
0
0
0
0
0
0
0
0
0
0
0
0
0
0
0
0
0
0
0
0
0
0
0
0
0
0
0
0
0
0
0
0
0
0
0
0
0
0
0
0
0
0
0
0
0
0
0
0
0
0
0
0
0
0
0
0
0
0
0
0
0
0
0
0
0
0
0
0
0
0
0
0
0
0
0
0
0
0
0
0
0
0
0
0
0
0
0
0
0
0
0
0
0
0
0
0
0
0
0
0
0
0
0
0
0
0
0
0
0
0
0
0
0
0
0
0
0
0
0
0
0
0
0
0
0
0
0
0
0
0
0
0
0
0
0
0
0
0
0
0
0
0
0
0
0
0
0
0
0
0
0
0
0
0
0
0
0
0
0
0
0
0
0
0
0
0
0
0
0
0
0
0
0
0
0
0
0
0
0
0
0
0
0
0
0
0
0
0
0
0
0
0
0
0
0
0
0
0
0
0
0
0
0
0
0
0
0
0
0
0
0
0
0
0
0
0
0
0
0
0
0
0
0
0
0
0
0
0
0
0
0
0
0
0
0
0
0
0
0
0
0
0
0
0
0
0
0
0
0
0
0
0
0
0
0
0
0
0
0
0
0
0
0
0
0
0
0
0
0
0
0
0
0
0
0
0
0
0
0
0
0
0
0
0
0
0
0
0
0
0
0
0
0
0
0
0
0
0
0
0
0
0
0
0
0
0
0
0
0
0
0
0
0
0
0
0
0
0
0
0
0
0
0
0
0
0
0
0
0
0
0
0
0
0
0
0
0
0
0
0
0
0
0
0
0
0
0
0
0
0
0
0
0
0
0
0
0
0
0
0
0
0
0
0
0
0
0
0
0
0
0
0
0
0
0
0
0
0
0
0
0
0
0
0
0
0
0
0
0
0
0
0
0
0
0
0
0
0
0
0
0
0
0
0
0
0
0
0
0
0
0
0
0
0
0
0
0
0
0
0
0
0
0
0
0
0
0
0
0
0
0
0
0
0
0
0
0
0
0
0
0
0
0
0
0
0
0
0
0
0
0
0
0
0
0
0
0
0
0
0
0
0
0
0
0
0
0
0
0
0
0
0
0
0
0
0
0
0
0
0
0
0
0
0
0
0
0
0
0
0
0
0
0
0
0
0
0
0
0
0
0
0
0
0
0
0
0
0
0
0
0
0
0
0
0
0
0
0
0
0
0
0
0
0
0
0
0
0
0
0
0
0
0
0
0
0
0
0
0
0
0
0
0
0
0
0
0
0
0
0
0
0
0
0
0
0
0
0
0
0
0
0
0
0
0
0
0
0
0
0
0
0
0
0
0
0
0
0
0
0
0
0
0
0
0
0
0
0
0
0
0
0
0
0
0
0
0
0
0
0
0
0
0
0
0
0
0
0
0
0
0
0
0
0
0
0
0
0
0
0
0
0
0
0
0
0
0
0
0
0
0
0
0
0
0
0
0
0
0
0
0
0
0
0
0
0
0
0
0
0
0
0
0
0
0
0
0
0
0
0
0
0
0
0
0
0
0
0
0
0
0
0
0
0
0
0
0
0
0
0
0
0
0
0
0
0
0
0
0
0
0
0
0
0
0
0
0
0
0
0
0
0
0
0
0
0
0
0
0
0
0
0
0
0
0
0
0
0
0
0
0
0
0
0
0
0
0
0
0
0
0
0
0
0
0
0
0
0
0
0
0
0
0
0
0
0
0
0
0
0
0
0
0
0
0
0
0
0
0
0
0
0
0
0
0
0
0
0
0
0
0
0
0
0
0
0
0
0
0
0
0
0
0
0
0
0
0
0
0
0
0
0
0
0
0
0
0
0
0
0
0
0
0
0
0
0
0
0
0
0
0
0
0
0
0
0
0
0
0
0
0
0
0
0
0
0
0
0
0
0
0
0
0
0
0
0
0
0
0
0
0
0
0
0
0
0
0
0
0
0
0
0
0
0
0
0
0
0
0
0
0
0
0
0
0
0
0
0
0
0
0
0
0
0
0
0
0
0
0
0
0
0
0
0
0
0
0
0
0
0
0
0
0
0
0
0
0
0
0
0
0
0
0
0
0
0
0
0
0
0
0
0
0
0
0
0
0
0
0
0
0
0
0
0
0
0
0
0
0
0
0
0
0
0
0
0
0
0
0
0
0
0
0
0
0
0
0
0
0
0
0
0
0
0
0
0
0
0
0
0
0
0
0
0
0
0
0
0
0
0
0
0
0
0
0
0
0
0
0
0
0
0
0
0
0
0
0
0
0
0
0
0
0
0
0
0
0
0
0
0
0
0
0
0
0
0
0
0
0
0
0
0
0
0
0
0
0
0
0
0
0
0
0
0
0
0
0
0
0
0
0
0
0
0
0
0
0
0
0
0
0
0
0
0
0
0
0
0
0
0
0
0
0
0
0
0
0
0
0
0
0
0
0
0
0
0
0
0
0
0
0
0
0
0
0
0
0
0
0
0
0
0
0
0
0
0
0
0
0
0
0
0
0
0
0
0
0
0
0
0
0
0
0
0
0
0
0
0
0
0
0
0
0
0
0
0
0
0
0
0
0
0
0
0
0
0
0
0
0
0
0
0
0
0
0
0
0
0
0
0
0
0
0
0
0
0
0
0
0
0
0
0
0
0
0
0
0
0
0
0
0
0
0
0
0
0
0
0
0
0
0
0
0
0
0
0
0
0
0
0
0
0
0
0
0
0
0
0
0
0
0
0
0
0
0
0
0
0
0
0
0
0
0
0
0
0
0
0
0
0
0
0
0
0
0
0
0
0
0
0
0
0
0
0
0
0
0
0
0
0
0
0
0
0
0
0
0
0
0
0
0
0
0
0
0
0
0
0
0
0
0
0
0
0
0
0
0
0
0
0
0
0
0
0
0
0
0
0
0
0
0
0
0
0
0
0
0
0
0
0
0
0
0
0
0
0
0
0
0
0
0
0
0
0
0
0
0
0
0
0
0
0
0
0
0
0
0
0
0
0
0
0
0
0
0
0
0
0
0
0
0
0
0
0
0
0
0
0
0
0
0
0
0
0
0
0
0
0
0
0
0
0
0
0
0
0
0
0
0
0
0
0
0
0
0
0
0
0
0
0
0
0
0
0
0
0
0
0
0
0
0
0
0
0
0
0
0
0
0
0
0
0
0
0
0
0
0
0
0
0
0
0
0
0
0
0
0
0
0
0
0
0
0
0
0
0
0
0
0
0
0
0
0
0
0
0
0
0
0
0
0
0
0
0
0
0
0
0
0
0
0
0
0
0
0
0
0
0
0
0
0
0
0
0
0
0
0
0
0
0
0
0
0
0
0
0
0
0
0
0
0
0
0
0
0
0
0
0
0
0
0
0
0
0
0
0
0
0
0
0
0
0
0
0
0
0
0
0
0
0
0
0
0
0
0
0
0
0
0
0
0
0
0
0
0
0
0
0
0
0
0
0
0
0
0
0
0
0
0
0
0
0
0
0
0
0
0
0
0
0
0
0
0
0
0
0
0
0
0
0
0
0
0
0
0
0
0
0
0
0
0
0
0
0
0
0
0
0
0
0
0
0
0
0
0
0
0
0
0
0
0
0
0
0
0
0
0
0
0
0
0
0
0
0
0
0
0
0
0
0
0
0
0
0
0
0
0
0
0
0
0
0
0
0
0
0
0
0
0
0
0
0
0
0
0
0
0
0
0
0
0
0
0
0
0
0
0
0
0
0
0
0
0
0
0
0
0
0
0
0
0
0
0
0
0
0
0
0
0
0
0
0
0
0
0
0
0
0
0
0
0
0
0
0
0
0
0
0
0
0
0
0
0
0
0
0
0
0
0
0
0
0
0
0
0
0
0
0
0
0
0
0
0
0
0
0
0
0
0
0
0
0
0
0
0
0
0
0
0
0
0
0
0
0
0
0
0
0
0
0
0
0
0
0
0
0
0
0
0
0
0
0
0
0
0
0
0
0
0
0
0
0
0
0
0
0
0
0
0
0
0
0
0
0
0
0
0
0
0
0
0
0
0
0
0
0
0
0
0
0
0
0
0
0
0
0
0
0
0
0
0
0
0
0
0
0
0
0
0
0
0
0
0
0
0
0
0
0
0
0
0
0
0
0
0
0
0
0
0
0
0
0
0
0
0
0
0
0
0
0
0
0
0
0
0
0
0
0
0
0
0
0
0
0
0
0
0
0
0
0
0
0
0
0
0
0
0
0
0
0
0
0
0
0
0
0
0
0
0
0
0
0
0
0
0
0
1.78621e-05
1.79092e-05
7.78815e-05
1.85912e-05
4.16118e-05
1.87453e-05
4.17659e-05
8.41086e-05
0.000766823
0.00055231
2.17618e-05
0.000138494
4.37752e-05
0.000226992
0.000160086
0.000299406
0.000427645
0.00024988
1.95445e-05
1.96486e-05
4.54249e-05
5.72911e-06
8.44014e-05
8.46242e-05
1.34614e-05
4.56211e-05
1.29831e-05
3.43557e-05
6.06474e-06
0.000141638
0.000156204
0.000552722
0.000119469
0.000809408
0.000768284
0.000905958
0.000884411
0.000907629
0.000905888
0.000763564
0.000906391
0.000778635
0.000544373
0.000568697
0.000345557
0.000753712
0.000483322
0.000585271
0.000838337
0.00087256
0.000607768
0.00053417
0.0008723
0.000751995
0.000208686
0.000542272
3.10304e-05
8.83216e-05
0.000179156
0.00083606
4.036e-05
0.000808025
0.000197969
0.000409609
0.000620136
0.000783936
0.000809498
0.000883341
0.000898421
0.000225176
0.000893113
0.000665229
0.0004079
0.000420372
0.000119427
0.000835626
0.000169814
0.000207287
0.000208741
0.000869422
0.000209014
0.000683918
0.000208293
0.000239292
0.000228076
0.000143196
0.000323529
0.000323571
3.8773e-05
0.000142861
0.000319814
0.00039028
0.000350595
0.000390011
8.08561e-05
0.000200111
0.000413793
0.000454792
0.00045468
9.82509e-05
3.46793e-05
0.000454081
0.000140657
0.00041168
0.000454715
0.000454954
0.000437837
0.000457936
0.000454955
0.000454978
0.000459023
0.000459488
0.000455052
0.000457045
0.000459538
0.000459665
0.000456801
0.000454977
0.00045962
0.000459149
0.000454956
0.000454554
0.000458137
0.000421641
0.000453833
0.000380088
0.000171228
0.000112798
3.77095e-05
0.000348236
0.00039701
0.00045204
3.45193e-05
0.000280381
0.000456867
0.000459392
0.000351447
0.000417117
0.000459571
0.000459598
0.000431587
0.000431268
0.000459406
0.000457462
0.000416011
0.000356411
0.00045355
0.000365945
0.000306452
3.74463e-05
0.00028353
3.52242e-05
0.000233558
0.000333737
0.000369998
0.000369517
0.000332171
0.00023394
2.14079e-05
5.06927e-05
0.00011669
0.000148935
5.90251e-05
1.39302e-05
3.13087e-05
0.000108955
0.00010896
0.000143198
1.17846e-05
0.00010173
2.15741e-05
0.00016431
0.00013295
4.99716e-05
0.000164667
0.000133782
5.29839e-05
7.00009e-05
7.05512e-05
0.000143564
1.17915e-05
0.000102191
2.16085e-05
9.21575e-05
9.64005e-05
1.57564e-05
3.94018e-05
5.42067e-05
3.97874e-05
3.29961e-05
8.47042e-05
3.26042e-05
3.28514e-05
0.000210777
0.000773084
0.00089979
0.000907708
0.000907693
0.00090769
0.000870274
0.000870139
0.000868046
0.000904046
0.000894668
0.000501559
0.000174685
2.24737e-05
6.53821e-05
6.19697e-05
4.36031e-05
0.000124098
0.000736311
0.000845981
0.000202886
0.000355417
0.000224353
0.000400705
8.20667e-05
0.000366348
0.000320855
0.000472421
0.000124077
0.000105797
8.52338e-05
8.1946e-05
0.000129445
0.000402857
0.000104182
0.000250172
0.000175973
0.000133377
8.408e-05
4.6407e-05
4.9402e-05
0.000124931
1.4996e-05
7.38228e-06
0.000135067
0.000239309
0.000453742
0.000453942
0.000453942
0.000453942
0.000453942
0.000453942
0.000453942
0.000453942
6.86494e-05
0.000391326
3.21578e-05
4.6444e-05
4.94189e-05
0.000124826
1.73056e-05
0.000116625
1.74596e-05
0.000117026
1.29251e-05
7.21297e-06
4.62045e-05
5.77809e-05
0.000204408
0.000208402
0.000777501
0.000208221
0.000560151
0.000564158
0.000558461
0.000496875
3.7923e-05
0.000348395
0.000223813
0.000604076
0.00077941
0.000865667
0.000898121
0.000899205
0.000870679
0.000907713
0.000906554
0.000906423
0.000899086
0.00087387
0.000903576
0.00090729
0.000907599
0.000905699
0.00089767
0.000863916
0.000757785
0.000867987
0.000899003
0.000899702
0.00087029
0.000906541
0.000899657
0.000899719
0.000899028
0.000906735
0.000899248
0.000869785
0.000798795
0.000876749
0.000536386
0.000199409
0.000209243
0.000209362
0.000205118
0.00055406
0.000204378
0.000613511
0.000213228
5.60168e-05
5.59132e-05
0.00054976
0.000765503
0.000765529
0.000774537
0.000763681
0.000907582
0.000906039
0.000897675
0.000864251
0.000864266
0.000906068
0.000897082
0.000552653
0.000764933
0.000204023
0.000548948
1.45909e-05
0.000473229
0.000127293
0.000550033
0.000212748
0.00076398
0.00055831
0.000661106
0.000548045
0.000572359
0.000863223
0.000896606
0.000906399
0.000866036
0.000872066
0.000796996
0.000659318
0.000542717
0.000672935
0.000862939
0.000899443
0.000867528
0.000762145
0.00084185
0.000203945
0.000547549
0.000201985
0.000200556
0.000208892
0.000183158
0.000314154
0.000370829
0.000138734
2.15628e-05
4.41995e-05
0.000306783
0.000223743
0.000567421
0.000579682
0.000467518
0.000530441
0.000715588
0.000755357
0.000639485
0.000670877
0.000810366
0.000818036
0.000518198
0.000503858
0.00049777
0.000737585
0.00072655
0.000718944
0.000108795
0.000113116
0.000304597
0.000693428
0.000721507
0.000615458
0.000165739
0.000526809
0.000444889
0.00012114
0.000320444
0.000227346
0.000212785
0.000461015
0.000723681
0.000532998
0.00059157
0.000763933
0.000565138
0.000484714
0.000576158
0.000723454
0.000649853
0.000777853
0.000864499
0.00089112
0.000893349
0.000903285
0.000904914
0.000906081
0.000907465
0.000907653
0.000907032
0.000907011
0.00090771
0.000907634
0.000904411
0.00090335
0.000899078
0.000906277
0.000905675
0.00090337
0.000582648
0.000376985
0.000667307
0.000892775
0.000872423
0.000856193
0.000577352
0.000810677
0.000761697
0.000335106
0.00040817
0.000317528
0.000821558
0.000766915
0.000756687
0.0004561
0.000195198
0.00052557
0.000558287
0.000204735
0.000551445
0.000778465
0.000794034
0.000570041
0.00056136
0.000597012
0.000880307
0.000892701
0.000821594
0.00085485
0.000903317
0.000902198
0.000886981
0.000883168
0.000887997
0.000877917
0.000839798
0.000814246
0.000795607
0.000781456
0.000776363
0.000597268
0.000570573
0.000562473
0.000808416
0.000636289
0.000735277
0.000560912
0.000208401
0.000558686
0.000497563
0.000206683
0.000544906
0.000353291
1.98306e-05
9.88199e-05
5.5638e-05
1.07773e-05
0.000476576
0.000533033
0.000526521
4.63969e-05
1.05616e-05
4.80458e-05
0.000136607
0.000125294
0.000131056
1.63546e-05
0.000452937
0.000303461
0.00040311
0.000453768
0.000453942
0.000453942
0.000453942
0.000453942
0.000453942
0.000454203
0.00045468
0.000453942
0.000453942
0.000454203
0.000453942
0.000453901
0.000331418
0.000453617
0.000297546
9.77785e-05
0.000207462
4.77216e-05
0.000269151
9.41144e-05
0.000371932
0.000452739
0.00045179
0.000251965
0.000267857
0.00044103
0.000358819
0.000454901
0.000455814
0.000454945
0.000457413
0.000452549
0.00044992
0.000458638
0.00045539
0.000454956
0.000457434
0.000454959
0.000457489
0.000458815
0.000459372
0.000458904
0.000459451
0.00045598
0.00045764
0.000456802
0.000458591
0.000458988
0.000459599
0.000459387
0.000459653
0.000455979
0.000458438
0.000455051
0.000457485
0.000459318
0.000459536
0.000458862
0.000459424
0.000454937
0.000457417
0.000454852
0.000454458
0.000458646
0.000454636
0.000446865
0.000444582
0.000452936
0.000449632
0.000422263
0.000430655
0.0003201
0.000330124
0.000254215
0.000403443
8.16729e-05
0.000292787
0.000145105
0.000266366
0.000238226
8.52862e-05
0.000425888
0.000309525
0.000442456
0.000431583
8.83345e-05
0.000160199
0.000170651
0.000379758
0.00045867
0.000447407
0.00045917
0.000457578
0.000418535
0.000385747
0.000448714
0.00040207
0.000459662
0.000458588
0.000459675
0.000458567
0.000453125
0.000439125
0.000453008
0.00043907
0.000459149
0.000457472
0.000458726
0.000449417
0.000448272
0.000399633
0.000422818
0.00038346
0.000442753
0.000437776
0.000416913
0.000272918
0.000237191
0.000395747
0.000137387
0.000145918
0.000171335
0.000149642
8.95076e-05
3.83348e-05
0.000128221
0.000129112
8.07015e-05
0.000276359
0.000300363
0.000172327
3.4984e-05
0.000388064
0.000245932
0.000387975
0.000245616
8.32459e-05
8.31869e-05
0.000296871
0.000171474
7.88845e-05
0.000271922
3.494e-05
0.000165037
1.85977e-05
0.000168032
3.50042e-05
2.12796e-05
5.74503e-05
3.25727e-05
0.000246606
0.000264088
4.99959e-05
1.52882e-05
3.1303e-05
4.1354e-05
1.4481e-05
1.29177e-05
5.46736e-05
3.61724e-05
1.34734e-05
2.63911e-05
2.97845e-05
3.22739e-05
4.08131e-05
0.000113881
0.000135569
0.000108143
1.49154e-05
5.95598e-05
6.39983e-05
9.78946e-06
5.93228e-05
6.39437e-05
9.81696e-06
4.60115e-05
0.00013819
0.000153132
0.0001951
0.000114434
0.000178113
0.000209093
0.000189254
0.000130291
0.000164392
2.54492e-05
5.88502e-05
0.0001043
1.86295e-05
3.83756e-05
1.4397e-05
3.8478e-05
1.44903e-05
9.7319e-05
4.4081e-05
4.97266e-05
4.96775e-05
4.4949e-05
8.60483e-05
0.000441022
0.000416174
0.000445972
0.000409358
9.92477e-06
3.59215e-05
4.82171e-05
3.14145e-05
4.84303e-05
7.73228e-06
6.72067e-06
2.82151e-05
4.17646e-05
5.22546e-05
0.000423832
0.000423844
0.000453897
0.000453754
0.000453938
0.000453938
0.000236035
0.000278477
0.000419435
0.00011169
0.000155607
1.71962e-05
5.04261e-05
7.34717e-05
6.36629e-05
7.70318e-05
5.67742e-05
7.77948e-05
1.63444e-05
2.15647e-05
1.65063e-05
2.17821e-05
1.2229e-05
4.79557e-05
8.73364e-06
4.76741e-05
6.33874e-05
7.19977e-05
4.13461e-05
0.000232316
7.99043e-05
3.01666e-05
0.000375885
0.00037437
0.000447781
0.000453021
0.000453918
0.000453942
0.000453942
0.000453942
0.000453942
0.000453942
0.000453942
0.000453941
0.000453794
0.000369856
0.000164857
0.000422232
0.000439758
0.000450024
0.00033007
0.000214073
0.000375565
0.000381728
0.000412646
1.43995e-05
9.60795e-06
2.59759e-05
1.79639e-05
8.35596e-06
1.44556e-05
6.37852e-06
1.99287e-05
1.19637e-05
4.34062e-05
1.75668e-05
5.30584e-05
3.71461e-05
7.03326e-05
4.29834e-05
2.12599e-05
8.16767e-05
5.52178e-05
0.00045339
0.000453939
0.000453925
0.000453942
0.000453942
0.000453942
0.000453942
0.000453942
0.000453942
0.000453942
0.000453942
0.000453942
0.000453941
0.000453942
0.000453942
0.000453942
0.000413062
0.000367555
0.000435728
0.000440946
0.000449653
8.76836e-05
0.000105875
0.000172592
0.000386645
0.000451171
0.000445188
0.000353439
0.000434851
0.000442505
0.000451429
0.000453934
0.000453883
0.000453848
0.000453931
0.00045389
0.000453933
0.000453941
0.000453941
0.000453942
0.00045393
0.000453794
0.000453942
0.000453942
0.000453942
0.000453942
0.000453942
0.000453942
0.000453942
0.000453942
0.000453942
0.000453942
0.000453942
0.000453942
0.000453942
0.000452848
0.000453605
0.000453942
0.000453942
0.000453942
0.000453942
7.34117e-05
0.000453341
0.000451294
0.000453907
0.00044501
0.000452494
0.000446195
0.000444469
0.000420341
0.00044878
0.000436623
0.000219125
0.000226181
5.29706e-05
5.38623e-05
4.87512e-05
6.75824e-05
0.000149854
8.30602e-05
7.05773e-05
0.000158402
0.000105735
1.64065e-05
1.70114e-05
9.9559e-05
4.10707e-05
4.1334e-05
1.7146e-05
9.97283e-05
4.12052e-05
4.15033e-05
1.73252e-05
0.000100107
4.16478e-05
4.16187e-05
1.73613e-05
0.000100178
4.17187e-05
4.16549e-05
0.000261643
0.000453942
0.000453942
7.01767e-05
8.04893e-05
8.00577e-05
3.63067e-05
8.01712e-05
3.62495e-05
0.000134448
5.64718e-05
0.0001385
6.04389e-05
0.000453942
0.000453942
2.75077e-05
6.71241e-05
0.000175407
0.000274847
0.000449667
0.000285039
0.000310506
0.000258172
0.000263217
0.000274412
0.000448552
0.000449257
7.30496e-05
0.000127187
0.000148762
0.000127681
0.000149165
7.25396e-06
3.36016e-05
3.21875e-05
1.47984e-05
1.42779e-05
4.29571e-05
3.83172e-05
2.74643e-05
7.38206e-06
4.42867e-05
0.000272731
0.000285102
0.000292969
0.000183841
0.000285128
2.60762e-05
0.000284976
0.000243595
0.000449671
0.000387521
0.000387779
0.00024426
5.13786e-05
0.000102851
2.26367e-05
9.22783e-06
5.79452e-05
0.000261696
0.000453942
0.000299353
0.00036998
6.75103e-05
0.000135381
0.000221705
8.51926e-05
6.23396e-05
9.34066e-05
2.12409e-05
0.000117486
0.000167845
0.000246433
0.000168917
0.000244585
0.000362208
0.000289045
0.000443824
0.000451129
0.000442897
0.000447208
0.000452084
0.000447247
2.07111e-05
1.60149e-05
0.000188129
0.000142541
0.000183778
8.67287e-05
1.52014e-05
2.96824e-05
0.00019078
0.000155836
0.000191056
0.00020723
0.000138951
0.00019049
0.000113699
3.76015e-05
7.37739e-05
4.3502e-05
4.56503e-05
1.68787e-05
0.000120936
2.16034e-05
9.90793e-06
0.000125679
1.77996e-05
4.74999e-05
4.58146e-05
0.000167719
6.27393e-05
0.000165288
6.36679e-05
4.76254e-05
4.91205e-05
1.82299e-05
0.00013365
0.000178868
6.64027e-05
6.63205e-05
0.000179161
0.000133094
1.81361e-05
4.89445e-05
4.73631e-05
0.000148979
0.000117652
3.63111e-05
9.5718e-05
0.000151231
0.000176138
0.000163199
9.08466e-05
0.000151901
0.000177473
0.000163926
9.23422e-05
0.000149322
0.000117484
3.65431e-05
9.57569e-05
1.12933e-05
1.41489e-05
0.000103517
5.38713e-05
8.21312e-06
1.40167e-05
0.000104258
5.79821e-05
5.66119e-05
1.00095e-05
4.56662e-05
5.1309e-05
4.40032e-05
6.71077e-05
0.000281975
0.000453222
0.000449595
0.000453161
0.000284986
0.000451957
1.48515e-05
9.07761e-06
6.24565e-05
1.32956e-05
2.80604e-05
7.79349e-06
0.00027917
0.000285097
0.000285197
2.62412e-05
5.23726e-05
1.85239e-05
0.000284828
0.000269783
0.000453225
0.000449609
0.000453163
0.000390778
0.000431575
0.000435494
0.000390932
0.000432223
0.000435675
0.000273229
2.23122e-05
2.84563e-05
9.76887e-05
0.000297919
0.000407623
0.000453942
0.000453942
0.000453942
0.000453942
0.000407627
0.000325413
0.000297948
0.000453942
0.000453942
8.17896e-05
0.000105263
6.53826e-05
0.000453912
0.000453942
0.000453941
0.000453942
0.000453942
0.000453942
0.000453942
0.000453942
0.000453942
0.000453942
0.000453942
0.000453942
0.000453942
0.000453942
0.000453942
0.000453942
0.000453942
0.000453942
0.000453942
0.000453942
0.000453938
0.000453852
0.000452395
4.34245e-05
0.000171703
0.000223189
0.000357541
0.000407938
0.000209402
0.000236425
1.75954e-05
4.69342e-05
9.44781e-06
0.000453942
3.08739e-05
3.3955e-05
0.000105799
0.000107235
0.000107476
0.000107454
1.12472e-05
0.000105555
0.000106776
0.00010752
0.000107567
0.00010753
0.00010758
2.63033e-05
0.000107439
0.000107372
9.152e-05
0.000101404
9.18463e-05
0.000102899
0.000116373
9.7687e-05
0.000116374
5.10974e-05
0.000453942
0.000453942
0.000453942
0.000453942
0.000172776
0.000446333
0.000236781
7.04496e-05
0.000132645
0.000202134
0.000799584
0.0008964
0.00090651
0.000906573
0.000565787
0.000564224
0.000199953
0.000576256
0.000182971
0.000836646
0.000605142
0.000860964
0.000784537
0.000906484
0.00088722
0.000907646
0.000906712
0.000907701
0.000906423
0.000777843
0.000906625
0.000779517
0.000779405
0.000777976
0.000563924
0.00056604
0.000198831
0.000192004
0.00019615
5.24101e-05
0.000152347
0.000545882
0.00083019
0.000887068
0.000877806
0.000899057
0.000906415
0.000905763
0.000906594
0.00090021
0.000900038
0.0008998
0.000567076
0.000211089
0.000210476
0.000563152
0.0002093
0.000209805
3.9747e-05
0.000567206
0.000216998
0.000500043
0.000385075
0.000136703
0.000778416
0.000606596
0.00071653
0.000234901
0.000389175
0.000682626
0.000760394
0.000773854
0.000868344
0.000872697
0.000899788
0.000900241
0.000903297
0.000897073
0.000865125
0.000907451
0.000905808
0.000907111
0.00090148
0.000903607
0.000907085
0.000907584
0.000899778
0.000906382
0.000776964
0.000870539
0.000900054
0.000900216
0.000906639
0.00078051
0.000871846
0.000871351
0.000871318
0.000871836
0.000780464
0.000870582
0.000777082
0.000209604
0.000562886
0.000210644
0.000211158
0.000567182
2.10132e-05
0.000121587
5.642e-05
0.000126142
0.000107647
7.98065e-05
8.25925e-05
6.71364e-05
0.000565474
0.000869935
0.000906428
0.000907706
0.000777226
0.000775394
0.000778562
0.000806604
0.000905269
0.000361056
5.27147e-05
4.94745e-05
0.000758834
0.000892326
0.000871172
0.000203093
3.65912e-05
0.000264678
0.000316295
0.000109322
0.000434787
0.000389031
0.000137225
9.10556e-05
0.000172645
6.81389e-05
0.000857453
0.000663258
0.000845336
0.00086644
0.000432116
6.99005e-05
3.11276e-05
0.000390668
0.00031741
0.000288645
0.000217522
0.000161658
0.000270325
0.000266162
0.000434749
0.000434793
0.000102501
0.000165329
0.000208642
0.000102239
0.000129448
3.02077e-05
0.000563765
0.000870616
0.000210296
0.000209436
0.00090637
0.000777138
0.000778512
0.000907715
0.000899812
0.000899594
0.000775338
0.000906351
0.000906414
0.000777269
0.000906568
0.000906511
0.00056017
0.000562913
0.00056301
0.000560225
3.60152e-05
5.77905e-05
1.20378e-05
1.19775e-05
1.64575e-05
3.52356e-05
0.000547849
0.000903463
0.000906339
0.000867718
0.00090758
0.000907408
0.000737718
0.000679975
0.000836181
0.000906066
2.21937e-05
5.59737e-05
0.00013941
0.000128199
4.42624e-05
1.50763e-05
3.75597e-05
8.3081e-05
3.14263e-05
0.000146873
2.00212e-05
0.000544427
0.000527768
0.000765285
0.000764914
0.000898278
0.000874009
0.000864048
0.0009073
0.000549549
0.000905916
0.000905041
0.000764148
0.000763744
0.000547874
0.000142405
0.000221868
0.00011741
4.83356e-05
6.16804e-05
0.000193018
0.000440974
0.000235113
0.000320217
0.000389024
0.000404584
0.000315224
0.000389044
1.07732e-05
0.000138314
0.000120574
0.000107001
5.75882e-05
7.47873e-05
7.69128e-05
0.0004165
0.000389011
0.000264988
0.000434797
0.000285143
0.000273365
0.000243713
3.10945e-05
3.0968e-05
6.85414e-05
0.000107062
3.18587e-05
0.000116787
0.000220841
0.000244727
0.000560023
0.000793832
6.50501e-05
0.000207604
0.000818148
0.000869565
0.000223658
0.000330278
0.000875112
0.000873348
0.000208081
0.000859581
0.000413469
0.000880602
0.000676551
0.000873799
0.000895037
0.000907419
0.000883632
0.000899579
0.000907688
0.000907649
0.00090097
0.000899722
0.000907455
0.00090538
0.00089548
0.000903259
0.000880676
0.000388947
0.000893045
0.000906311
0.00060351
0.000813977
0.000907038
0.000906276
0.00083516
0.000806613
0.000905127
0.000894905
0.000769827
0.000599448
0.000885451
0.000388249
0.000200165
0.000450005
0.000451899
0.000697478
0.000452513
0.000453942
0.000728399
0.000679724
0.000611734
0.000450025
0.000452516
0.000199874
0.000450008
0.000453469
0.000453741
0.000453942
0.000453942
0.000453741
0.000453469
4.34899e-05
9.12762e-05
0.000412676
3.94511e-05
1.00945e-05
4.43882e-05
1.54684e-05
1.36775e-05
2.75255e-05
7.53295e-05
3.11829e-05
0.000198773
8.40842e-05
7.83502e-05
0.000212806
2.98653e-05
6.41268e-05
0.00011898
0.00019011
7.56494e-05
0.000421199
0.000337776
0.000425131
0.000453436
0.000406782
0.000431161
0.00045352
0.000414428
2.01429e-05
0.000109847
0.000107796
4.53747e-05
0.000106742
0.000107019
0.000130321
0.00025897
5.83431e-05
3.36825e-05
9.02536e-05
9.05674e-05
3.42028e-05
9.77836e-05
2.01296e-05
8.1298e-05
0.000215569
4.45378e-05
4.74925e-05
5.84148e-05
0.000125354
3.61136e-05
3.50346e-05
0.000197235
8.32854e-05
2.90831e-05
0.000137133
9.05094e-05
3.42209e-05
0.000206996
0.000555199
0.00055787
0.00056567
0.000210634
0.000211726
0.000868258
0.000776771
0.000898815
0.000906158
0.000906414
0.000906402
0.000899824
0.000907688
0.000907708
0.000866528
0.000766273
0.000865296
0.000772065
0.000768863
0.000777255
0.000870313
0.000870106
0.000772269
0.000869482
0.000203191
0.000203299
0.000869123
0.000876445
0.000864503
0.000864068
0.000888476
0.000899067
0.000907357
0.000906997
0.000906333
0.000117241
0.000205982
0.000788233
0.000660716
0.000570769
0.000554072
1.3464e-05
1.06445e-05
5.18233e-05
0.000857522
0.000832674
0.000860883
1.26224e-05
0.000385126
0.000140307
0.000327975
8.83295e-05
0.000188491
0.000564528
0.000760884
0.000778367
0.000561456
4.48287e-05
0.000171276
0.000518799
0.000164164
0.000507312
4.11242e-05
0.000286548
0.00011775
0.000168923
0.00051865
0.00019284
0.000448441
9.29935e-06
0.000453798
0.000433982
0.000453255
0.000388481
0.000151897
0.000479691
0.000423719
0.000172737
0.000199606
0.000335243
0.000775751
0.000880169
0.000818594
4.70406e-05
0.00014288
0.000779785
0.000617685
0.00071987
0.000771207
0.000853637
0.000774363
0.000766977
0.000130287
0.000411559
4.81111e-05
1.9562e-05
2.16071e-05
0.000452958
0.000448131
0.000453942
0.000453928
0.000453942
0.000418496
1.87338e-05
0.000129944
8.04501e-05
9.77504e-05
3.88658e-05
6.3945e-05
6.39214e-05
0.000552419
0.000561347
0.000203756
0.00020553
0.000205706
0.000560812
0.000209807
0.000870255
0.000778191
0.000564903
0.000209976
0.000763164
0.000849576
0.000723893
0.000864202
0.000563127
0.000207194
0.000545877
0.000180088
0.000201386
0.00053928
0.000773152
0.000558557
0.000768713
0.000865694
0.000905883
0.000905986
0.00089803
0.000906062
0.000898463
0.000906262
0.000899606
0.000868851
0.00086767
0.000770148
0.000772301
0.000866617
0.000870058
0.000774704
0.000870725
0.000778543
0.00077928
0.000870834
0.000907713
0.000907717
0.000906579
0.000899694
0.000907661
0.000907653
0.00090757
0.00090767
0.00090653
0.000906213
0.000894323
0.000897991
0.000905524
0.000900794
0.000906743
0.000906225
0.000896859
0.000861333
0.000869473
0.00089854
0.000906011
0.000906232
0.000906115
0.000898137
0.000899473
0.000899731
0.000906402
0.000899636
0.000777334
0.000870317
0.000899744
0.000906558
0.000866873
0.000770584
0.000866941
0.000769837
0.000899485
0.000906408
0.000898635
0.000906281
0.000906315
0.000898566
0.000901054
0.000907121
0.000820387
0.000195276
0.000547447
0.000205002
0.000202498
0.000555466
0.000550844
0.000200781
0.000207541
0.000209026
0.000563176
0.000209126
0.000209084
0.000563363
0.000207549
0.000555737
0.00020328
0.000552325
0.00029787
0.000654348
0.000377774
5.45248e-05
2.35075e-05
2.85091e-05
2.84489e-05
2.34039e-05
0.000202375
0.000203036
0.000548811
0.000209188
0.000207036
0.000204689
0.000203264
0.000549853
0.000880422
0.000863038
0.000866235
0.000765777
0.000896525
0.000898572
0.000904718
0.000898913
0.000901368
0.000898579
0.000897627
0.000907532
0.000906049
0.000907449
0.000897682
0.00090606
0.000901561
0.000898989
0.000878147
0.000776366
0.000600451
0.000798938
0.000865162
0.000869465
0.000768479
0.000558739
0.000853694
0.000831876
0.000902998
0.000903952
0.000884095
0.000887418
0.000867491
0.000884265
0.000769109
0.000897704
0.000864125
6.93877e-05
0.000205227
0.000109442
5.49169e-05
0.000202798
6.4081e-05
4.46674e-05
0.000129463
0.000218587
0.000106995
0.000101639
0.000302024
0.000208633
2.18413e-05
6.21285e-05
9.549e-05
0.000258291
0.000191317
0.000130092
9.58267e-05
4.27556e-05
2.62175e-05
4.51357e-05
1.07623e-05
6.42155e-05
2.8934e-05
7.70061e-05
1.31679e-05
6.8617e-05
4.05956e-05
3.29219e-05
0.000174488
0.000201088
0.00019479
0.000203222
0.000203569
0.000549697
0.000553009
0.000205937
0.000100162
0.000296467
0.000748553
0.000790216
0.000779567
0.000891043
0.000865796
0.000897532
0.000905946
0.00090503
0.000859135
0.000891214
0.000900566
0.00089925
0.000766813
0.000773817
0.000547149
0.000794172
0.000732785
0.000764274
0.000756627
0.000897388
0.0008966
0.000863547
0.000859602
0.000891746
0.000768137
0.000771266
0.000202153
0.000547101
0.000201953
4.77365e-05
7.48724e-05
3.20691e-05
0.000146765
0.000164093
7.79133e-05
0.000395015
0.000256375
0.000398396
0.000259243
0.00011711
0.000316899
0.000114166
5.28843e-05
0.000234451
3.82915e-05
9.86172e-05
5.02815e-05
0.000249372
0.000156655
0.000406838
0.00026895
0.000478482
0.000501937
0.000293548
0.000552555
0.000507732
6.9085e-05
9.18934e-05
3.06627e-05
0.000379277
0.000386227
0.000388254
1.08291e-05
3.05991e-05
6.3521e-05
0.00012945
4.76662e-05
0.000180556
0.00045712
0.000700763
0.000557137
0.000531321
0.000202673
0.000181176
0.000205671
0.000222117
0.000215354
0.000532049
0.000161765
0.000503787
0.000211069
0.000114945
0.000184931
0.000237705
0.000387804
0.00044859
0.000529884
0.000564977
0.000498011
0.000271964
0.000572344
0.000708874
0.000769525
0.000588359
0.000371658
5.56673e-05
0.000121581
0.000284957
5.6909e-05
0.000355933
0.000305679
4.20936e-05
5.93125e-05
2.17226e-05
0.000116901
2.12436e-05
4.29662e-05
0.000160021
3.14107e-05
0.0001165
7.08275e-05
0.000158859
0.000157842
3.02593e-05
7.29181e-05
0.000475963
0.000174099
0.000241578
3.49432e-05
7.7401e-05
4.24579e-05
5.98762e-05
2.92135e-05
4.19919e-05
6.76234e-06
0.000388
0.000384075
0.00045381
0.000434219
0.000453256
0.000285967
0.000430332
0.000450105
0.000285938
0.000431167
0.000450115
0.000385665
3.98623e-05
7.24686e-06
0.000150169
4.35849e-05
9.08123e-05
1.69011e-05
4.65033e-05
4.20063e-05
9.93951e-06
0.000147203
0.000183572
0.00012794
0.000341505
0.000230429
0.000463149
0.000719013
0.000597475
0.000772091
0.000155679
0.000330982
0.000191515
0.000560091
0.000650037
0.000844463
0.000775225
0.000861327
0.000339379
0.000587084
0.000441904
0.000621622
0.000790536
0.000881055
0.000795282
0.000882282
0.000188733
0.000553158
0.000181436
0.000760991
0.000849021
0.000843276
0.000166128
0.000219934
0.000684387
0.000839305
0.000826191
0.000862294
0.000807659
0.000798367
0.000857062
0.000899525
0.00086858
0.000903204
0.000906208
0.000906436
0.000892062
0.000902808
0.000897238
0.000906548
0.000907064
0.000907759
0.000907706
0.000907747
0.000902349
0.000906789
0.000902422
0.000906383
0.000907711
0.000907181
0.000907339
0.000906646
0.000891971
0.000905352
0.000889474
0.000906814
0.000901188
0.000899855
0.00085635
0.000867656
0.000824156
0.000213488
0.000672653
0.00022997
0.000900736
0.000858082
0.000904506
0.000899734
0.000764963
0.000704418
0.000875994
0.000766861
0.00090715
0.000902847
0.000906918
0.000899322
0.000885701
0.000836769
0.000873905
0.00082764
0.000903548
0.000894397
0.000900789
0.000857532
0.000858339
0.00073137
0.000762567
0.000690305
0.000876614
0.000824758
0.000871683
0.000672297
0.000230023
0.000213595
3.66421e-05
0.000118524
0.00041266
0.000428081
8.8654e-05
0.000524153
0.00061456
0.00055323
0.00046507
0.000725652
0.000570169
0.000711279
0.000512548
0.000463215
0.000535838
0.000474234
0.000517166
0.000118527
0.000428083
8.86461e-05
0.000412676
3.66372e-05
0.000442854
0.000447369
0.000452717
0.000453942
0.000453942
0.000453942
0.000453942
0.000447371
0.000442862
0.000451703
0.000206971
0.000207145
8.39674e-05
0.000211036
9.67185e-05
0.000152835
0.000176252
0.00023869
0.000218996
0.000193231
0.000257408
0.000212583
0.000176599
0.000205921
0.00012925
1.15161e-05
6.22557e-05
0.000162975
0.00016168
6.56736e-05
6.62332e-05
3.44326e-05
7.42393e-05
2.80246e-05
5.48306e-05
3.4196e-05
3.32366e-05
3.17856e-05
5.01743e-05
1.19657e-05
3.98067e-05
4.08462e-05
1.10252e-05
1.15288e-05
4.40453e-05
0.00011509
0.000105313
0.000136139
0.000114135
0.00012239
0.000283294
0.00016916
0.000244096
0.000453542
0.000368304
0.000450379
0.000411413
0.000452662
0.000446533
0.000453868
0.000453802
0.000453888
0.000452362
0.000453881
0.000453936
0.000453942
0.000453942
0.000453942
0.000453942
0.000453942
0.000453941
0.000453942
0.000453942
0.000453942
0.000453942
0.000453942
0.000453942
0.000453942
0.000453942
0.000453942
0.000453942
0.000453942
0.000453942
0.000453942
0.000453942
0.000453942
0.000453942
0.000453942
0.000453942
0.000453942
0.000453942
0.000453942
0.000453942
0.000453942
0.000453942
0.000453942
0.000453942
0.000453942
0.000453942
0.000453942
0.000453942
0.000453942
0.000453942
0.000453942
0.000453942
0.000453942
0.000453942
0.000453942
0.000453942
0.000453942
0.000453942
0.000453942
0.000453942
0.000453942
0.000453942
0.000453942
0.000453942
0.000453942
0.000453942
0.000453942
0.000453942
0.000453938
0.000453942
0.00037698
0.000288928
0.000442798
0.000427936
0.000414867
0.000453907
0.000453897
0.000453503
0.000453816
0.000431419
0.00045258
0.000406021
0.000332131
0.000354312
1.32537e-05
1.14734e-05
0.00021974
0.000102984
7.60199e-05
0.000309251
0.000178578
0.000299789
0.000440795
0.00036951
0.0003863
0.000413665
3.32339e-05
0.000421552
0.000450651
0.000446972
0.000440892
0.000441023
0.000453942
0.000453915
0.00045394
0.000453437
0.000354346
0.0004128
0.000457016
0.000453942
0.000453942
0.00045733
0.000456701
0.000458127
0.000457438
0.000453942
0.000453942
0.000457446
0.000453942
0.000453942
0.000453942
0.000453942
0.000458862
0.000458875
0.000458021
0.000453942
0.000458439
0.000459151
0.000459321
0.00045802
0.000457639
0.000453942
0.000459146
0.000458977
0.000457253
0.000453942
0.000456574
0.000453942
0.000457787
0.000454801
0.000441655
0.000453942
0.000434821
0.000451105
0.000452188
0.000452663
0.000453742
0.000450232
0.000448088
0.000404774
0.000371242
0.000349359
0.000450718
0.000374935
0.000434565
0.000200698
0.000133068
0.000277044
0.000307429
0.000122618
0.000260667
0.000245734
0.000197074
5.18331e-05
3.0809e-05
3.74847e-05
0.000137718
3.29863e-05
0.000365273
0.000404144
0.000249784
0.00031892
0.000454089
0.000456341
0.000436461
0.000443678
0.000459086
0.000459085
0.000455387
0.00045537
0.000456096
0.000454123
0.000442704
0.000435964
0.000412042
0.000360502
0.000347663
0.000266371
3.99638e-05
0.000101945
0.000115021
0.00027495
0.000274885
9.98973e-05
9.98824e-05
0.000113201
9.93013e-05
4.65873e-05
5.0904e-05
0.00014025
5.92037e-05
3.77698e-05
0.000112869
0.000121472
0.000147464
0.000204607
3.64316e-05
7.51771e-05
0.000202399
0.000202962
3.73391e-05
1.57429e-05
2.22312e-05
0.000106933
5.63468e-05
5.31176e-05
0.000143535
0.000132463
9.6136e-05
5.83231e-05
0.00013298
3.75271e-05
2.22467e-05
0.000125102
5.65244e-05
5.76177e-05
0.000145834
0.000132824
5.95383e-05
0.00014129
9.66584e-05
8.03588e-05
0.000132659
0.000169629
0.000159981
0.000140355
6.06272e-05
0.000142961
0.000131684
0.000170958
0.00016438
0.000140256
6.16573e-05
0.000154793
0.000160147
6.19458e-05
5.71212e-06
1.61866e-05
0.000106545
4.50097e-05
3.64924e-05
1.56826e-05
3.80577e-05
2.68137e-05
0.000218592
0.000215514
9.23264e-05
0.000212864
9.6826e-05
0.000176739
0.000153438
0.000242935
0.000219821
0.000260169
0.000194582
0.000216801
0.000182492
0.000207822
0.00013282
1.34355e-05
7.72342e-06
9.27494e-05
3.12144e-05
2.03058e-05
2.25887e-05
3.65213e-05
0.000107835
3.19692e-05
5.25512e-05
3.322e-05
4.37717e-05
2.11831e-05
6.97413e-05
4.50889e-05
0.000133499
5.76326e-05
9.76401e-05
1.53884e-05
3.75958e-05
2.68283e-05
5.27082e-05
3.3942e-05
7.12842e-05
2.55069e-05
9.74945e-06
7.61372e-06
2.72013e-05
3.73422e-05
1.92511e-05
9.50166e-06
4.25685e-05
8.38531e-05
0.000168902
0.000168958
0.000199615
0.000222002
0.000205072
0.000158348
0.000203675
7.85043e-05
2.08426e-05
4.21894e-05
1.82898e-05
0.000249045
0.000226832
0.000189306
0.000300544
0.000185652
6.87098e-05
6.93705e-05
0.00018197
0.000271179
0.000308652
0.000324844
0.000260863
0.000251186
0.000227946
0.000191625
0.000301454
0.0001872
6.92295e-05
7.04236e-05
0.000182751
0.000167337
2.64818e-05
0.000106538
6.05651e-05
0.000272058
0.000308814
0.000325228
0.000261286
8.62e-06
5.43221e-05
6.30599e-05
0.000105622
5.81707e-05
0.000153812
3.98274e-05
0.000149397
0.000256024
0.000218377
0.000174004
5.42809e-05
6.30094e-05
0.000105845
5.84097e-05
0.000154167
4.00108e-05
0.000149375
0.00025605
0.000218518
0.000173943
0.000158722
0.000165014
1.71109e-05
0.000113847
3.23312e-05
0.000126652
4.91827e-05
0.000135828
3.28595e-05
0.000122676
7.91072e-05
4.20452e-05
0.000431557
0.000451856
0.000444799
0.000453897
0.000453754
0.000350126
0.000234698
3.23916e-05
1.55701e-05
1.11901e-05
8.48018e-06
1.3004e-05
1.8778e-05
5.09197e-05
2.16522e-05
2.60134e-05
0.000448026
0.000437681
0.000453657
0.000452321
0.00044788
0.000452327
0.000453658
0.000447892
0.000448025
0.000437698
0.000452672
0.000453898
0.000453923
0.000453941
0.000453898
0.000453923
0.000452672
0.000141156
0.000370776
0.000155059
8.39533e-05
8.23621e-05
0.000438806
0.000368009
0.00024411
0.000419351
0.000447297
0.000431126
0.000451828
0.000444756
1.3848e-05
4.08411e-05
4.25531e-05
5.52344e-05
4.94304e-05
0.000161844
1.14224e-05
1.23049e-05
2.68523e-05
2.65984e-05
3.36279e-05
7.28471e-05
0.000106242
3.49747e-05
0.000451903
0.000453545
0.000415948
0.00044316
0.000429065
0.000452622
0.000453941
0.000453935
0.000453697
0.000451702
0.000453279
0.000450562
0.000453624
0.000453856
0.00045394
0.00045383
0.000453909
0.000453942
0.000453942
0.000453942
0.000453942
0.000453942
0.000453942
0.000453942
0.000453942
0.000453942
0.000453942
0.000453942
0.000453942
0.000453942
0.000453942
0.000453942
0.000453942
0.000453942
0.000453942
0.000453942
0.00045393
0.000453942
0.000453938
0.000453942
0.000452719
0.000453942
0.000453939
0.000453942
0.000453893
0.000453925
0.000453942
0.000453942
0.000419298
0.000441906
0.000368537
0.000255722
0.000141929
0.000291522
0.000445295
0.000451823
0.000453196
0.000359016
0.000306014
0.000152359
8.94578e-05
0.000243876
0.000331105
8.75601e-05
7.38789e-05
3.01557e-05
8.8022e-05
7.46352e-05
3.04501e-05
8.07703e-06
1.08511e-05
4.95303e-05
1.26563e-05
6.66796e-05
9.77334e-06
4.48902e-05
6.13181e-05
2.69823e-05
1.86221e-05
1.35401e-05
9.13191e-05
3.20302e-05
2.06712e-05
1.48307e-05
7.60176e-06
5.31256e-05
1.96338e-05
9.58188e-05
3.75719e-05
2.67615e-05
2.02208e-05
0.000355324
0.000325401
0.000350474
0.000218695
0.000405725
0.000448997
0.00041668
0.000436183
0.000443411
0.000453636
0.000453936
0.000453901
0.000453887
0.000452915
0.000453569
0.00045166
0.000453786
0.000453942
0.000453942
0.000453942
0.000453942
0.000449013
0.000416734
0.000443429
0.000436217
0.000453637
0.000453936
0.000453901
0.000453936
0.000453887
0.000452919
0.000453565
0.000451661
0.000453785
0.00035536
0.000350557
0.000405772
0.000218747
0.000450686
0.000453936
0.000453942
0.000453942
0.000453942
0.000453942
0.000453942
0.000453942
0.000453942
0.000453942
0.000453942
0.000453942
0.000453942
0.000453942
0.000453391
0.000450686
3.99712e-05
8.71163e-05
0.000223441
7.12294e-05
6.6435e-05
0.000150348
1.60047e-05
3.82722e-05
6.02319e-05
3.68559e-05
8.18711e-05
3.48149e-05
0.000138296
0.000294451
0.00037044
0.000147637
0.000284052
0.000449964
0.000195261
0.000238664
0.000262207
0.000215171
0.000352587
0.000264256
0.000444312
0.000417417
0.000445302
0.000451685
0.000274277
0.000306939
0.00031807
0.000453076
0.000453575
0.000445772
0.000452006
0.000430253
0.000435155
0.000447465
0.000423179
0.00045288
0.000330382
0.000165174
0.000421777
0.000450947
0.000453541
0.000453654
0.000453928
0.000453827
0.000453825
0.000453926
0.000453651
0.000453303
0.000453924
0.000453928
0.000453942
0.000453942
0.000453938
0.000453893
0.000453942
0.000453942
0.000453942
0.000453942
0.000453942
0.000453942
0.000453942
0.000453942
0.000453942
0.000453942
0.000453942
0.000453942
0.000453942
0.000453942
0.000453942
0.000453942
0.000453942
0.000453942
0.000453942
0.000453942
0.000453942
0.000453942
0.000453942
0.000453942
0.000453942
0.000453942
0.000453942
0.000453942
0.000453942
0.000453942
0.000453942
0.000453942
0.000453942
0.000453942
0.000453942
0.000453942
0.000453942
0.000453942
0.000453942
0.000453942
0.000453942
0.000453942
0.000453942
0.000453942
0.000453942
0.000453942
0.000453942
0.000453942
0.000453942
0.000453942
0.000453942
0.000453942
0.000453942
0.000453942
0.000453942
0.000453942
0.000453942
0.000453918
0.000453941
0.000453942
0.000453935
0.000439195
0.000453697
0.000453277
0.00045056
0.000453855
0.000453938
0.000453768
0.000453904
0.000453942
0.000453942
0.000453942
0.000453942
0.000453942
0.000453942
0.000453942
0.000453942
0.000453942
0.000453942
0.000187325
5.48207e-05
0.000338261
0.000284094
2.50173e-05
0.000191301
0.000155202
0.000412697
0.000413447
0.000451504
0.000453809
0.000453938
0.000448081
0.00045265
0.000453671
0.000407484
0.000347317
0.000433193
0.000147372
0.000214749
0.000193616
0.000102731
0.000452131
0.000447143
0.000448601
0.000443047
0.000410104
0.000435911
0.000264281
0.000256322
0.000303356
0.000200735
0.000246411
0.00019331
0.000244808
4.85756e-05
2.00921e-05
2.02677e-05
5.9008e-05
2.43041e-05
6.75555e-05
4.69793e-05
0.000193193
0.000367939
0.000419358
0.000453942
0.000453942
0.000453942
0.000453942
0.000453942
0.000453942
0.000453942
0.000453942
0.000453942
0.000453942
0.000453942
0.000453942
0.000453942
1.63106e-05
5.25399e-05
5.59379e-05
1.62534e-05
5.09773e-05
5.55935e-05
0.000142195
0.000147743
0.000453942
0.000453942
0.000453942
0.000453942
0.000453942
0.000453942
0.000453938
0.000453942
0.000453941
0.000453895
0.000453938
0.000453925
0.000453942
0.000453942
0.000453942
3.98375e-05
3.29374e-05
3.17726e-05
3.44911e-05
0.000453942
0.000453942
0.000453942
4.06626e-05
7.29635e-05
1.14698e-05
4.56612e-05
4.01821e-05
0.000105215
0.000309853
0.000262808
0.000353719
0.000449659
0.000434778
0.000285056
0.000389019
0.00010816
2.4417e-05
6.62395e-05
0.000300411
0.000234558
0.000258125
0.000238359
0.000253
0.000149703
0.000346029
0.000434407
0.000449517
0.000434706
0.000449627
0.000135882
6.65927e-05
0.00010596
0.000166103
0.00016712
5.68067e-05
4.06287e-05
1.47393e-05
8.95444e-05
0.000151037
3.46558e-05
3.87284e-05
1.14263e-05
6.28328e-06
1.58622e-05
1.94373e-05
5.54187e-05
8.54429e-05
0.000128325
0.000265329
0.000343387
0.000388971
0.000285055
0.000364098
0.000381273
0.000125029
0.000338154
0.000389055
0.000285082
2.86255e-05
0.000285017
0.000388984
0.000197219
0.000334459
0.000449673
0.00043479
0.000285534
0.000374797
0.000283173
0.000374608
0.000177565
0.000334468
8.25513e-05
1.30762e-05
0.000112596
4.72274e-05
2.35234e-05
0.000107227
8.56712e-05
1.38404e-05
0.000453942
0.000453942
0.000453942
0.000453942
0.000453942
0.000193295
0.000368035
7.30316e-05
0.000453942
0.000453942
0.000453942
0.000453942
0.000278897
4.42628e-05
0.00010748
9.78148e-05
3.27071e-05
2.78717e-05
2.15679e-05
0.000102752
4.09211e-05
5.08652e-05
0.00013842
5.73735e-05
0.00015583
0.000205981
0.000106552
7.26983e-05
0.000254979
0.000177496
1.43431e-05
0.000105467
7.22157e-05
0.000228307
0.000171962
0.0003959
0.000414902
0.000184228
0.000382314
0.000432511
0.000426754
0.000452907
0.000451246
0.000414171
0.000441277
0.000434088
0.000439012
0.000453068
0.000451727
0.000429666
0.000443424
0.000196108
0.000117977
0.00017892
1.16954e-05
0.000106861
0.000105564
3.69909e-05
0.000173208
0.000156415
0.000175288
0.00015843
0.000105237
3.70482e-05
4.50863e-05
8.24772e-05
3.9847e-05
8.10589e-05
8.68527e-05
2.4736e-05
8.57737e-05
1.37903e-05
1.29392e-05
3.41916e-05
4.2516e-05
3.31527e-05
2.54981e-05
0.000375543
0.000284607
0.000453194
0.000453838
0.000434679
0.000449016
0.000453778
0.000452626
0.000388958
0.00028461
1.94485e-05
2.82805e-05
1.03953e-05
9.00046e-06
0.000453366
8.47298e-06
2.02388e-05
5.12986e-05
6.12255e-05
4.28972e-05
4.85327e-05
6.54449e-05
4.41366e-05
1.74625e-05
0.000364628
0.000283116
0.000388486
0.000284718
0.000388968
0.00028519
1.0879e-05
2.60693e-05
2.17701e-05
6.77773e-06
0.000388843
0.000284043
0.000370335
0.000280677
0.000453215
0.000453839
0.000434728
0.00044909
0.000453779
0.000452642
0.000285871
0.000391427
0.000416108
0.00044568
0.000436232
0.000449435
0.000285535
0.000391464
0.000417765
0.000445972
0.000436264
0.000449506
0.000373444
0.000282448
7.58384e-06
1.02812e-05
2.58957e-05
0.000107703
0.000303632
0.000118538
0.00028947
6.96208e-05
0.000394082
0.00043918
0.00033509
0.000439963
0.000374498
0.000256556
0.00043826
0.00039941
0.000394547
0.00043851
0.000452171
0.000453408
0.000453622
0.000450698
0.000453942
0.000453942
0.000453938
0.000453942
0.000453942
0.000453941
0.000453898
0.000453938
0.000453925
0.000453942
0.000453942
0.000453942
0.000453942
0.000453942
0.000453942
0.000453942
0.000453942
0.000453938
0.000453872
0.000453905
0.000453936
0.000438263
0.000399457
0.000438506
0.000394541
0.000452149
0.000453401
0.000453619
0.000450674
0.000453942
0.000453942
0.000453942
0.000453942
0.000107814
0.000303744
0.000289559
0.000118612
0.000439961
0.000374504
0.000256554
0.000394128
0.000335104
0.000453942
3.28875e-05
9.05321e-06
2.63687e-05
0.000140274
1.92023e-05
2.68349e-05
1.02019e-05
3.91022e-05
8.3365e-05
0.000453935
0.000453695
0.000453942
0.000453942
0.00045394
0.000453942
0.000453942
0.000453942
0.000453942
0.000453942
0.000453942
0.000453942
0.000453942
0.000453942
0.000453942
0.000453942
0.000453942
0.000453942
0.000453942
0.000453942
0.000453942
0.000453942
0.000453942
0.000453942
0.000453942
0.000453942
0.000453942
0.000453942
0.000453942
0.000453942
0.000453942
0.000453942
0.000453942
0.000453942
0.000453942
0.000453942
0.000453942
0.000453942
9.84899e-05
0.000453942
0.000453934
0.000453548
0.000453925
0.000452945
0.00045371
7.84179e-05
0.000163144
8.55931e-05
0.000271137
0.000244123
0.000429269
0.000409365
1.55732e-05
0.000450651
0.00042863
0.000453298
0.000443762
0.00044465
0.000329857
0.000423307
0.000175113
0.000174169
0.000268786
0.00025212
0.000103462
2.43146e-05
2.1503e-05
7.09167e-05
9.84691e-06
2.48242e-05
0.000453942
0.000453942
2.62525e-05
6.66358e-05
4.11562e-05
2.59073e-05
6.42429e-05
5.33039e-05
1.28757e-05
0.000103813
0.000107644
0.000107486
0.000107304
1.11612e-05
2.6984e-05
2.76502e-05
9.66902e-06
0.000104575
0.000107407
0.000107485
0.00010758
0.000107502
0.000107646
1.0941e-05
0.000107462
0.000107042
7.47343e-05
0.000105675
6.66309e-05
0.000106458
0.000176904
6.96254e-05
0.000176903
2.59014e-05
2.40647e-05
0.000453942
0.000453942
0.000453942
0.000453942
0.000453942
6.81912e-05
0.000200658
0.000452389
0.00045353
0.000221055
0.000275111
1.68285e-05
0.000180702
0.000897586
0.000903029
0.000304771
0.000218968
0.000551862
0.000606963
0.000207362
0.000765365
0.000549847
0.00090587
0.000902444
0.000279233
)
;
    }
}


// ************************************************************************* //
