320.535
320.543
320.551
320.56
320.568
320.576
320.585
320.593
320.601
320.609
320.618
320.626
320.634
320.642
320.651
320.659
320.667
320.675
320.684
320.692
320.7
320.708
320.717
320.725
320.733
320.741
320.749
320.758
320.766
320.774
320.782
320.79
320.798
320.807
320.815
320.823
320.831
320.839
320.847
320.855
320.864
320.872
320.88
320.888
320.896
320.904
320.912
320.92
320.928
320.937
320.945
320.953
320.961
320.969
320.977
320.985
320.993
321.001
321.009
321.017
321.025
321.033
321.041
321.049
321.057
321.065
321.073
321.081
321.089
321.097
321.105
321.113
321.121
321.129
321.137
321.145
321.153
321.161
321.169
321.177
321.185
321.193
321.201
321.209
321.217
321.225
321.233
321.241
321.249
321.256
321.264
321.272
321.28
321.288
321.296
321.304
321.312
321.32
321.327
321.335
321.343
321.351
321.359
321.367
321.375
321.382
321.39
321.398
321.406
321.414
321.422
321.429
321.437
321.445
321.453
321.461
321.469
321.476
321.484
321.492
321.5
321.508
321.515
321.523
321.531
321.539
321.546
321.554
321.562
321.57
321.577
321.585
321.593
321.601
321.608
321.616
321.624
321.632
321.639
321.647
321.655
321.662
321.67
321.678
321.685
321.693
321.701
321.709
321.716
321.724
321.732
321.739
321.747
321.755
321.762
321.77
321.778
321.785
321.793
321.8
321.808
321.816
321.823
321.831
321.839
321.846
321.854
321.861
321.869
321.877
321.884
321.892
321.899
321.907
321.915
321.922
321.93
321.937
321.945
321.953
321.96
321.968
321.975
321.983
321.99
321.998
322.005
322.013
322.021
322.028
322.036
322.043
322.051
322.058
322.066
322.073
322.081
322.088
322.096
322.103
322.111
322.118
322.126
322.133
322.141
322.148
322.156
322.163
322.171
322.178
322.186
322.193
322.201
322.208
322.215
322.223
322.23
322.238
322.245
322.253
322.26
322.268
322.275
322.283
322.29
322.297
322.305
322.312
322.32
322.327
322.334
322.342
322.349
322.357
322.364
322.372
322.379
322.386
322.394
322.401
322.408
322.416
322.423
322.431
322.438
322.445
322.453
322.46
322.467
322.475
322.482
322.489
322.497
322.504
322.512
322.519
322.526
322.534
322.541
322.548
322.556
322.563
322.57
322.577
322.585
322.592
322.599
322.607
322.614
322.621
322.629
322.636
322.643
322.65
322.658
322.665
322.672
322.68
322.687
322.694
322.701
322.709
322.716
322.723
322.73
322.738
322.745
322.752
322.759
322.767
322.774
322.781
322.788
322.796
322.803
322.81
322.817
322.824
322.832
322.839
322.846
322.853
322.861
322.868
322.875
322.882
322.889
322.897
322.904
322.911
322.918
322.925
322.932
322.94
322.947
322.954
322.961
322.968
322.975
322.983
322.99
322.997
323.004
323.011
323.018
323.026
323.033
323.04
323.047
323.054
323.061
323.068
323.075
323.083
323.09
323.097
323.104
323.111
323.118
323.125
323.132
323.139
323.147
323.154
323.161
323.168
323.175
323.182
323.189
323.196
323.203
323.21
323.217
323.225
323.232
323.239
323.246
323.253
323.26
323.267
323.274
323.281
323.288
323.295
323.302
323.309
323.316
323.323
323.33
323.337
323.344
323.351
323.358
323.365
323.372
323.379
323.386
323.394
323.401
323.408
323.415
323.422
323.429
323.436
323.443
323.45
323.457
323.464
323.471
323.477
323.484
323.491
323.498
323.505
323.512
323.519
323.526
323.533
323.54
323.547
323.554
323.561
323.568
323.575
323.582
323.589
323.596
323.603
323.61
323.617
323.624
323.631
323.638
323.644
323.651
323.658
323.665
323.672
323.679
323.686
323.693
323.7
323.707
323.714
323.721
323.727
323.734
323.741
323.748
323.755
323.762
323.769
323.776
323.783
323.789
323.796
323.803
323.81
323.817
323.824
323.831
323.838
323.844
323.851
323.858
323.865
323.872
323.879
323.886
323.892
323.899
323.906
323.913
323.92
323.927
323.934
323.94
323.947
323.954
323.961
323.968
323.974
323.981
323.988
323.995
324.002
324.009
324.015
324.022
324.029
324.036
324.043
324.049
324.056
324.063
324.07
324.077
324.083
324.09
324.097
324.104
324.111
324.117
324.124
324.131
324.138
324.144
324.151
324.158
324.165
324.172
324.178
324.185
324.192
324.199
324.205
324.212
324.219
324.226
324.232
324.239
324.246
324.253
324.259
324.266
324.273
324.28
324.286
324.293
324.3
324.306
324.313
324.32
324.327
324.333
324.34
324.347
324.353
324.36
324.367
324.374
324.38
324.387
324.394
324.4
324.407
324.414
324.42
324.427
324.434
324.441
324.447
324.454
324.461
324.467
324.474
324.481
324.487
324.494
324.501
324.507
324.514
324.521
324.527
324.534
324.541
324.547
324.554
324.561
324.567
324.574
324.581
324.587
324.594
324.6
324.607
324.614
324.62
324.627
324.634
324.64
324.647
324.654
324.66
324.667
324.673
324.68
324.687
324.693
324.7
324.707
324.713
324.72
324.726
324.733
324.74
324.746
324.753
324.759
324.766
324.773
324.779
324.786
324.792
324.799
324.806
324.812
324.819
324.825
324.832
324.838
324.845
324.852
324.858
324.865
324.871
324.878
324.884
324.891
324.898
324.904
324.911
324.917
324.924
324.93
324.937
324.943
324.95
324.957
324.963
324.97
324.976
324.983
324.989
324.996
325.002
325.009
325.015
325.022
325.028
325.035
325.042
325.048
325.055
325.061
325.068
325.074
325.081
325.087
325.094
325.1
325.107
325.113
325.12
325.126
325.133
325.139
325.146
325.152
325.159
325.165
325.172
325.178
325.185
325.191
325.198
325.204
325.211
325.217
325.224
325.23
325.236
325.243
325.249
325.256
325.262
325.269
325.275
325.282
325.288
325.295
325.301
325.308
325.314
325.321
325.327
325.333
325.34
325.346
325.353
325.359
325.366
325.372
325.379
325.385
325.391
325.398
325.404
325.411
325.417
325.424
325.43
325.436
325.443
325.449
325.456
325.462
325.469
325.475
325.481
325.488
325.494
325.501
325.507
325.513
325.52
325.526
325.533
325.539
325.545
325.552
325.558
325.565
325.571
325.577
325.584
325.59
325.597
325.603
325.609
325.616
325.622
325.629
325.635
325.641
325.648
325.654
325.66
325.667
325.673
325.679
325.686
325.692
325.699
325.705
325.711
325.718
325.724
325.73
325.737
325.743
325.749
325.756
325.762
325.768
325.775
325.781
325.788
325.794
325.8
325.807
325.813
325.819
325.826
325.832
325.838
325.845
325.851
325.857
325.864
325.87
325.876
325.882
325.889
325.895
325.901
325.908
325.914
325.92
325.927
325.933
325.939
325.946
325.952
325.958
325.965
325.971
325.977
325.983
325.99
325.996
326.002
326.009
326.015
326.021
326.027
326.034
326.04
326.046
326.053
326.059
326.065
326.071
326.078
326.084
326.09
326.097
326.103
326.109
326.115
326.122
326.128
326.134
326.14
326.147
326.153
326.159
326.165
326.172
326.178
326.184
326.19
326.197
326.203
326.209
326.215
326.222
326.228
326.234
326.24
326.247
326.253
326.259
326.265
326.272
326.278
326.284
326.29
326.297
326.303
326.309
326.315
326.321
326.328
326.334
326.34
326.346
326.353
326.359
326.365
326.371
326.377
326.384
326.39
326.396
326.402
326.408
326.415
326.421
326.427
326.433
326.439
326.446
326.452
326.458
326.464
326.47
326.477
326.483
326.489
326.495
326.501
326.508
326.514
326.52
326.526
326.532
326.538
326.545
326.551
326.557
326.563
326.569
326.575
326.582
326.588
326.594
326.6
326.606
326.612
326.619
326.625
326.631
326.637
326.643
326.649
326.656
326.662
326.668
326.674
326.68
326.686
326.692
326.699
326.705
326.711
326.717
326.723
326.729
326.735
326.742
326.748
326.754
326.76
326.766
326.772
326.778
326.784
326.791
326.797
326.803
326.809
326.815
326.821
326.827
326.833
326.84
326.846
326.852
326.858
326.864
326.87
326.876
326.882
326.888
326.895
326.901
326.907
326.913
326.919
326.925
326.931
326.937
326.943
326.949
326.955
326.962
326.968
326.974
326.98
326.986
326.992
326.998
327.004
327.01
327.016
327.022
327.028
327.035
327.041
327.047
327.053
327.059
327.065
327.071
327.077
327.083
327.089
327.095
327.101
327.107
327.113
327.119
327.126
327.132
327.138
327.144
327.15
327.156
327.162
327.168
327.174
327.18
327.186
327.192
327.198
327.204
327.21
327.216
327.222
327.228
327.234
327.24
327.246
327.252
327.258
327.265
327.271
327.277
327.283
327.289
327.295
327.301
327.307
327.313
327.319
327.325
327.331
327.337
327.343
327.349
327.355
327.361
327.367
327.373
327.379
327.385
327.391
327.397
327.403
327.409
327.415
327.421
327.427
327.433
327.439
327.445
327.451
327.457
327.463
327.469
327.475
327.481
327.487
327.493
327.499
327.505
327.511
327.517
327.523
327.529
327.535
327.541
327.547
327.553
327.559
327.565
327.571
327.577
327.582
327.588
327.594
327.6
327.606
327.612
327.618
327.624
327.63
327.636
327.642
327.648
327.654
327.66
327.666
327.672
327.678
327.684
327.69
327.696
327.702
327.708
327.714
327.719
327.725
327.731
327.737
327.743
327.749
327.755
327.761
327.767
327.773
327.779
327.785
327.791
327.797
327.803
327.808
327.814
327.82
327.826
327.832
327.838
327.844
327.85
327.856
327.862
327.868
327.874
327.88
327.885
327.891
327.897
327.903
327.909
327.915
327.921
327.927
327.933
327.939
327.945
327.95
327.956
327.962
327.968
327.974
327.98
327.986
327.992
327.998
328.003
328.009
328.015
328.021
328.027
328.033
328.039
328.045
328.051
328.056
328.062
328.068
328.074
328.08
328.086
328.092
328.098
328.103
328.109
328.115
328.121
328.127
328.133
328.139
328.145
328.15
328.156
328.162
328.168
328.174
328.18
328.186
328.191
328.197
328.203
328.209
328.215
328.221
328.227
328.232
328.238
328.244
328.25
328.256
328.262
328.268
328.273
328.279
328.285
328.291
328.297
328.303
328.308
328.314
328.32
328.326
328.332
328.338
328.343
328.349
328.355
328.361
328.367
328.373
328.378
328.384
328.39
328.396
328.402
328.407
328.413
328.419
328.425
328.431
328.437
328.442
328.448
328.454
328.46
328.466
328.471
328.477
328.483
328.489
328.495
328.5
328.506
328.512
328.518
328.524
328.529
328.535
328.541
328.547
328.553
328.558
328.564
328.57
328.576
328.582
328.587
328.593
328.599
328.605
328.611
328.616
328.622
328.628
328.634
328.639
328.645
328.651
328.657
328.663
328.668
328.674
328.68
328.686
328.691
328.697
328.703
328.709
328.714
328.72
328.726
328.732
328.738
328.743
328.749
328.755
328.761
328.766
328.772
328.778
328.784
328.789
328.795
328.801
328.807
328.812
328.818
328.824
328.83
328.835
328.841
328.847
328.853
328.858
328.864
328.87
328.876
328.881
328.887
328.893
328.898
328.904
328.91
328.916
328.921
328.927
328.933
328.939
328.944
328.95
328.956
328.962
328.967
328.973
328.979
328.984
328.99
328.996
329.002
329.007
329.013
329.019
329.024
329.03
329.036
329.042
329.047
329.053
329.059
329.064
329.07
329.076
329.082
329.087
329.093
329.099
329.104
329.11
329.116
329.121
329.127
329.133
329.139
329.144
329.15
329.156
329.161
329.167
329.173
329.178
329.184
329.19
329.195
329.201
329.207
329.212
329.218
329.224
329.23
329.235
329.241
329.247
329.252
329.258
329.264
329.269
329.275
329.281
329.286
329.292
329.298
329.303
329.309
329.315
329.32
329.326
329.332
329.337
329.343
329.349
329.354
329.36
329.366
329.371
329.377
329.383
329.388
329.394
329.399
329.405
329.411
329.416
329.422
329.428
329.433
329.439
329.445
329.45
329.456
329.462
329.467
329.473
329.479
329.484
329.49
329.495
329.501
329.507
329.512
329.518
329.524
329.529
329.535
329.541
329.546
329.552
329.557
329.563
329.569
329.574
329.58
329.586
329.591
329.597
329.602
329.608
329.614
329.619
329.625
329.63
329.636
329.642
329.647
329.653
329.659
329.664
329.67
329.675
329.681
329.687
329.692
329.698
329.703
329.709
329.715
329.72
329.726
329.731
329.737
329.743
329.748
329.754
329.759
329.765
329.771
329.776
329.782
329.787
329.793
329.799
329.804
329.81
329.815
329.821
329.826
329.832
329.838
329.843
329.849
329.854
329.86
329.866
329.871
329.877
329.882
329.888
329.893
329.899
329.905
329.91
329.916
329.921
329.927
329.932
329.938
329.944
329.949
329.955
329.96
329.966
329.971
329.977
329.982
329.988
329.994
329.999
330.005
330.01
330.016
330.021
330.027
330.032
330.038
330.044
330.049
330.055
330.06
330.066
330.071
330.077
330.082
330.088
330.093
330.099
330.105
330.11
330.116
330.121
330.127
330.132
330.138
330.143
330.149
330.154
330.16
330.165
330.171
330.176
330.182
330.188
330.193
330.199
330.204
330.21
330.215
330.221
330.226
330.232
330.237
330.243
330.248
330.254
330.259
330.265
330.27
330.276
330.281
330.287
330.292
330.298
330.303
330.309
330.314
330.32
330.325
330.331
330.336
330.342
330.347
330.353
330.358
330.364
330.369
330.375
330.38
330.386
330.391
330.397
330.402
330.408
330.413
330.419
330.424
330.43
330.435
330.441
330.446
330.452
330.457
330.463
330.468
330.474
330.479
330.485
330.49
330.496
330.501
330.507
330.512
330.518
330.523
330.529
330.534
330.54
330.545
330.55
330.556
330.561
330.567
330.572
330.578
330.583
330.589
330.594
330.6
330.605
330.611
330.616
330.622
330.627
330.632
330.638
330.643
330.649
330.654
330.66
330.665
330.671
330.676
330.682
330.687
330.692
330.698
330.703
330.709
330.714
330.72
330.725
330.731
330.736
330.741
330.747
330.752
330.758
330.763
330.769
330.774
330.78
330.785
330.79
330.796
330.801
330.807
330.812
330.818
330.823
330.828
330.834
330.839
330.845
330.85
330.856
330.861
330.866
330.872
330.877
330.883
330.888
330.894
330.899
330.904
330.91
330.915
330.921
330.926
330.931
330.937
330.942
330.948
330.953
330.959
330.964
330.969
330.975
330.98
330.986
330.991
330.996
331.002
331.007
331.013
331.018
331.023
331.029
331.034
331.04
331.045
331.05
331.056
331.061
331.067
331.072
331.077
331.083
331.088
331.094
331.099
331.104
331.11
331.115
331.12
331.126
331.131
331.137
331.142
331.147
331.153
331.158
331.164
331.169
331.174
331.18
331.185
331.19
331.196
331.201
331.207
331.212
331.217
331.223
331.228
331.233
331.239
331.244
331.25
331.255
331.26
331.266
331.271
331.276
331.282
331.287
331.292
331.298
331.303
331.308
331.314
331.319
331.325
331.33
331.335
331.341
331.346
331.351
331.357
331.362
331.367
331.373
331.378
331.383
331.389
331.394
331.399
331.405
331.41
331.415
331.421
331.426
331.432
331.437
331.442
331.448
331.453
331.458
331.464
331.469
331.474
331.48
331.485
331.49
331.496
331.501
331.506
331.512
331.517
331.522
331.528
331.533
331.538
331.543
331.549
331.554
331.559
331.565
331.57
331.575
331.581
331.586
331.591
331.597
331.602
331.607
331.613
331.618
331.623
331.629
331.634
331.639
331.645
331.65
331.655
331.66
331.666
331.671
331.676
331.682
331.687
331.692
331.698
331.703
331.708
331.713
331.719
331.724
331.729
331.735
331.74
331.745
331.751
331.756
331.761
331.766
331.772
331.777
331.782
331.788
331.793
331.798
331.803
331.809
331.814
331.819
331.825
331.83
331.835
331.84
331.846
331.851
331.856
331.862
331.867
331.872
331.877
331.883
331.888
331.893
331.898
331.904
331.909
331.914
331.92
331.925
331.93
331.935
331.941
331.946
331.951
331.956
331.962
331.967
331.972
331.977
331.983
331.988
331.993
331.999
332.004
332.009
332.014
332.02
332.025
332.03
332.035
332.041
332.046
332.051
332.056
332.062
332.067
332.072
332.077
332.083
332.088
332.093
332.098
332.104
332.109
332.114
332.119
332.124
332.13
332.135
332.14
332.145
332.151
332.156
332.161
332.166
332.172
332.177
332.182
332.187
332.193
332.198
332.203
332.208
332.213
332.219
332.224
332.229
332.234
332.24
332.245
332.25
332.255
332.26
332.266
332.271
332.276
332.281
332.287
332.292
332.297
332.302
332.307
332.313
332.318
332.323
332.328
332.334
332.339
332.344
332.349
332.354
332.36
332.365
332.37
332.375
332.38
332.386
332.391
332.396
332.401
332.406
332.412
332.417
332.422
332.427
332.432
332.438
332.443
332.448
332.453
332.458
332.464
332.469
332.474
332.479
332.484
332.49
332.495
332.5
332.505
332.51
332.515
332.521
332.526
332.531
332.536
332.541
332.547
332.552
332.557
332.562
332.567
332.572
332.578
332.583
332.588
332.593
332.598
332.603
332.609
332.614
332.619
332.624
332.629
332.635
332.64
332.645
332.65
332.655
332.66
332.666
332.671
332.676
332.681
332.686
332.691
332.696
332.702
332.707
332.712
332.717
332.722
332.727
332.733
332.738
332.743
332.748
332.753
332.758
332.763
332.769
332.774
332.779
332.784
332.789
332.794
332.8
332.805
332.81
332.815
332.82
332.825
332.83
332.836
332.841
332.846
332.851
332.856
332.861
332.866
332.871
332.877
332.882
332.887
332.892
332.897
332.902
332.907
332.913
332.918
332.923
332.928
332.933
