/*--------------------------------*- C++ -*----------------------------------*\
| =========                 |                                                 |
| \\      /  F ield         | OpenFOAM: The Open Source CFD Toolbox           |
|  \\    /   O peration     | Version:  v2012                                 |
|   \\  /    A nd           | Website:  www.openfoam.com                      |
|    \\/     M anipulation  |                                                 |
\*---------------------------------------------------------------------------*/
FoamFile
{
    version     2.0;
    format      ascii;
    class       volScalarField;
    location    "2000";
    object      T;
}
// * * * * * * * * * * * * * * * * * * * * * * * * * * * * * * * * * * * * * //

dimensions      [0 0 0 1 0 0 0];


internalField   nonuniform List<scalar> 
6250
(
300
300
300
300.00003
300.00006
299.99991
299.99892
299.99578
299.98986
299.98522
299.99791
300.06485
300.25028
300.64619
301.3649
302.52574
304.2404
306.6016
309.67836
313.51785
318.15217
323.60716
329.91095
337.10057
345.22607
300
300
300.00001
299.99994
299.99948
299.99795
299.99554
299.99831
300.02898
300.14212
300.43675
301.05674
302.17245
303.94567
306.48846
309.82966
313.89977
318.53793
323.51752
328.58275
333.48787
338.03191
342.0843
345.59905
348.61724
300
299.99999
299.99992
299.99956
299.99878
299.99977
300.01453
300.07961
300.27445
300.73189
301.62756
303.14327
305.41412
308.48004
312.26223
316.57489
321.16719
325.77953
330.1944
334.26718
337.93183
341.18641
344.06846
346.63048
348.92231
299.99999
299.99994
299.99977
299.99964
300.00235
300.02101
300.09455
300.30733
300.79947
301.75232
303.34408
305.68984
308.79331
312.53418
316.69795
321.03381
325.31449
329.37537
333.12469
336.53086
339.60056
342.35866
344.83532
347.05991
349.05922
299.99996
299.9999
300.00001
300.00253
300.01805
300.07986
300.26404
300.70295
301.57392
303.0554
305.26439
308.20586
311.76174
315.72507
319.86044
323.96054
327.87777
331.52764
334.87492
337.9156
340.66243
343.13604
345.36004
347.35854
349.15478
299.99995
300.0001
300.00177
300.01202
300.05514
300.19196
300.53738
301.25742
302.53252
304.496
307.17812
310.48757
314.23968
318.21371
322.208
326.07168
329.71022
333.07532
336.15051
338.93906
341.45548
343.72
345.75514
347.58354
349.22678
300.00014
300.00105
300.00681
300.03284
300.12254
300.36737
300.91404
301.94055
303.60066
305.96276
308.97782
312.49433
316.30813
320.21762
324.06018
327.7242
331.14422
334.28977
337.15418
339.74567
342.08089
344.18058
346.06675
347.76098
349.28356
300.00085
300.0036
300.01749
300.0699
300.22688
300.6086
301.38108
302.71318
304.71442
307.38817
310.62757
314.25271
318.06415
321.88586
325.58589
329.07843
332.31632
335.28081
337.97222
340.40247
342.58982
344.55524
346.32018
347.90529
349.32974
300.00264
300.00892
300.0364
300.12747
300.37173
300.91219
301.92014
303.53976
305.83054
308.74133
312.12879
315.80435
319.58205
323.30919
326.87705
330.21846
333.29952
336.1101
338.65561
340.95059
343.01428
344.86761
346.53145
348.02558
349.36823
300.00629
300.01842
300.06617
300.20876
300.55781
301.27104
302.51249
304.39278
306.92368
310.01262
313.49578
317.18623
320.91355
324.54502
327.99031
331.1967
334.1404
336.81779
339.23796
341.41727
343.37549
345.13335
346.71116
348.12791
349.40097
300.01279
300.03364
300.10913
300.31571
300.78348
301.67625
303.14133
305.25258
307.98017
311.20201
314.74438
318.42696
322.0947
325.63204
328.96372
332.04852
334.87056
337.43114
339.74209
341.82097
343.68781
345.36309
346.8665
348.21635
349.42927
300.02328
300.05617
300.16716
300.44902
301.04552
302.11862
303.79285
306.10582
308.99343
312.31347
315.88897
319.54863
323.1519
326.59809
329.82448
332.79914
335.51246
337.96952
340.18415
342.17474
343.96141
345.5643
347.00254
348.2938
349.45405
300.039
300.0875
300.24163
300.60836
301.33984
302.58968
304.45635
306.94397
309.96111
313.35248
316.94215
320.56884
324.10544
327.46421
330.59294
333.46733
336.08274
338.4472
340.57604
342.48821
344.20378
345.74251
347.12303
348.36239
349.476
300.06121
300.12896
300.33339
300.79264
301.66207
303.082
305.12379
307.76174
310.88318
314.32494
317.91481
321.50185
324.9713
328.2467
331.28473
334.06736
336.59399
338.87497
340.92674
342.76861
344.42052
345.90186
347.23075
348.42372
349.49563
300.09112
300.18168
300.44276
301.00024
302.00789
303.58935
305.78925
308.55606
311.76088
315.23656
318.81626
322.35934
325.76224
328.95836
331.91197
334.61025
337.0559
339.26108
341.24311
343.02146
344.61592
346.04551
347.32785
348.479
349.51331
300.12984
300.24653
300.5697
301.22923
302.37326
304.10659
306.44845
309.32527
312.59615
316.0927
319.65454
323.15095
326.48857
329.60944
332.48428
335.1047
337.47606
339.61202
341.53049
343.25107
344.79334
346.17592
347.41601
348.52918
349.52937
300.17837
300.32414
300.71382
301.47757
302.75454
304.62958
307.09833
310.06872
313.39122
316.89829
320.43654
323.88474
327.15875
330.2082
333.0094
335.55764
337.86054
339.93292
341.79317
343.46089
344.95543
346.29506
347.49654
348.57503
349.54404
300.23752
300.41493
300.87448
301.74318
303.14849
305.15498
307.73675
310.7864
314.14848
317.65778
321.16822
324.56748
327.77978
330.76144
333.4936
335.97471
338.21423
340.22794
342.03456
343.65366
345.10433
346.40449
347.57051
348.61713
349.55751
300.30792
300.51908
301.05091
302.02405
303.55231
305.68016
308.36227
311.47871
314.87029
318.37521
321.85473
325.2049
328.35749
331.27478
333.94207
336.36051
338.54113
340.50046
342.25747
343.83163
345.24179
346.5055
347.63878
348.656
349.56995
300.39006
300.6366
301.24218
302.31828
303.96358
306.20302
308.97397
312.14635
315.55897
319.0542
322.50054
325.80187
328.89682
331.75291
334.3591
336.71887
338.84456
340.75329
342.4642
343.99665
345.36923
346.59915
347.70208
348.69203
349.58148
300.48423
300.76735
301.44733
302.62409
304.38021
306.72194
309.57132
312.79017
316.21671
319.69797
323.10955
326.36259
329.40193
332.19978
334.74831
337.05299
339.12726
340.98875
342.65668
344.15027
345.48785
346.68632
347.76099
348.72557
349.59221
300.59058
300.91106
301.66537
302.93987
304.80046
307.23567
310.15405
313.41111
316.84557
320.30944
323.68517
326.89067
329.8764
332.61876
335.11275
337.36556
339.39158
341.20881
342.83652
344.29378
345.59866
346.76774
347.81602
348.75689
349.60223
300.70914
301.06736
301.8953
303.26415
305.22285
307.74324
310.72213
314.01019
317.44749
320.89122
324.23041
327.38924
330.3233
333.01272
335.45502
337.65889
339.63949
341.41513
343.00509
344.42829
345.7025
346.84403
347.86758
348.78624
349.61163
300.8398
301.2358
302.13615
303.59562
305.64611
308.24395
311.27567
314.5884
318.02424
321.44564
324.74789
327.86102
330.74527
333.38415
335.77737
337.93493
339.87267
341.60913
343.16357
344.55472
345.8001
346.91574
347.91604
348.81383
349.62045
300.98236
301.41587
302.38698
303.93307
306.06921
308.73726
311.81489
315.14675
318.57748
321.9748
325.23997
328.30842
331.14465
333.73519
336.08173
338.19539
340.09258
341.79204
343.31296
344.67388
345.89209
346.98333
347.96172
348.83983
349.62877
301.13653
301.60702
302.64689
304.27547
306.49127
309.22281
312.3401
315.68623
319.10875
322.4806
325.70871
328.73353
331.52344
334.06771
336.36976
338.44173
340.30049
341.96491
343.45412
344.78648
345.979
347.04718
348.00487
348.86439
349.63663
301.30196
301.80868
302.91503
304.62186
306.91158
309.70034
312.85166
316.20778
319.61946
322.96475
326.15598
329.13822
331.88344
334.38336
336.64295
338.67524
340.4975
342.12868
343.58783
344.89311
346.06131
347.10765
348.04573
348.88765
349.64407
301.47823
302.02026
303.19059
304.97142
307.32952
310.16973
313.34996
316.7123
320.11089
323.4288
326.58341
329.52415
332.22622
334.68357
336.90259
338.89705
340.68456
342.28415
343.71474
344.99432
346.13942
347.16503
348.08451
348.90972
349.65114
301.66491
302.24117
303.47284
305.3234
307.74463
310.63089
313.83544
317.20067
320.58426
323.87414
326.99251
329.89278
332.55316
334.96963
337.1498
339.10814
340.86252
342.43202
343.83544
345.09056
346.2137
347.21959
348.12138
348.93071
349.65785
301.86151
302.47081
303.76105
305.67717
308.15648
311.08383
314.30852
317.6737
321.04068
324.30207
327.38461
330.24544
332.86552
335.24266
337.3856
339.30939
341.03215
342.57294
343.95045
345.18226
346.28447
347.27158
348.15651
348.95071
349.66425
302.06755
302.7086
304.05459
306.03215
308.56478
311.52859
314.76964
318.13217
321.48115
324.71373
327.76091
330.58331
333.1644
335.50369
337.61089
339.50159
341.19409
342.70745
344.06021
345.26977
346.352
347.32118
348.19004
348.96979
349.67036
302.28251
302.95398
304.35285
306.38783
308.96924
311.96525
315.21923
318.57681
321.90663
325.11018
328.1225
330.90745
333.4508
335.7536
337.82647
339.68544
341.34895
342.83605
344.16514
345.35342
346.41655
347.3686
348.22208
348.98803
349.67619
302.50589
303.20638
304.65527
306.74376
309.36969
312.39394
315.65774
319.00833
322.31799
325.49239
328.47039
331.21882
333.72563
335.99323
338.03306
339.86155
341.49727
342.95919
344.26561
345.43351
346.47835
347.414
348.25276
349.00549
349.68178
302.73718
303.46527
304.96133
307.09956
309.76596
312.81479
316.08558
319.42737
322.71603
325.86125
328.80546
331.51829
333.98967
336.22329
338.23131
340.03048
341.6395
343.07728
344.36194
345.51029
346.5376
347.45752
348.28216
349.02223
349.68714
302.97588
303.73014
305.27054
307.45488
310.15793
313.22796
316.50316
319.83455
323.10151
326.21757
329.12853
331.80666
334.24369
336.44446
338.4218
340.19276
341.7761
343.19066
344.45442
345.58401
346.59448
347.4993
348.3104
349.0383
349.69228
303.22148
304.00048
305.58248
307.80943
310.54553
313.6336
316.91089
320.23044
323.47511
326.56209
329.44038
332.08464
334.48832
336.65732
338.60505
340.34882
341.90744
343.29967
344.54333
345.65487
346.64916
347.53946
348.33753
349.05375
349.69722
303.47352
304.27584
305.89672
308.16293
310.9287
314.03191
317.30914
320.61559
323.83749
326.89551
329.74167
332.3529
334.7242
336.86244
338.78156
340.49909
342.03388
343.40459
344.6289
345.72307
346.70178
347.57811
348.36365
349.06862
349.70198
303.73151
304.55576
306.2129
308.51517
311.30741
314.42305
317.6983
320.99052
324.18923
327.21847
330.03304
332.61202
334.95186
337.06029
338.95175
340.64395
342.15574
343.50571
344.71136
345.78879
346.75248
347.61535
348.38881
349.08294
349.70656
303.99501
304.83981
306.53067
308.86592
311.68164
314.80722
318.07871
321.3557
324.5309
327.53153
330.31507
332.86257
335.17181
337.25135
339.11602
340.78373
342.27332
343.60325
344.7909
345.85218
346.80138
347.65127
348.41308
349.09675
349.71098
304.26358
305.12759
306.8497
309.21503
312.0514
315.1846
318.45071
321.71158
324.86302
327.83526
330.5883
333.10505
335.38452
337.43601
339.27475
340.91876
342.38687
343.69745
344.86771
345.91338
346.8486
347.68595
348.43652
349.11009
349.71525
304.53681
305.41873
307.16971
309.56233
312.41671
315.55537
318.81465
322.05861
325.18606
328.13015
330.85322
333.33993
335.59042
337.61467
339.42826
341.04932
342.49665
343.78851
344.94195
345.97254
346.89424
347.71947
348.45917
349.12299
349.71938
304.81429
305.71285
307.49042
309.9077
312.77759
315.91973
319.17081
322.39717
325.50049
328.41667
331.11029
333.56763
335.78989
337.78768
339.57686
341.17567
342.60288
343.87661
345.01378
346.02978
346.9384
347.7519
348.48108
349.13546
349.72337
305.09564
306.00961
307.8116
310.25102
313.13408
316.27785
319.51952
322.72764
325.80672
328.69525
331.35994
333.78856
335.9833
337.95535
339.72083
341.29807
342.70576
343.96193
345.08334
346.0852
346.98115
347.7833
348.5023
349.14754
349.72723
305.3805
306.3087
308.13299
310.59218
313.48623
316.62991
319.86105
323.0504
326.10515
328.9663
331.60255
334.00308
336.17099
338.11799
339.86044
341.41673
342.80549
344.04463
345.15075
346.13891
347.02259
347.81373
348.52286
349.15924
349.73098
305.66851
306.60982
308.45441
310.93111
313.83408
316.97608
320.19566
323.36576
326.39614
329.2302
331.83849
334.21153
336.35326
338.27587
339.99593
341.53186
342.90225
344.12486
345.21614
346.19101
347.06278
347.84325
348.54281
349.17059
349.73461
305.95936
306.91267
308.77565
311.26772
314.1777
317.31655
320.52364
323.67405
326.68005
329.48729
332.0681
334.41423
336.53041
338.42924
340.12752
341.64366
342.99618
344.20274
345.27962
346.24159
347.10179
347.8719
348.56217
349.18161
349.73814
306.25272
307.217
309.09654
311.60197
314.51713
317.65146
320.84521
323.97556
326.9572
329.73791
332.2917
334.61147
336.70269
338.57835
340.25541
341.7523
343.08746
344.27841
345.3413
346.29072
347.1397
347.89974
348.58098
349.19232
349.74156
306.54831
307.52255
309.41692
311.93379
314.85244
317.98098
321.16062
324.27059
327.22789
329.98236
332.50957
334.80353
336.87035
338.72342
340.3798
341.85794
343.1762
344.35197
345.40126
346.33849
347.17654
347.9268
348.59926
349.20273
349.74489
306.84584
307.82909
309.73662
312.26313
315.18369
318.30528
321.47009
324.55939
327.49241
330.22093
332.72201
334.99066
337.03364
338.86464
340.50086
341.96075
343.26256
344.42355
345.45959
346.38496
347.21239
347.95312
348.61705
349.21285
349.74813
307.14506
308.13639
310.05553
312.58998
315.51095
318.62449
321.77383
324.84223
327.75104
330.45389
332.92926
335.1731
337.19276
339.00221
340.61877
342.06086
343.34663
344.49324
345.51638
346.4302
347.24728
347.97875
348.63437
349.22271
349.75129
307.44571
308.44426
310.3735
312.91429
315.83428
318.93876
322.07205
325.11933
328.00401
330.68149
333.13156
335.35107
337.34791
339.13631
340.73368
342.1584
343.42855
344.56113
345.5717
346.47427
347.28128
348.00371
348.65123
349.23231
349.75436
307.74756
308.7525
310.69043
313.23603
316.15375
319.24824
322.36494
325.39093
328.25158
330.90398
333.32914
335.52479
337.49928
339.2671
340.84573
342.25351
343.50841
344.62731
345.62563
346.51723
347.31441
348.02805
348.66768
349.24167
349.75735
308.05038
309.06094
311.00621
313.55521
316.46942
319.55306
322.65269
325.65724
328.49397
331.12156
333.52222
335.69445
337.64705
339.39474
340.95505
342.34629
343.58631
344.69187
345.67823
346.55913
347.34673
348.05178
348.68371
349.2508
349.76027
308.35398
309.36939
311.32075
313.87178
316.78136
319.85335
322.93547
325.91846
328.73138
331.33445
333.71099
335.86022
337.79138
339.51938
341.06179
342.43685
343.66235
344.75487
345.72957
346.60002
347.37827
348.07494
348.69936
349.2597
349.76312
308.65815
309.67771
311.63394
314.18576
317.08964
320.14924
323.21346
326.17478
328.96403
331.54286
333.89564
336.02229
337.93243
339.64115
341.16604
342.52531
343.7366
344.8164
345.7797
346.63995
347.40907
348.09756
348.71465
349.2684
349.76591
308.96272
309.98575
311.94572
314.49714
317.39432
320.44084
323.4868
326.42638
329.1921
331.74696
334.07635
336.18082
338.07034
339.76018
341.26793
342.61174
343.80915
344.87651
345.82868
346.67896
347.43916
348.11966
348.72957
349.2769
349.76863
309.2675
310.29337
312.25601
314.8059
317.69546
320.72828
323.75566
326.67345
329.41576
331.94693
334.25328
336.33595
338.20526
339.87659
341.36756
342.69625
343.88008
344.93527
345.87655
346.71709
347.46857
348.14125
348.74417
349.28521
349.77128
309.57235
310.60045
312.56475
315.11206
317.99313
321.01167
324.02018
326.91613
329.63519
332.14294
334.42658
336.48782
338.33729
339.99048
341.46502
342.77891
343.94946
344.99275
345.92337
346.75439
347.49733
348.16238
348.75844
349.29333
349.77388
309.8771
310.90686
312.87186
315.41561
318.28739
321.29111
324.2805
327.15459
329.85055
332.33514
334.59641
336.63659
338.46658
340.10198
341.56042
342.85981
344.01734
345.04899
345.96919
346.79088
347.52547
348.18304
348.7724
349.30128
349.77643
310.18163
311.2125
313.1773
315.71656
318.5783
321.56671
324.53674
327.38897
330.06198
332.52368
334.7629
336.78236
338.59322
340.21118
341.65383
342.93901
344.08381
345.10404
346.01404
346.8266
347.55303
348.20328
348.78607
349.30906
349.77892
310.48578
311.51726
313.48101
316.01492
318.86592
321.83856
324.78904
327.61942
330.26964
332.7087
334.92618
336.92526
338.71733
340.31817
341.74534
343.0166
344.14891
345.15797
346.05797
346.86158
347.58001
348.22309
348.79946
349.31668
349.78135
310.78945
311.82106
313.78296
316.31069
319.1503
322.10677
325.03752
327.84606
330.47366
332.89034
335.08638
337.06541
338.83901
340.42304
341.83502
343.09262
344.2127
345.2108
346.10101
346.89586
347.60644
348.2425
348.81258
349.32414
349.78374
311.09252
312.12379
314.08309
316.60389
319.43151
322.37143
325.2823
328.06902
330.67416
333.06871
335.24362
337.2029
338.95836
340.52588
341.92295
343.16716
344.27523
345.2626
346.1432
346.92946
347.63236
348.26153
348.82544
349.33146
349.78608
311.39487
312.42538
314.38137
316.89453
319.70959
322.63262
325.52347
328.28843
330.87128
333.24394
335.398
337.33785
339.07546
340.62676
342.0092
343.24026
344.33656
345.31339
346.18457
346.96241
347.65777
348.28019
348.83804
349.33864
349.78838
311.69641
312.72576
314.67778
317.18263
319.98462
322.89044
325.76115
328.50439
331.06512
333.41613
335.54963
337.47034
339.1904
340.72576
342.09383
343.31199
344.39672
345.36322
346.22516
346.99473
347.6827
348.2985
348.85041
349.34568
349.79063
311.99704
313.02485
314.97227
317.46819
320.25662
323.14495
325.99544
328.71702
331.25579
333.5854
335.69861
337.60047
339.30326
340.82295
342.1769
343.38239
344.45577
345.41212
346.26499
347.02645
347.70716
348.31646
348.86255
349.35259
349.79284
312.29667
313.32258
315.26482
317.75124
320.52567
323.39624
326.22643
328.92642
331.44341
333.75185
335.84504
337.72833
339.41412
340.9184
342.25848
343.45151
344.51375
345.46013
346.3041
347.0576
347.73118
348.3341
348.87447
349.35937
349.79501
312.59524
313.61891
315.55542
318.03178
320.79181
323.6444
326.45421
329.13269
331.62806
333.91557
335.989
337.85398
339.52304
341.01218
342.3386
343.5194
344.57069
345.50729
346.3425
347.08818
347.75476
348.35142
348.88617
349.36603
349.79715
312.89265
313.91377
315.84403
318.30984
321.05509
323.88948
326.67888
329.33592
331.80985
334.07665
336.13057
337.97752
339.63011
341.10433
342.41734
343.58611
344.62664
345.55361
346.38023
347.11823
347.77793
348.36843
348.89766
349.37257
349.79924
313.18883
314.20711
316.13065
318.58544
321.31555
324.13156
326.90051
329.53621
331.98887
334.23518
336.26985
338.09901
339.73537
341.19492
342.49473
343.65167
344.68162
345.59914
346.41731
347.14775
347.80071
348.38515
348.90896
349.379
349.8013
313.48374
314.49888
316.41525
318.85858
321.57324
324.37071
327.11918
329.73363
332.1652
334.39124
336.4069
338.21852
339.8389
341.284
342.57083
343.71613
344.73568
345.6439
346.45377
347.17678
347.82309
348.40159
348.92007
349.38533
349.80332
313.77729
314.78905
316.69783
319.1293
321.82822
324.60699
327.33498
329.92828
332.33892
334.54491
336.54179
338.33612
339.94075
341.37163
342.64568
343.77953
344.78884
345.68792
346.48961
347.20533
347.84511
348.41776
348.93099
349.39154
349.80531
314.06945
315.07757
316.97837
319.3976
322.08052
324.84047
327.54798
330.12022
332.51011
334.69627
336.6746
338.45187
340.04098
341.45785
342.71931
343.8419
344.84114
345.73122
346.52488
347.23341
347.86676
348.43366
348.94173
349.39766
349.80727
314.36014
315.36441
317.25686
319.66352
322.33018
325.0712
327.75824
330.30954
332.67885
334.84538
336.8054
338.56583
340.13965
341.54271
342.79178
343.90327
344.8926
345.77383
346.55957
347.26104
347.88807
348.4493
348.95231
349.40367
349.80919
314.64934
315.64954
317.5333
319.92706
322.57726
325.29925
327.96584
330.49631
332.84521
334.99232
336.93424
338.67806
340.23679
341.62625
342.86311
343.96368
344.94325
345.81576
346.59372
347.28823
347.90904
348.4647
348.96271
349.4096
349.81109
314.937
315.93293
317.80768
320.18825
322.82178
325.52466
328.17084
330.68058
333.00925
335.13714
337.06118
338.78861
340.33246
341.70852
342.93335
344.02316
344.99312
345.85705
346.62734
347.315
347.92968
348.47986
348.97295
349.41543
349.81295
315.22307
316.21454
318.08
320.44711
323.06379
325.7475
328.3733
330.86244
333.17104
335.27991
337.18628
338.89753
340.42671
341.78955
343.00253
344.08174
345.04223
345.8977
346.66045
347.34136
347.95001
348.49479
348.98304
349.42117
349.81479
315.50751
316.49436
318.35026
320.70365
323.30333
325.96781
328.57328
331.04193
333.33064
335.42069
337.3096
339.00487
340.51957
341.86938
343.07068
344.13944
345.0906
345.93775
346.69307
347.36733
347.97004
348.50949
348.99297
349.42682
349.8166
315.7903
316.77237
318.61845
320.9579
323.54043
326.18565
328.77083
331.21913
333.48811
335.55953
337.43119
339.11068
340.6111
341.94805
343.13783
344.1963
345.13827
345.97721
346.7252
347.39292
347.98977
348.52398
349.00276
349.43239
349.81838
316.07141
317.04854
318.88457
321.20988
323.77514
326.40107
328.96602
331.39409
333.6435
335.69649
337.55109
339.215
340.70132
342.02559
343.20402
344.25234
345.18524
346.01609
346.75686
347.41813
348.00921
348.53826
349.01241
349.43788
349.82014
316.35081
317.32286
319.14863
321.45961
324.00748
326.6141
329.1589
331.56686
333.79688
335.83162
337.66935
339.31788
340.79028
342.10204
343.26927
344.30757
345.23154
346.05442
346.78807
347.44298
348.02837
348.55233
349.02191
349.44329
349.82187
316.62846
317.59532
319.41063
321.70711
324.2375
326.8248
329.34951
331.73749
333.94829
335.96497
337.78602
339.41935
340.87801
342.17743
343.3336
344.36204
345.27719
346.09221
346.81884
347.46748
348.04727
348.5662
349.03129
349.44863
349.82358
316.90435
317.8659
319.67058
321.9524
324.46523
327.03321
329.53791
331.90604
334.09778
336.09657
337.90114
339.51945
340.96455
342.25178
343.39705
344.41575
345.32221
346.12948
346.84919
347.49164
348.0659
348.57988
349.04053
349.45389
349.82526
317.17847
318.13459
319.92846
322.19549
324.69069
327.23937
329.72414
332.07256
334.24539
336.22649
338.01475
339.61822
341.04992
342.32513
343.45964
344.46872
345.36662
346.16623
346.87911
347.51547
348.08427
348.59338
349.04965
349.45908
349.82692
317.45078
318.40138
320.1843
322.43641
324.91393
327.44333
329.90825
332.23708
334.39118
336.35476
338.1269
339.7157
341.13417
342.3975
343.52139
344.52099
345.41042
346.20249
346.90864
347.53898
348.1024
348.60669
349.05864
349.4642
349.82856
317.72128
318.66626
320.4381
322.67518
325.13497
327.64511
330.09028
332.39966
334.53519
336.48142
338.23761
339.81191
341.21731
342.46892
343.58232
344.57256
345.45365
346.23827
346.93777
347.56217
348.12029
348.61982
349.06751
349.46925
349.83017
317.98994
318.92923
320.68986
322.91183
325.35385
327.84477
330.27027
332.56034
334.67746
336.6065
338.34692
339.9069
341.29938
342.53941
343.64246
344.62346
345.49631
346.27358
346.96652
347.58506
348.13794
348.63278
349.07627
349.47423
349.83177
318.25677
319.19028
320.93959
323.14635
325.5706
328.04233
330.44826
332.71916
334.81802
336.73006
338.45487
340.00069
341.38041
342.609
343.70182
344.67371
345.53842
346.30843
346.9949
347.60766
348.15536
348.64557
349.08491
349.47915
349.83334
318.52174
319.44942
321.1873
323.37879
325.78523
328.23783
330.6243
332.87616
334.95692
336.85212
338.5615
340.09331
341.46042
342.67771
343.76044
344.72331
345.57999
346.34284
347.02291
347.62996
348.17256
348.6582
349.09345
349.48401
349.8349
318.78485
319.70662
321.433
323.60916
325.99779
328.43132
330.79842
333.03137
335.0942
336.97272
338.66682
340.18479
341.53944
342.74556
343.81831
344.77229
345.62103
346.37681
347.05057
347.65198
348.18954
348.67067
349.10187
349.4888
349.83643
319.04609
319.9619
321.6767
323.83747
326.20831
328.62281
330.97065
333.18484
335.22988
337.0919
338.77088
340.27515
341.61748
342.81257
343.87547
344.82066
345.66157
346.41036
347.07789
347.67373
348.20631
348.68299
349.11019
349.49354
349.83795
319.30546
320.21526
321.9184
324.06375
326.4168
328.81234
331.14103
333.33659
335.36401
337.20967
338.8737
340.36443
341.69458
342.87877
343.93193
344.86844
345.7016
346.4435
347.10487
347.69521
348.22287
348.69515
349.11841
349.49822
349.83944
319.56294
320.46669
322.15812
324.28802
326.62329
328.99995
331.3096
333.48667
335.49662
337.32608
338.97531
340.45264
341.77076
342.94417
343.98771
344.91563
345.74115
346.47623
347.13152
347.71643
348.23923
348.70716
349.12652
349.50284
349.84092
319.81854
320.7162
322.39587
324.51029
326.82782
329.18566
331.47638
333.6351
335.62773
337.44115
339.07573
340.53982
341.84603
343.00878
344.04281
344.96226
345.78023
346.50857
347.15784
347.73739
348.2554
348.71903
349.13454
349.5074
349.84238
320.07225
320.96379
322.63165
324.73059
327.0304
329.3695
331.64141
333.78192
335.75738
337.55492
339.175
340.62598
341.92041
343.07264
344.09727
345.00834
345.81884
346.54052
347.18386
347.7581
348.27137
348.73076
349.14247
349.51191
349.84382
320.32408
321.20946
322.86549
324.94893
327.23106
329.55151
331.80472
333.92716
335.88559
337.6674
339.27313
340.71115
341.99394
343.13575
344.15109
345.05387
345.85699
346.5721
347.20957
347.77857
348.28715
348.74235
349.1503
349.51637
349.84525
320.57401
321.45321
323.09738
325.16533
327.42983
329.73171
331.96634
334.07084
336.0124
337.77863
339.37016
340.79534
342.06662
343.19813
344.20428
345.09888
345.89471
346.60331
347.23498
347.7988
348.30275
348.7538
349.15803
349.52077
349.84666
320.82206
321.69506
323.32734
325.37981
327.62673
329.91012
332.1263
334.213
336.13784
337.88863
339.46609
340.87858
342.13847
343.25979
344.25686
345.14337
345.93198
346.63416
347.26009
347.8188
348.31817
348.76512
349.16568
349.52513
349.84805
321.06822
321.93501
323.55539
325.59239
327.82178
330.08678
332.28461
334.35366
336.26192
337.99742
339.56096
340.96089
342.20951
343.32076
344.30885
345.18735
345.96883
346.66465
347.28492
347.83857
348.33341
348.77631
349.17325
349.52943
349.84943
321.3125
322.17305
323.78153
325.80309
328.015
330.26171
332.44132
334.49285
336.38467
338.10502
339.65479
341.04229
342.27975
343.38105
344.36025
345.23084
346.00527
346.69481
347.30947
347.85811
348.34848
348.78738
349.18072
349.53369
349.85079
321.55489
322.40921
324.00578
326.01192
328.20642
330.43494
332.59645
334.63059
336.50612
338.21147
339.74759
341.12279
342.34922
343.44066
344.41107
345.27383
346.0413
346.72462
347.33374
347.87743
348.36338
348.79832
349.18811
349.53789
349.85214
321.79541
322.64348
324.22815
326.2189
328.39606
330.60648
332.75002
334.76691
336.62629
338.31678
339.83939
341.20241
342.41793
343.49962
344.46134
345.31636
346.07692
346.7541
347.35775
347.89654
348.37812
348.80914
349.19542
349.54205
349.85347
322.03405
322.87588
324.44865
326.42405
328.58395
330.77636
332.90205
334.90183
336.7452
338.42097
339.93021
341.28117
342.48589
343.55793
344.51105
345.35841
346.11216
346.78326
347.38149
347.91544
348.39269
348.81984
349.20265
349.54617
349.85479
322.27083
323.10641
324.6673
326.62739
328.77009
330.94461
333.05257
335.03538
336.86288
338.52407
340.02005
341.35908
342.55311
343.61561
344.56023
345.40001
346.14701
346.8121
347.40497
347.93414
348.40711
348.83042
349.2098
349.55024
349.85609
322.50575
323.33508
324.88411
326.82893
328.95451
331.11124
333.2016
335.16757
336.97934
338.62608
340.10895
341.43617
342.61962
343.67267
344.60887
345.44116
346.18149
346.84063
347.42819
347.95263
348.42137
348.84089
349.21688
349.55426
349.85738
322.7388
323.5619
325.09909
327.0287
329.13724
331.27629
333.34917
335.29844
337.09462
338.72704
340.19692
341.51244
342.68541
343.72912
344.65699
345.48187
346.2156
346.86886
347.45117
347.97092
348.43547
348.85125
349.22388
349.55825
349.85865
322.97001
323.78688
325.31225
327.2267
329.31829
331.43976
333.49529
335.42799
337.20871
338.82695
340.28397
341.58791
342.75052
343.78498
344.70461
345.52215
346.24934
346.89678
347.4739
347.98902
348.44943
348.8615
349.2308
349.56219
349.85991
323.19938
324.01002
325.52361
327.42296
329.49768
331.60169
333.63999
335.55626
337.32166
338.92584
340.37011
341.6626
342.81494
343.84024
344.75172
345.562
346.28273
346.92441
347.49639
348.00692
348.46323
348.87163
349.23765
349.56609
349.86116
323.42691
324.23135
325.73319
327.61749
329.67543
331.76208
333.78329
335.68325
337.43346
339.02372
340.45538
341.73651
342.8787
343.89494
344.79834
345.60144
346.31576
346.95175
347.51865
348.02464
348.47689
348.88167
349.24443
349.56994
349.86239
323.65262
324.45086
325.94098
327.81031
329.85155
331.92097
333.9252
335.809
337.54415
339.12061
340.53977
341.80966
342.9418
343.94906
344.84448
345.64046
346.34846
346.9788
347.54067
348.04218
348.49041
348.89159
349.25113
349.57376
349.86361
323.87651
324.66857
326.14702
328.00143
330.02608
332.07837
334.06575
335.93351
337.65374
339.21653
340.62331
341.88207
343.00425
344.00263
344.89014
345.67908
346.38082
347.00557
347.56247
348.05953
348.50379
348.90142
349.25777
349.57754
349.86482
324.09858
324.88449
326.3513
328.19087
330.19902
332.23429
334.20496
336.0568
337.76224
339.31149
340.706
341.95374
343.06606
344.05566
344.93533
345.71731
346.41284
347.03207
347.58404
348.0767
348.51704
348.91114
349.26434
349.58128
349.86602
324.31886
325.09862
326.55385
328.37864
330.37039
332.38876
334.34284
336.17891
337.86967
339.4055
340.78787
342.02469
343.12725
344.10814
344.98007
345.75515
346.44454
347.0583
347.60539
348.0937
348.53014
348.92077
349.27084
349.58498
349.8672
324.53735
325.31099
326.75467
328.56477
330.54021
332.5418
334.4794
336.29983
337.97606
339.49859
340.86892
342.09493
343.18782
344.16009
345.02435
345.7926
346.47591
347.08427
347.62653
348.11053
348.54312
348.93029
349.27728
349.58864
349.86838
324.75405
325.5216
326.95379
328.74927
330.70849
332.69342
334.61468
336.41958
338.0814
339.59076
340.94916
342.16447
343.24779
344.21153
345.06819
345.82968
346.50698
347.10997
347.64745
348.12719
348.55596
348.93972
349.28365
349.59227
349.86954
324.96899
325.73046
327.15121
328.93214
330.87526
332.84363
334.74868
336.5382
338.18573
339.68202
341.02862
342.23332
343.30716
344.26245
345.11159
345.86639
346.53773
347.13541
347.66817
348.14368
348.56868
348.94906
349.28996
349.59586
349.87069
325.18216
325.93759
327.34695
329.11342
331.04053
332.99247
334.88142
336.65567
338.28905
339.7724
341.1073
342.30149
343.36595
344.31287
345.15456
345.90273
346.56817
347.1606
347.68867
348.16
348.58127
348.9583
349.2962
349.59941
349.87182
325.39358
326.14299
327.54102
329.29311
331.20431
333.13993
335.01292
336.77204
338.39137
339.8619
341.1852
342.369
343.42415
344.36279
345.1971
345.93871
346.59831
347.18555
347.70898
348.17617
348.59373
348.96745
349.30239
349.60293
349.87295
325.60327
326.34668
327.73344
329.47122
331.36662
333.28605
335.1432
336.8873
338.49272
339.95054
341.26236
342.43584
343.48179
344.41222
345.23923
345.97434
346.62816
347.21024
347.72908
348.19217
348.60607
348.97652
349.30851
349.60642
349.87406
325.81122
326.54866
327.92421
329.64778
331.52748
333.43083
335.27226
337.00148
338.5931
340.03833
341.33877
342.50204
343.53886
344.46116
345.28094
346.00962
346.65771
347.2347
347.74899
348.20802
348.61829
348.98549
349.31457
349.60987
349.87517
326.01745
326.74896
328.11335
329.82279
331.6869
333.57429
335.40012
337.11458
338.69252
340.12527
341.41444
342.5676
343.59538
344.50964
345.32225
346.04456
346.68698
347.25891
347.7687
348.22371
348.63039
348.99437
349.32057
349.61329
349.87626
326.22198
326.94758
328.30088
329.99628
331.8449
333.71644
335.5268
337.22662
338.79101
340.21139
341.48938
342.63252
343.65136
344.55764
345.36316
346.07916
346.71596
347.28289
347.78823
348.23926
348.64238
349.00317
349.32652
349.61667
349.87734
326.42481
327.14454
328.48681
330.16824
332.00149
333.8573
335.65232
337.33762
338.88857
340.29669
341.56362
342.69683
343.7068
344.60518
345.40368
346.11342
346.74466
347.30664
347.80756
348.25465
348.65424
349.01189
349.3324
349.62002
349.87842
326.62595
327.33984
328.67114
330.33871
332.15669
333.99689
335.77668
337.44759
338.98522
340.38119
341.63714
342.76052
343.76171
344.65227
345.4438
346.14736
346.77309
347.33016
347.82671
348.26989
348.666
349.02052
349.33824
349.62334
349.87948
326.82542
327.5335
328.8539
330.50769
332.3105
334.13521
335.8999
337.55654
339.08096
340.46489
341.70998
342.82361
343.8161
344.69891
345.48355
346.18097
346.80125
347.35346
347.84567
348.28499
348.67764
349.02906
349.34401
349.62663
349.88053
327.02323
327.72553
329.03509
330.6752
332.46295
334.27229
336.022
337.66448
339.1758
340.5478
341.78212
342.8861
343.86997
344.7451
345.52291
346.21426
346.82913
347.37653
347.86445
348.29994
348.68917
349.03753
349.34973
349.62988
349.88157
327.21938
327.91594
329.21474
330.84125
332.61405
334.40813
336.14298
337.77142
339.26977
340.62994
341.85359
342.948
343.92333
344.79086
345.5619
346.24723
346.85675
347.39939
347.88306
348.31475
348.70059
349.04591
349.3554
349.63311
349.8826
327.4139
328.10474
329.39285
331.00585
332.76381
334.54275
336.26286
337.87738
339.36287
340.71132
341.92439
343.00932
343.97619
344.83618
345.60053
346.2799
346.88412
347.42203
347.90149
348.32942
348.7119
349.05422
349.36101
349.6363
349.88362
327.60678
328.29196
329.56943
331.16902
332.91225
334.67616
336.38165
337.98237
339.4551
340.79193
341.99453
343.07007
344.02855
344.88108
345.63879
346.31225
346.91122
347.44445
347.91974
348.34396
348.72311
349.06245
349.36657
349.63946
349.88464
327.79806
328.47759
329.7445
331.33077
333.05937
334.80838
336.49936
338.0864
339.54649
340.87181
342.06401
343.13025
344.08043
344.92556
345.67669
346.34431
346.93807
347.46667
347.93783
348.35835
348.73421
349.0706
349.37207
349.6426
349.88564
327.98772
328.66165
329.91807
331.49112
333.2052
334.93942
336.61601
338.18949
339.63704
340.95094
342.13286
343.18987
344.13182
344.96963
345.71424
346.37606
346.96467
347.48868
347.95574
348.37262
348.7452
349.07867
349.37753
349.6457
349.88663
328.17579
328.84416
330.09015
331.65007
333.34974
335.06928
336.73161
338.29163
339.72676
341.02935
342.20106
343.24894
344.18274
345.01328
345.75144
346.40752
346.99102
347.51048
347.97349
348.38674
348.7561
349.08667
349.38293
349.64878
349.88762
328.36229
329.02512
330.26076
331.80763
333.493
335.19799
336.84617
338.39285
339.81566
341.10704
342.26864
343.30746
344.23318
345.05653
345.78829
346.43869
347.01712
347.53208
347.99107
348.40074
348.76689
349.0946
349.38829
349.65183
349.88859
328.54721
329.20455
330.4299
331.96384
333.63501
335.32556
336.9597
338.49315
339.90375
341.18401
342.3356
343.36544
344.28316
345.09939
345.82481
346.46957
347.04299
347.55348
348.00849
348.41461
348.77759
349.10245
349.39359
349.65485
349.88956
328.73057
329.38246
330.5976
332.11868
333.77577
335.45199
337.07221
338.59255
339.99104
341.26029
342.40194
343.4229
344.33268
345.14184
345.86098
346.50016
347.06862
347.57468
348.02575
348.42835
348.78818
349.11023
349.39885
349.65784
349.89052
328.91239
329.55885
330.76386
332.27218
333.9153
335.5773
337.18372
338.69105
340.07754
341.33586
342.46768
343.47982
344.38174
345.18391
345.89683
346.53047
347.09401
347.59569
348.04286
348.44197
348.79868
349.11794
349.40406
349.6608
349.89146
329.09268
329.73376
330.9287
332.42435
334.0536
335.7015
337.29422
338.78866
340.16325
341.41076
342.53282
343.53623
344.43036
345.22559
345.93234
346.5605
347.11916
347.6165
348.0598
348.45545
348.80908
349.12557
349.40921
349.66374
349.8924
329.27144
329.90717
331.09212
332.5752
334.19068
335.8246
337.40375
338.88539
340.2482
341.48497
342.59737
343.59212
344.47853
345.26689
345.96754
346.59026
347.14409
347.63713
348.07659
348.46882
348.81938
349.13314
349.41433
349.66665
349.89334
329.44869
330.07912
331.25414
332.72475
334.32657
335.94661
337.51229
338.98126
340.33237
341.55851
342.66133
343.64751
344.52626
345.30782
346.00241
346.61975
347.16879
347.65756
348.09322
348.48206
348.82959
349.14064
349.41939
349.66953
349.89426
329.62444
330.2496
331.41477
332.87299
334.46127
336.06754
337.61987
339.07628
340.41579
341.63139
342.72472
343.70239
344.57356
345.34837
346.03696
346.64897
347.19326
347.67782
348.10971
348.49519
348.83971
349.14807
349.42441
349.67239
349.89517
329.79871
330.41863
331.57402
333.01996
334.59479
336.18741
337.7265
339.17044
340.49846
341.70362
342.78753
343.75678
344.62044
345.38856
346.0712
346.67793
347.21752
347.69788
348.12604
348.50819
348.84974
349.15543
349.42939
349.67522
349.89608
329.9715
330.58622
331.73191
333.16565
334.72714
336.30622
337.83218
339.26376
340.5804
341.77519
342.84978
343.81067
344.66689
345.42838
346.10513
346.70662
347.24155
347.71777
348.14223
348.52108
348.85968
349.16272
349.43432
349.67803
349.89698
330.14282
330.75239
331.88844
333.31008
334.85834
336.42399
337.93692
339.35625
340.6616
341.84613
342.91146
343.86408
344.71292
345.46784
346.13876
346.73505
347.26537
347.73747
348.15827
348.53385
348.86952
349.16995
349.4392
349.68081
349.89787
330.3127
330.91715
332.04363
333.45327
334.9884
336.54072
338.04074
339.44793
340.74207
341.91642
342.9726
343.91701
344.75853
345.50695
346.17208
346.76323
347.28897
347.757
348.17417
348.5465
348.87928
349.17712
349.44404
349.68356
349.89875
330.48113
331.0805
332.19749
333.59521
335.11732
336.65643
338.14364
339.53878
340.82183
341.98609
343.03318
343.96947
344.80374
345.54571
346.2051
346.79115
347.31236
347.77635
348.18992
348.55904
348.88895
349.18422
349.44884
349.68629
349.89962
330.64813
331.24246
332.35003
333.73593
335.24512
336.77113
338.24564
339.62884
340.90088
342.05514
343.09323
344.02146
344.84854
345.58412
346.23782
346.81883
347.33554
347.79553
348.20553
348.57147
348.89853
349.19125
349.45359
349.689
349.90049
330.81372
331.40304
332.50127
333.87543
335.37181
336.88482
338.34673
339.71809
340.97922
342.12358
343.15274
344.07298
344.89294
345.62218
346.27026
346.84625
347.35851
347.81453
348.221
348.58378
348.90803
349.19823
349.4583
349.69168
349.90134
330.97789
331.56225
332.6512
334.01373
335.49739
336.99751
338.44694
339.80656
341.05688
342.1914
343.21172
344.12404
344.93695
345.65991
346.3024
346.87343
347.38127
347.83337
348.23633
348.59599
348.91744
349.20514
349.46297
349.69434
349.90219
331.14068
331.7201
332.79985
334.15083
335.62189
337.10922
338.54627
339.89424
341.13384
342.25863
343.27017
344.17465
344.98056
345.69729
346.33426
346.90037
347.40383
347.85204
348.25153
348.60809
348.92677
349.21198
349.4676
349.69697
349.90304
331.30208
331.87661
332.94723
334.28675
335.7453
337.21995
338.64472
339.98116
341.21013
342.32525
343.32811
344.22481
345.02378
345.73435
346.36583
346.92707
347.4262
347.87054
348.26659
348.62008
348.93601
349.21877
349.47218
349.69958
349.90387
331.4621
332.03178
333.09334
334.4215
335.86764
337.32972
338.74231
340.06731
341.28574
342.39129
343.38553
344.27452
345.06662
345.77108
346.39712
346.95353
347.44836
347.88888
348.28152
348.63196
348.94517
349.2255
349.47673
349.70217
349.9047
331.62077
332.18563
333.2382
334.55508
335.98892
337.43853
338.83904
340.1527
341.36068
342.45675
343.44244
344.32379
345.10908
345.80748
346.42813
346.97975
347.47033
347.90705
348.29631
348.64374
348.95425
349.23217
349.48123
349.70473
349.90552
331.77809
332.33816
333.38181
334.68752
336.10915
337.54639
338.93493
340.23734
341.43496
342.52162
343.49885
344.37263
345.15117
345.84355
346.45887
347.00574
347.4921
347.92506
348.31097
348.65541
348.96325
349.23878
349.4857
349.70727
349.90633
331.93406
332.4894
333.5242
334.81881
336.22833
337.65331
339.02998
340.32124
341.5086
342.58593
343.55477
344.42103
345.19288
345.87931
346.48934
347.0315
347.51367
347.94291
348.32551
348.66698
348.97217
349.24533
349.49012
349.70979
349.90714
332.08871
332.63934
333.66536
334.94897
336.34649
337.7593
339.1242
340.4044
341.58158
342.64967
343.61019
344.46901
345.23422
345.91475
346.51953
347.05704
347.53506
347.96061
348.33991
348.67845
348.98102
349.25182
349.49451
349.71229
349.90794
332.24204
332.788
333.80531
335.07801
336.46362
337.86437
339.2176
340.48683
341.65392
342.71285
343.66512
344.51656
345.2752
345.94988
346.54946
347.08235
347.55626
347.97815
348.35419
348.68981
348.98978
349.25825
349.49886
349.71476
349.90873
332.39407
332.93539
333.94407
335.20593
336.57973
337.96852
339.31018
340.56855
341.72563
342.77547
343.71957
344.5637
345.31582
345.9847
346.57913
347.10743
347.57727
347.99553
348.36834
348.70108
348.99847
349.26463
349.50317
349.71721
349.90952
332.54479
333.08153
334.08163
335.33276
336.69484
338.07177
339.40196
340.64955
341.79671
342.83755
343.77354
344.61042
345.35608
346.01922
346.60854
347.1323
347.5981
348.01276
348.38237
348.71224
349.00708
349.27095
349.50744
349.71964
349.91029
332.69424
333.22641
334.21802
335.45849
336.80896
338.17413
339.49294
340.72984
341.86717
342.89908
343.82704
344.65673
345.39599
346.05343
346.63768
347.15694
347.61874
348.02984
348.39627
348.72331
349.01561
349.27722
349.51167
349.72205
349.91106
332.84241
333.37006
334.35323
335.58314
336.92209
338.2756
339.58312
340.80943
341.93702
342.96007
343.88007
344.70264
345.43555
346.08734
346.66657
347.18137
347.6392
348.04677
348.41005
348.73428
349.02407
349.28343
349.51587
349.72444
349.91183
332.98932
333.51248
334.48729
335.70672
337.03424
338.37618
339.67252
340.88833
342.00625
343.02053
343.93263
344.74814
345.47476
346.12095
346.69521
347.20559
347.65948
348.06355
348.42371
348.74516
349.03245
349.28958
349.52003
349.72681
349.91259
333.13497
333.65369
334.62019
335.82923
337.14543
338.4759
339.76115
340.96654
342.07488
343.08046
343.98473
344.79325
345.51362
346.15427
346.7236
347.22959
347.67959
348.08019
348.43725
348.75593
349.04076
349.29569
349.52415
349.72916
349.91334
333.27938
333.79368
334.75196
335.95069
337.25565
338.57475
339.849
341.04407
342.14291
343.13987
344.03638
344.83796
345.55215
346.1873
346.75174
347.25339
347.69952
348.09668
348.45067
348.76662
349.049
349.30174
349.52824
349.73148
349.91408
333.42256
333.93249
334.8826
336.07111
337.36492
338.67275
339.93609
341.12093
342.21035
343.19876
344.08758
344.88228
345.59034
346.22003
346.77963
347.27697
347.71927
348.11302
348.46397
348.77721
349.05717
349.30773
349.53229
349.73379
349.91482
333.56452
334.0701
335.01212
336.19049
337.47325
338.7699
340.02243
341.19712
342.2772
343.25713
344.13833
344.92621
345.6282
346.25249
346.80728
347.30035
347.73885
348.12922
348.47716
348.78771
349.06526
349.31368
349.5363
349.73607
349.91555
333.70526
334.20654
335.14053
336.30884
337.58065
338.86621
340.10802
341.27265
342.34347
343.315
344.18864
344.96976
345.66572
346.28465
346.83468
347.32352
347.75826
348.14528
348.49023
348.79812
349.07329
349.31957
349.54028
349.73834
349.91628
333.8448
334.34181
335.26784
336.42618
337.68712
338.96168
340.19287
341.34752
342.40917
343.37237
344.23852
345.01293
345.70292
346.31654
346.86185
347.3465
347.7775
348.1612
348.50319
348.80843
349.08124
349.32541
349.54423
349.74059
349.91699
333.98316
334.47593
335.39405
336.54251
337.79267
339.05633
340.27698
341.42174
342.47429
343.42923
344.28795
345.05573
345.7398
346.34815
346.88878
347.36927
347.79658
348.17698
348.51604
348.81866
349.08913
349.3312
349.54814
349.74281
349.91771
334.12033
334.6089
335.51919
336.65783
337.89732
339.15017
340.36036
341.49532
342.53885
343.48561
344.33696
345.09815
345.77635
346.37949
346.91548
347.39184
347.81549
348.19262
348.52877
348.82879
349.09694
349.33694
349.55202
349.74502
349.91841
334.25633
334.74073
335.64325
336.77217
338.00106
339.24319
340.44303
341.56826
342.60285
343.54149
344.38554
345.14021
345.81259
346.41055
346.94194
347.41422
347.83423
348.20813
348.5414
348.83884
349.10469
349.34262
349.55586
349.74721
349.91911
334.39117
334.87143
335.76625
336.88553
338.10391
339.33541
340.52498
341.64057
342.66629
343.59689
344.4337
345.18189
345.84851
346.44134
346.96818
347.4364
347.85281
348.2235
348.55391
348.8488
349.11237
349.34826
349.55967
349.74937
349.91981
334.52485
335.00102
335.8882
336.99791
338.20587
339.42684
340.60622
341.71225
342.72919
343.6518
344.48145
345.22322
345.88412
346.47187
346.99418
347.45839
347.87123
348.23874
348.56631
348.85868
349.11999
349.35385
349.56345
349.75152
349.92049
334.6574
335.1295
336.0091
337.10933
338.30696
339.51748
340.68675
341.78332
342.79154
343.70624
344.52878
345.26419
345.91942
346.50213
347.01996
347.48019
347.88949
348.25385
348.57861
348.86847
349.12753
349.3594
349.56719
349.75366
349.92118
334.78881
335.25688
336.12897
337.21979
338.40718
339.60733
340.7666
341.85377
342.85335
343.76021
344.57569
345.3048
345.95442
346.53213
347.04552
347.5018
347.90759
348.26882
348.5908
348.87817
349.13502
349.36489
349.5709
349.75577
349.92185
334.9191
335.38317
336.2478
337.3293
338.50653
339.69642
340.84575
341.92361
342.91462
343.81372
344.62221
345.34506
345.98911
346.56186
347.07086
347.52322
347.92553
348.28367
348.60289
348.88779
349.14243
349.37034
349.57458
349.75786
349.92252
335.04828
335.50838
336.36563
337.43788
338.60503
339.78473
340.92423
341.99285
342.97537
343.86676
344.66832
345.38498
346.0235
346.59135
347.09597
347.54446
347.94332
348.29839
348.61486
348.89733
349.14979
349.37574
349.57823
349.75994
349.92319
335.17635
335.63252
336.48244
337.54552
338.70269
339.87229
341.00202
342.06149
343.03559
343.91934
344.71403
345.42454
346.05759
346.62057
347.12087
347.56552
347.96095
348.31297
348.62674
348.90678
349.15708
349.38109
349.58185
349.762
349.92385
335.30333
335.7556
336.59825
337.65223
338.7995
339.95909
341.07915
342.12954
343.09529
343.97147
344.75934
345.46377
346.09139
346.64954
347.14556
347.58639
347.97843
348.32744
348.63851
348.91616
349.1643
349.38639
349.58543
349.76404
349.9245
335.42922
335.87763
336.71307
337.75804
338.89548
340.04514
341.15561
342.197
343.15448
344.02314
344.80427
345.50266
346.1249
346.67826
347.17002
347.60708
347.99576
348.34178
348.65019
348.92545
349.17147
349.39166
349.58899
349.76606
349.92515
335.55404
335.99861
336.8269
337.86293
338.99064
340.13045
341.23141
342.26388
343.21315
344.07438
344.84881
345.54121
346.15812
346.70674
347.19428
347.62759
348.01294
348.35599
348.66176
348.93466
349.17857
349.39687
349.59251
349.76807
349.92579
335.67779
336.11856
336.93977
337.96693
339.08498
340.21503
341.30656
342.33018
343.27132
344.12516
344.89296
345.57942
346.19105
346.73497
347.21833
347.64792
348.02997
348.37008
348.67323
348.94379
349.18561
349.40204
349.596
349.77005
349.92642
335.80048
336.23748
337.05166
338.07003
339.17851
340.29889
341.38106
342.39592
343.32899
344.17552
344.93673
345.61731
346.22369
346.76295
347.24217
347.66808
348.04686
348.38405
348.6846
348.95284
349.19259
349.40716
349.59947
349.77203
349.92705
335.92212
336.35538
337.1626
338.17225
339.27124
340.38202
341.45492
342.46108
343.38616
344.22543
344.98012
345.65487
346.25606
346.79069
347.26581
347.68807
348.0636
348.3979
348.69587
348.96182
349.19951
349.41224
349.6029
349.77398
349.92768
336.04273
336.47228
337.27258
338.27359
339.36317
340.46444
341.52815
342.52569
343.44284
344.27492
345.02314
345.69211
346.28814
346.81819
347.28924
347.70788
348.08019
348.41163
348.70705
348.97071
349.20637
349.41728
349.6063
349.77592
349.9283
336.1623
336.58817
337.38163
338.37406
339.45432
340.54614
341.60075
342.58974
343.49903
344.32398
345.06579
345.72903
346.31995
346.84546
347.31247
347.72752
348.09664
348.42524
348.71813
348.97953
349.21317
349.42228
349.60967
349.77784
349.92891
336.28085
336.70308
337.48974
338.47368
339.54468
340.62715
341.67272
342.65324
343.55474
344.37262
345.10807
345.76562
346.35148
346.87249
347.3355
347.747
348.11295
348.43874
348.72911
348.98828
349.21991
349.42723
349.61302
349.77974
349.92952
336.39838
336.817
337.59692
338.57244
339.63426
340.70746
341.74407
342.71619
343.60997
344.42084
345.14999
345.80191
346.38274
346.89929
347.35833
347.7663
348.12912
348.45211
348.74
348.99695
349.2266
349.43213
349.61634
349.78163
349.93013
336.51492
336.92995
337.70319
338.67035
339.72308
340.78709
341.81481
342.7786
343.66472
344.46864
345.19154
345.83788
346.41374
346.92586
347.38096
347.78544
348.14515
348.46537
348.7508
349.00554
349.23322
349.437
349.61962
349.7835
349.93072
336.63045
337.04193
337.80855
338.76742
339.81113
340.86602
341.88494
342.84047
343.719
344.51603
345.23274
345.87354
346.44446
346.9522
347.4034
347.80441
348.16104
348.47852
348.7615
349.01406
349.23979
349.44182
349.62288
349.78535
349.93132
336.745
337.15295
337.91301
338.86366
339.89843
340.94428
341.95447
342.90182
343.77281
344.56302
345.27359
345.90889
346.47493
346.97831
347.42565
347.82322
348.1768
348.49156
348.77211
349.02251
349.24631
349.4466
349.62611
349.78719
349.93191
336.85857
337.26302
338.01657
338.95908
339.98498
341.02187
342.02341
342.96263
343.82617
344.6096
345.31408
345.94394
346.50513
347.00419
347.4477
347.84187
348.19242
348.50448
348.78263
349.03088
349.25276
349.45135
349.62932
349.78901
349.93249
336.97116
337.37215
338.11924
339.05368
340.07079
341.0988
342.09175
343.02292
343.87906
344.65578
345.35422
345.97869
346.53507
347.02986
347.46957
347.86036
348.2079
348.51729
348.79306
349.03918
349.25916
349.45605
349.63249
349.79082
349.93307
337.0828
337.48035
338.22104
339.14747
340.15586
341.17506
342.1595
343.0827
343.9315
344.70157
345.39402
346.01314
346.56475
347.0553
347.49124
347.87869
348.22325
348.52999
348.8034
349.04742
349.26551
349.46071
349.63564
349.79261
349.93364
337.19347
337.58762
338.32196
339.24045
340.24021
341.25067
342.22668
343.14196
343.98349
344.74696
345.43348
346.04729
346.59418
347.08053
347.51273
347.89686
348.23847
348.54259
348.81365
349.05558
349.2718
349.46532
349.63876
349.79439
349.93421
337.30321
337.69398
338.42202
339.33264
340.32383
341.32563
342.29327
343.20071
344.03503
344.79196
345.4726
346.08115
346.62335
347.10554
347.53404
347.91488
348.25356
348.55507
348.82381
349.06366
349.27804
349.4699
349.64185
349.79615
349.93477
337.412
337.79942
338.52123
339.42404
340.40673
341.39995
342.3593
343.25896
344.08613
344.83657
345.51138
346.11472
346.65228
347.13033
347.55516
347.93274
348.26852
348.56745
348.83388
349.07169
349.28422
349.47445
349.64492
349.7979
349.93533
337.51986
337.90396
338.61958
339.51466
340.48892
341.47363
342.42476
343.31671
344.13679
344.8808
345.54983
346.148
346.68095
347.15491
347.57611
347.95044
348.28335
348.57972
348.84387
349.07964
349.29035
349.47895
349.64796
349.79963
349.93589
337.6268
338.00761
338.7171
339.6045
340.57041
341.54668
342.48966
343.37397
344.18702
344.92465
345.58795
346.181
346.70938
347.17928
347.59687
347.968
348.29806
348.59188
348.85377
349.08752
349.29643
349.48341
349.65098
349.80135
349.93644
337.73283
338.11037
338.81377
339.69357
340.6512
341.6191
342.554
343.43073
344.23681
344.96813
345.62575
346.21371
346.73757
347.20344
347.61745
347.9854
348.31263
348.60394
348.86359
349.09534
349.30246
349.48783
349.65397
349.80305
349.93698
337.83795
338.21226
338.90963
339.78188
340.7313
341.6909
342.61779
343.48701
344.28618
345.01123
345.66321
346.24614
346.76551
347.22739
347.63786
348.00266
348.32709
348.6159
348.87333
349.10308
349.30843
349.49222
349.65693
349.80473
349.93752
337.94217
338.31327
339.00466
339.86943
340.81072
341.76209
342.68103
343.5428
344.33513
345.05397
345.70036
346.27829
346.79321
347.25114
347.65809
348.01977
348.34141
348.62775
348.88298
349.11077
349.31436
349.49657
349.65987
349.80641
349.93805
338.0455
338.41341
339.09887
339.95623
340.88945
341.83267
342.74373
343.59811
344.38365
345.09633
345.73719
346.31017
346.82068
347.27468
347.67815
348.03672
348.35562
348.63951
348.89254
349.11838
349.32023
349.50088
349.66278
349.80806
349.93859
338.14794
338.5127
339.19229
340.04229
340.96751
341.90264
342.80589
343.65296
344.43176
345.13834
345.7737
346.34177
346.84791
347.29803
347.69803
348.05354
348.3697
348.65116
348.90203
349.12593
349.32605
349.50516
349.66567
349.80971
349.93911
338.24951
338.61114
339.2849
340.12761
341.0449
341.97201
342.86752
343.70733
344.47946
345.17998
345.8099
346.37311
346.87491
347.32117
347.71775
348.07021
348.38367
348.66271
348.91143
349.13342
349.33182
349.50939
349.66853
349.81134
349.93963
338.35021
338.70874
339.37672
340.21221
341.12162
342.04079
342.92863
343.76123
344.52675
345.22126
345.84579
346.40417
346.90167
347.34411
347.73729
348.08674
348.39751
348.67416
348.92075
349.14084
349.33754
349.5136
349.67137
349.81295
349.94015
338.45005
338.8055
339.46775
340.29607
341.19769
342.10898
342.98921
343.81467
344.57363
345.2622
345.88137
346.43497
346.92821
347.36686
347.75667
348.10312
348.41123
348.68552
348.93
349.1482
349.34322
349.51776
349.67419
349.81456
349.94066
338.54903
338.90144
339.558
340.37922
341.27311
342.17659
343.04926
343.86766
344.62011
345.30278
345.91665
346.4655
346.95452
347.38941
347.77589
348.11937
348.42484
348.69678
348.93916
349.15549
349.34884
349.52189
349.67698
349.81614
349.94117
338.64717
338.99655
339.64749
340.46166
341.34789
342.24361
343.10881
343.92019
344.6662
345.34301
345.95162
346.49578
346.9806
347.41177
347.79493
348.13547
348.43833
348.70794
348.94824
349.16272
349.35442
349.52599
349.67974
349.81772
349.94167
338.74447
339.09085
339.7362
340.5434
341.42202
342.31007
343.16785
343.97227
344.71188
345.3829
345.9863
346.52579
347.00646
347.43393
347.81382
348.15144
348.4517
348.719
348.95725
349.1699
349.35995
349.53005
349.68249
349.81928
349.94217
338.84094
339.18435
339.82416
340.62443
341.49552
342.37595
343.22638
344.02391
344.75718
345.42245
346.02067
346.55554
347.0321
347.45591
347.83254
348.16728
348.46496
348.72997
348.96618
349.177
349.36543
349.53407
349.68521
349.82083
349.94267
338.93658
339.27704
339.91136
340.70477
341.56838
342.44127
343.2844
344.0751
344.80209
345.46165
346.05476
346.58504
347.05752
347.4777
347.8511
348.18297
348.47811
348.74085
348.97504
349.18405
349.37086
349.53806
349.6879
349.82236
349.94316
339.0314
339.36894
339.99782
340.78442
341.64063
342.50603
343.34194
344.12585
344.84661
345.50053
346.08855
346.61429
347.08272
347.4993
347.86951
348.19853
348.49114
348.75163
348.98381
349.19104
349.37625
349.54202
349.69058
349.82388
349.94365
339.12541
339.46006
340.08354
340.86339
341.71226
342.57024
343.39898
344.17617
344.89076
345.53907
346.12205
346.64329
347.10771
347.52072
347.88775
348.21396
348.50406
348.76232
348.99252
349.19797
349.38159
349.54594
349.69322
349.82539
349.94413
339.21862
339.55039
340.16853
340.94168
341.78327
342.63389
343.45553
344.22606
344.93452
345.57728
346.15526
346.67204
347.13248
347.54195
347.90584
348.22926
348.51688
348.77292
349.00114
349.20484
349.38689
349.54983
349.69585
349.82689
349.94461
339.31102
339.63995
340.25278
341.01931
341.85368
342.697
343.51159
344.27553
344.97791
345.61516
346.18819
346.70054
347.15704
347.563
347.92378
348.24442
348.52958
348.78343
349.0097
349.21165
349.39214
349.55368
349.69846
349.82837
349.94508
339.40264
339.72875
340.33632
341.09627
341.92348
342.75957
343.56718
344.32456
345.02093
345.65272
346.22084
346.7288
347.18138
347.58387
347.94156
348.25946
348.54217
348.79385
349.01818
349.2184
349.39735
349.5575
349.70104
349.82984
349.94555
339.49348
339.81678
340.41914
341.17257
341.99268
342.82161
343.62229
344.37318
345.06358
345.68995
346.25321
346.75682
347.20552
347.60457
347.95919
348.27436
348.55466
348.80418
349.02659
349.22509
349.40251
349.56129
349.7036
349.8313
349.94602
339.58354
339.90407
340.50125
341.24822
342.0613
342.88311
343.67693
344.42138
345.10587
345.72687
346.2853
346.7846
347.22946
347.62508
347.97667
348.28914
348.56703
348.81442
349.03492
349.23173
349.40762
349.56505
349.70614
349.83274
349.94648
339.67282
339.9906
340.58266
341.32322
342.12932
342.94409
343.7311
344.46917
345.14779
345.76347
346.31712
346.81214
347.25319
347.64542
347.994
348.30379
348.57931
348.82458
349.04319
349.23831
349.4127
349.56878
349.70865
349.83417
349.94694
339.76135
340.0764
340.66338
341.39758
342.19677
343.00455
343.78481
344.51656
345.18935
345.79976
346.34867
346.83944
347.27671
347.66559
348.01118
348.31832
348.59147
348.83464
349.05138
349.24483
349.41773
349.57247
349.71115
349.83559
349.94739
339.84911
340.16146
340.7434
341.4713
342.26363
343.06449
343.83806
344.56353
345.23056
345.83574
346.37994
346.86651
347.30004
347.68558
348.02821
348.33272
348.60354
348.84462
349.05951
349.2513
349.42271
349.57613
349.71362
349.837
349.94784
339.93613
340.24579
340.82274
341.54439
342.32993
343.12391
343.89085
344.6101
345.27142
345.87141
346.41095
346.89335
347.32316
347.7054
348.0451
348.347
348.6155
348.85452
349.06756
349.25771
349.42766
349.57976
349.71608
349.8384
349.94829
340.0224
340.3294
340.9014
341.61686
342.39566
343.18283
343.94319
344.65628
345.31193
345.90678
346.44169
346.91996
347.34609
347.72506
348.06184
348.36116
348.62735
348.86433
349.07555
349.26407
349.43256
349.58336
349.71851
349.83978
349.94873
340.10793
340.4123
340.97939
341.68871
342.46082
343.24124
343.99509
344.70206
345.35209
345.94184
346.47217
346.94634
347.36882
347.74454
348.07844
348.37519
348.63911
348.87405
349.08347
349.27037
349.43742
349.58693
349.72092
349.84115
349.94917
340.19273
340.49449
341.05671
341.75994
342.52543
343.29916
344.04654
344.74745
345.3919
345.9766
346.50239
346.9725
347.39136
347.76386
348.0949
348.38911
348.65076
348.8837
349.09131
349.27662
349.44224
349.59047
349.72331
349.84251
349.94961
340.2768
340.57597
341.13336
341.83056
342.58948
343.35657
344.09754
344.79245
345.43138
346.01107
346.53235
346.99843
347.4137
347.78301
348.11121
348.40291
348.66232
348.89326
349.0991
349.28281
349.44701
349.59397
349.72568
349.84386
349.95004
340.36016
340.65676
341.20936
341.90058
342.65299
343.4135
344.14812
344.83706
345.47052
346.04524
346.56205
347.02414
347.43585
347.802
348.12739
348.41659
348.67378
348.90274
349.10681
349.28896
349.45175
349.59745
349.72803
349.8452
349.95047
340.4428
340.73685
341.28472
341.97
342.71595
343.46994
344.19826
344.8813
345.50932
346.07911
346.5915
347.04963
347.45781
347.82083
348.14343
348.43015
348.68514
348.91213
349.11446
349.29505
349.45645
349.6009
349.73036
349.84653
349.95089
340.52473
340.81626
341.35942
342.03882
342.77838
343.5259
344.24797
344.92515
345.54779
346.1127
346.6207
347.0749
347.47959
347.83949
348.15933
348.44359
348.6964
348.92145
349.12205
349.30108
349.4611
349.60432
349.73267
349.84784
349.95131
340.60597
340.89499
341.43349
342.10706
342.84027
343.58138
344.29725
344.96863
345.58593
346.146
346.64964
347.09996
347.50118
347.858
348.1751
348.45692
348.70756
348.93069
349.12957
349.30707
349.46572
349.60771
349.73496
349.84914
349.95173
340.6865
340.97305
341.50692
342.17471
342.90163
343.63638
344.34612
345.01174
345.62375
346.17902
346.67834
347.1248
347.52258
347.87634
348.19073
348.47014
348.71863
348.93985
349.13702
349.313
349.47029
349.61107
349.73723
349.85044
349.95214
340.76635
341.05044
341.57973
342.24179
342.96246
343.69091
344.39456
345.05448
345.66124
346.21175
346.7068
347.14943
347.5438
347.89453
348.20622
348.48324
348.72961
348.94893
349.14441
349.31889
349.47483
349.6144
349.73948
349.85172
349.95255
340.84552
341.12716
341.65191
342.30828
343.02278
343.74498
344.44259
345.09685
345.69841
346.2442
346.73501
347.17384
347.56484
347.91257
348.22159
348.49624
348.74049
348.95793
349.15174
349.32472
349.47933
349.6177
349.74171
349.85299
349.95296
340.92401
341.20323
341.72347
342.37422
343.08258
343.79858
344.49021
345.13886
345.73527
346.27638
346.76298
347.19805
347.5857
347.93045
348.23682
348.50912
348.75128
348.96686
349.15901
349.33051
349.48379
349.62097
349.74392
349.85425
349.95336
341.00182
341.27865
341.79443
342.43958
343.14187
343.85173
344.53743
345.18051
345.77181
346.30828
346.79071
347.22206
347.60638
347.94818
348.25193
348.52189
348.76197
348.97571
349.16621
349.33624
349.48821
349.62422
349.74611
349.85549
349.95376
341.07897
341.35342
341.86477
342.50439
343.20065
343.90442
344.58424
345.22181
345.80803
346.33991
346.8182
347.24585
347.62689
347.96575
348.2669
348.53455
348.77258
348.98448
349.17335
349.34193
349.49259
349.62744
349.74829
349.85673
349.95416
341.15546
341.42756
341.93451
342.56864
343.25892
343.95666
344.63065
345.26275
345.84395
346.37126
346.84546
347.26945
347.64722
347.98318
348.28174
348.5471
348.78309
348.99318
349.18043
349.34756
349.49694
349.63063
349.75044
349.85796
349.95455
341.2313
341.50106
342.00366
342.63234
343.3167
344.00845
344.67666
345.30334
345.87956
346.40235
346.87249
347.29284
347.66737
348.00045
348.29646
348.55955
348.79351
349.0018
349.18745
349.35315
349.50125
349.63379
349.75258
349.85918
349.95494
341.30649
341.57392
342.07221
342.6955
343.37399
344.0598
344.72227
345.34358
345.91486
346.43318
346.89928
347.31603
347.68735
348.01758
348.31106
348.57188
348.80385
349.01035
349.19441
349.35869
349.50552
349.63693
349.7547
349.86038
349.95533
341.38103
341.64617
342.14018
342.75812
343.43078
344.11071
344.7675
345.38348
345.94986
346.46374
346.92584
347.33902
347.70716
348.03457
348.32552
348.58412
348.8141
349.01883
349.20131
349.36419
349.50976
349.64004
349.7568
349.86158
349.95571
341.45493
341.7178
342.20757
342.8202
343.48709
344.16118
344.81234
345.42304
345.98457
346.49403
346.95218
347.36182
347.72681
348.0514
348.33987
348.59625
348.82425
349.02723
349.20816
349.36963
349.51395
349.64312
349.75889
349.86276
349.95609
341.52821
341.78881
342.27438
342.88175
343.54292
344.21122
344.8568
345.46226
346.01897
346.52407
346.97829
347.38442
347.74628
348.0681
348.35409
348.60827
348.83433
349.03557
349.21494
349.37503
349.51812
349.64618
349.76095
349.86394
349.95646
341.60085
341.85922
342.34061
342.94277
343.59826
344.26084
344.90088
345.50115
346.05308
346.55385
347.00418
347.40683
347.76559
348.08465
348.36819
348.62019
348.84431
349.04383
349.22166
349.38038
349.52225
349.64921
349.763
349.8651
349.95684
341.67288
341.92903
342.40629
343.00328
343.65314
344.31003
344.94458
345.5397
346.08691
346.58338
347.02985
347.42905
347.78473
348.10106
348.38217
348.63202
348.85421
349.05202
349.22833
349.38569
349.52634
349.65222
349.76503
349.86626
349.95721
341.74426
341.99821
342.47137
343.06324
343.70753
344.35879
344.98789
345.57791
346.12043
346.61265
347.05529
347.45107
347.80371
348.11732
348.39603
348.64373
348.86403
349.06014
349.23494
349.39095
349.53039
349.65519
349.76704
349.8674
349.95757
341.81516
342.06693
342.53602
343.1228
343.76155
344.40721
345.03091
345.61586
346.15372
346.64171
347.08056
347.47294
347.82255
348.13347
348.40978
348.65536
348.87377
349.0682
349.2415
349.39618
349.53442
349.65815
349.76904
349.86854
349.95794
341.88488
342.1345
342.59959
343.18136
343.81467
344.45483
345.07322
345.65319
346.18647
346.67031
347.10542
347.49446
347.84109
348.14937
348.42333
348.66682
348.88337
349.07614
349.24797
349.40132
349.53839
349.66107
349.77101
349.86966
349.9583
341.95656
342.20397
342.66494
343.24157
343.86927
344.50376
345.11668
345.69152
346.22008
346.69965
347.13091
347.51651
347.86008
348.16564
348.43719
348.67853
348.89317
349.08425
349.25456
349.40657
349.54244
349.66404
349.77301
349.87081
349.95866
342.0163
342.26188
342.71944
343.29179
343.91485
344.54465
345.15303
345.72362
346.24827
346.72429
347.15237
347.53512
347.87615
348.17944
348.44897
348.68851
348.90155
349.09119
349.26022
349.41109
349.54592
349.6666
349.77474
349.87179
349.95898
342.12557
342.36776
342.81902
343.3835
343.99799
344.61913
345.21915
345.7819
346.29934
346.76882
347.19101
347.56851
347.90486
348.20399
348.46984
348.70611
348.91625
349.10333
349.27008
349.41892
349.55195
349.67102
349.77773
349.87349
349.95952
)
;

boundaryField
{
    inlet
    {
        type            fixedValue;
        value           uniform 300;
    }
    outlet
    {
        type            inletOutlet;
        inletValue      uniform 300;
        value           nonuniform List<scalar> 
25
(
342.12557
342.36776
342.81902
343.3835
343.99799
344.61913
345.21915
345.7819
346.29934
346.76882
347.19101
347.56851
347.90486
348.20399
348.46984
348.70611
348.91625
349.10333
349.27008
349.41892
349.55195
349.67102
349.77773
349.87349
349.95952
)
;
    }
    wall
    {
        type            fixedValue;
        value           uniform 350;
    }
    front
    {
        type            wedge;
    }
    back
    {
        type            wedge;
    }
    axis
    {
        type            empty;
    }
}


// ************************************************************************* //
