FoamFile
{
    version 2.0; format ascii;
    class dictionary; object blockMeshDict;
}

scale 1;

vertices
(
    (0.0000000e+00 0.0000000e+00 0.0000000e+00)
    (4.2500000e-03 0.0000000e+00 0.0000000e+00)
    (5.7500000e-03 0.0000000e+00 0.0000000e+00)
    (9.2500000e-03 0.0000000e+00 0.0000000e+00)
    (1.0750000e-02 0.0000000e+00 0.0000000e+00)
    (1.4250000e-02 0.0000000e+00 0.0000000e+00)
    (1.5750000e-02 0.0000000e+00 0.0000000e+00)
    (1.9250000e-02 0.0000000e+00 0.0000000e+00)
    (2.0750000e-02 0.0000000e+00 0.0000000e+00)
    (2.4250000e-02 0.0000000e+00 0.0000000e+00)
    (2.5750000e-02 0.0000000e+00 0.0000000e+00)
    (2.9250000e-02 0.0000000e+00 0.0000000e+00)
    (3.0750000e-02 0.0000000e+00 0.0000000e+00)
    (3.4250000e-02 0.0000000e+00 0.0000000e+00)
    (3.5750000e-02 0.0000000e+00 0.0000000e+00)
    (3.9250000e-02 0.0000000e+00 0.0000000e+00)
    (4.0750000e-02 0.0000000e+00 0.0000000e+00)
    (4.4250000e-02 0.0000000e+00 0.0000000e+00)
    (4.5750000e-02 0.0000000e+00 0.0000000e+00)
    (4.9250000e-02 0.0000000e+00 0.0000000e+00)
    (5.0750000e-02 0.0000000e+00 0.0000000e+00)
    (5.4250000e-02 0.0000000e+00 0.0000000e+00)
    (5.5750000e-02 0.0000000e+00 0.0000000e+00)
    (5.9250000e-02 0.0000000e+00 0.0000000e+00)
    (6.0750000e-02 0.0000000e+00 0.0000000e+00)
    (6.4250000e-02 0.0000000e+00 0.0000000e+00)
    (6.5750000e-02 0.0000000e+00 0.0000000e+00)
    (6.9250000e-02 0.0000000e+00 0.0000000e+00)
    (7.0750000e-02 0.0000000e+00 0.0000000e+00)
    (7.4250000e-02 0.0000000e+00 0.0000000e+00)
    (7.5750000e-02 0.0000000e+00 0.0000000e+00)
    (8.0000000e-02 0.0000000e+00 0.0000000e+00)
    (0.0000000e+00 5.0000000e-03 0.0000000e+00)
    (4.2500000e-03 5.0000000e-03 0.0000000e+00)
    (5.7500000e-03 5.0000000e-03 0.0000000e+00)
    (9.2500000e-03 5.0000000e-03 0.0000000e+00)
    (1.0750000e-02 5.0000000e-03 0.0000000e+00)
    (1.4250000e-02 5.0000000e-03 0.0000000e+00)
    (1.5750000e-02 5.0000000e-03 0.0000000e+00)
    (1.9250000e-02 5.0000000e-03 0.0000000e+00)
    (2.0750000e-02 5.0000000e-03 0.0000000e+00)
    (2.4250000e-02 5.0000000e-03 0.0000000e+00)
    (2.5750000e-02 5.0000000e-03 0.0000000e+00)
    (2.9250000e-02 5.0000000e-03 0.0000000e+00)
    (3.0750000e-02 5.0000000e-03 0.0000000e+00)
    (3.4250000e-02 5.0000000e-03 0.0000000e+00)
    (3.5750000e-02 5.0000000e-03 0.0000000e+00)
    (3.9250000e-02 5.0000000e-03 0.0000000e+00)
    (4.0750000e-02 5.0000000e-03 0.0000000e+00)
    (4.4250000e-02 5.0000000e-03 0.0000000e+00)
    (4.5750000e-02 5.0000000e-03 0.0000000e+00)
    (4.9250000e-02 5.0000000e-03 0.0000000e+00)
    (5.0750000e-02 5.0000000e-03 0.0000000e+00)
    (5.4250000e-02 5.0000000e-03 0.0000000e+00)
    (5.5750000e-02 5.0000000e-03 0.0000000e+00)
    (5.9250000e-02 5.0000000e-03 0.0000000e+00)
    (6.0750000e-02 5.0000000e-03 0.0000000e+00)
    (6.4250000e-02 5.0000000e-03 0.0000000e+00)
    (6.5750000e-02 5.0000000e-03 0.0000000e+00)
    (6.9250000e-02 5.0000000e-03 0.0000000e+00)
    (7.0750000e-02 5.0000000e-03 0.0000000e+00)
    (7.4250000e-02 5.0000000e-03 0.0000000e+00)
    (7.5750000e-02 5.0000000e-03 0.0000000e+00)
    (8.0000000e-02 5.0000000e-03 0.0000000e+00)
    (0.0000000e+00 4.0000000e-02 0.0000000e+00)
    (4.2500000e-03 4.0000000e-02 0.0000000e+00)
    (5.7500000e-03 4.0000000e-02 0.0000000e+00)
    (9.2500000e-03 4.0000000e-02 0.0000000e+00)
    (1.0750000e-02 4.0000000e-02 0.0000000e+00)
    (1.4250000e-02 4.0000000e-02 0.0000000e+00)
    (1.5750000e-02 4.0000000e-02 0.0000000e+00)
    (1.9250000e-02 4.0000000e-02 0.0000000e+00)
    (2.0750000e-02 4.0000000e-02 0.0000000e+00)
    (2.4250000e-02 4.0000000e-02 0.0000000e+00)
    (2.5750000e-02 4.0000000e-02 0.0000000e+00)
    (2.9250000e-02 4.0000000e-02 0.0000000e+00)
    (3.0750000e-02 4.0000000e-02 0.0000000e+00)
    (3.4250000e-02 4.0000000e-02 0.0000000e+00)
    (3.5750000e-02 4.0000000e-02 0.0000000e+00)
    (3.9250000e-02 4.0000000e-02 0.0000000e+00)
    (4.0750000e-02 4.0000000e-02 0.0000000e+00)
    (4.4250000e-02 4.0000000e-02 0.0000000e+00)
    (4.5750000e-02 4.0000000e-02 0.0000000e+00)
    (4.9250000e-02 4.0000000e-02 0.0000000e+00)
    (5.0750000e-02 4.0000000e-02 0.0000000e+00)
    (5.4250000e-02 4.0000000e-02 0.0000000e+00)
    (5.5750000e-02 4.0000000e-02 0.0000000e+00)
    (5.9250000e-02 4.0000000e-02 0.0000000e+00)
    (6.0750000e-02 4.0000000e-02 0.0000000e+00)
    (6.4250000e-02 4.0000000e-02 0.0000000e+00)
    (6.5750000e-02 4.0000000e-02 0.0000000e+00)
    (6.9250000e-02 4.0000000e-02 0.0000000e+00)
    (7.0750000e-02 4.0000000e-02 0.0000000e+00)
    (7.4250000e-02 4.0000000e-02 0.0000000e+00)
    (7.5750000e-02 4.0000000e-02 0.0000000e+00)
    (8.0000000e-02 4.0000000e-02 0.0000000e+00)
    (0.0000000e+00 8.0000000e-02 0.0000000e+00)
    (4.2500000e-03 8.0000000e-02 0.0000000e+00)
    (5.7500000e-03 8.0000000e-02 0.0000000e+00)
    (9.2500000e-03 8.0000000e-02 0.0000000e+00)
    (1.0750000e-02 8.0000000e-02 0.0000000e+00)
    (1.4250000e-02 8.0000000e-02 0.0000000e+00)
    (1.5750000e-02 8.0000000e-02 0.0000000e+00)
    (1.9250000e-02 8.0000000e-02 0.0000000e+00)
    (2.0750000e-02 8.0000000e-02 0.0000000e+00)
    (2.4250000e-02 8.0000000e-02 0.0000000e+00)
    (2.5750000e-02 8.0000000e-02 0.0000000e+00)
    (2.9250000e-02 8.0000000e-02 0.0000000e+00)
    (3.0750000e-02 8.0000000e-02 0.0000000e+00)
    (3.4250000e-02 8.0000000e-02 0.0000000e+00)
    (3.5750000e-02 8.0000000e-02 0.0000000e+00)
    (3.9250000e-02 8.0000000e-02 0.0000000e+00)
    (4.0750000e-02 8.0000000e-02 0.0000000e+00)
    (4.4250000e-02 8.0000000e-02 0.0000000e+00)
    (4.5750000e-02 8.0000000e-02 0.0000000e+00)
    (4.9250000e-02 8.0000000e-02 0.0000000e+00)
    (5.0750000e-02 8.0000000e-02 0.0000000e+00)
    (5.4250000e-02 8.0000000e-02 0.0000000e+00)
    (5.5750000e-02 8.0000000e-02 0.0000000e+00)
    (5.9250000e-02 8.0000000e-02 0.0000000e+00)
    (6.0750000e-02 8.0000000e-02 0.0000000e+00)
    (6.4250000e-02 8.0000000e-02 0.0000000e+00)
    (6.5750000e-02 8.0000000e-02 0.0000000e+00)
    (6.9250000e-02 8.0000000e-02 0.0000000e+00)
    (7.0750000e-02 8.0000000e-02 0.0000000e+00)
    (7.4250000e-02 8.0000000e-02 0.0000000e+00)
    (7.5750000e-02 8.0000000e-02 0.0000000e+00)
    (8.0000000e-02 8.0000000e-02 0.0000000e+00)
    (0.0000000e+00 0.0000000e+00 1.0500000e-01)
    (4.2500000e-03 0.0000000e+00 1.0500000e-01)
    (5.7500000e-03 0.0000000e+00 1.0500000e-01)
    (9.2500000e-03 0.0000000e+00 1.0500000e-01)
    (1.0750000e-02 0.0000000e+00 1.0500000e-01)
    (1.4250000e-02 0.0000000e+00 1.0500000e-01)
    (1.5750000e-02 0.0000000e+00 1.0500000e-01)
    (1.9250000e-02 0.0000000e+00 1.0500000e-01)
    (2.0750000e-02 0.0000000e+00 1.0500000e-01)
    (2.4250000e-02 0.0000000e+00 1.0500000e-01)
    (2.5750000e-02 0.0000000e+00 1.0500000e-01)
    (2.9250000e-02 0.0000000e+00 1.0500000e-01)
    (3.0750000e-02 0.0000000e+00 1.0500000e-01)
    (3.4250000e-02 0.0000000e+00 1.0500000e-01)
    (3.5750000e-02 0.0000000e+00 1.0500000e-01)
    (3.9250000e-02 0.0000000e+00 1.0500000e-01)
    (4.0750000e-02 0.0000000e+00 1.0500000e-01)
    (4.4250000e-02 0.0000000e+00 1.0500000e-01)
    (4.5750000e-02 0.0000000e+00 1.0500000e-01)
    (4.9250000e-02 0.0000000e+00 1.0500000e-01)
    (5.0750000e-02 0.0000000e+00 1.0500000e-01)
    (5.4250000e-02 0.0000000e+00 1.0500000e-01)
    (5.5750000e-02 0.0000000e+00 1.0500000e-01)
    (5.9250000e-02 0.0000000e+00 1.0500000e-01)
    (6.0750000e-02 0.0000000e+00 1.0500000e-01)
    (6.4250000e-02 0.0000000e+00 1.0500000e-01)
    (6.5750000e-02 0.0000000e+00 1.0500000e-01)
    (6.9250000e-02 0.0000000e+00 1.0500000e-01)
    (7.0750000e-02 0.0000000e+00 1.0500000e-01)
    (7.4250000e-02 0.0000000e+00 1.0500000e-01)
    (7.5750000e-02 0.0000000e+00 1.0500000e-01)
    (8.0000000e-02 0.0000000e+00 1.0500000e-01)
    (0.0000000e+00 5.0000000e-03 1.0500000e-01)
    (4.2500000e-03 5.0000000e-03 1.0500000e-01)
    (5.7500000e-03 5.0000000e-03 1.0500000e-01)
    (9.2500000e-03 5.0000000e-03 1.0500000e-01)
    (1.0750000e-02 5.0000000e-03 1.0500000e-01)
    (1.4250000e-02 5.0000000e-03 1.0500000e-01)
    (1.5750000e-02 5.0000000e-03 1.0500000e-01)
    (1.9250000e-02 5.0000000e-03 1.0500000e-01)
    (2.0750000e-02 5.0000000e-03 1.0500000e-01)
    (2.4250000e-02 5.0000000e-03 1.0500000e-01)
    (2.5750000e-02 5.0000000e-03 1.0500000e-01)
    (2.9250000e-02 5.0000000e-03 1.0500000e-01)
    (3.0750000e-02 5.0000000e-03 1.0500000e-01)
    (3.4250000e-02 5.0000000e-03 1.0500000e-01)
    (3.5750000e-02 5.0000000e-03 1.0500000e-01)
    (3.9250000e-02 5.0000000e-03 1.0500000e-01)
    (4.0750000e-02 5.0000000e-03 1.0500000e-01)
    (4.4250000e-02 5.0000000e-03 1.0500000e-01)
    (4.5750000e-02 5.0000000e-03 1.0500000e-01)
    (4.9250000e-02 5.0000000e-03 1.0500000e-01)
    (5.0750000e-02 5.0000000e-03 1.0500000e-01)
    (5.4250000e-02 5.0000000e-03 1.0500000e-01)
    (5.5750000e-02 5.0000000e-03 1.0500000e-01)
    (5.9250000e-02 5.0000000e-03 1.0500000e-01)
    (6.0750000e-02 5.0000000e-03 1.0500000e-01)
    (6.4250000e-02 5.0000000e-03 1.0500000e-01)
    (6.5750000e-02 5.0000000e-03 1.0500000e-01)
    (6.9250000e-02 5.0000000e-03 1.0500000e-01)
    (7.0750000e-02 5.0000000e-03 1.0500000e-01)
    (7.4250000e-02 5.0000000e-03 1.0500000e-01)
    (7.5750000e-02 5.0000000e-03 1.0500000e-01)
    (8.0000000e-02 5.0000000e-03 1.0500000e-01)
    (0.0000000e+00 4.0000000e-02 1.0500000e-01)
    (4.2500000e-03 4.0000000e-02 1.0500000e-01)
    (5.7500000e-03 4.0000000e-02 1.0500000e-01)
    (9.2500000e-03 4.0000000e-02 1.0500000e-01)
    (1.0750000e-02 4.0000000e-02 1.0500000e-01)
    (1.4250000e-02 4.0000000e-02 1.0500000e-01)
    (1.5750000e-02 4.0000000e-02 1.0500000e-01)
    (1.9250000e-02 4.0000000e-02 1.0500000e-01)
    (2.0750000e-02 4.0000000e-02 1.0500000e-01)
    (2.4250000e-02 4.0000000e-02 1.0500000e-01)
    (2.5750000e-02 4.0000000e-02 1.0500000e-01)
    (2.9250000e-02 4.0000000e-02 1.0500000e-01)
    (3.0750000e-02 4.0000000e-02 1.0500000e-01)
    (3.4250000e-02 4.0000000e-02 1.0500000e-01)
    (3.5750000e-02 4.0000000e-02 1.0500000e-01)
    (3.9250000e-02 4.0000000e-02 1.0500000e-01)
    (4.0750000e-02 4.0000000e-02 1.0500000e-01)
    (4.4250000e-02 4.0000000e-02 1.0500000e-01)
    (4.5750000e-02 4.0000000e-02 1.0500000e-01)
    (4.9250000e-02 4.0000000e-02 1.0500000e-01)
    (5.0750000e-02 4.0000000e-02 1.0500000e-01)
    (5.4250000e-02 4.0000000e-02 1.0500000e-01)
    (5.5750000e-02 4.0000000e-02 1.0500000e-01)
    (5.9250000e-02 4.0000000e-02 1.0500000e-01)
    (6.0750000e-02 4.0000000e-02 1.0500000e-01)
    (6.4250000e-02 4.0000000e-02 1.0500000e-01)
    (6.5750000e-02 4.0000000e-02 1.0500000e-01)
    (6.9250000e-02 4.0000000e-02 1.0500000e-01)
    (7.0750000e-02 4.0000000e-02 1.0500000e-01)
    (7.4250000e-02 4.0000000e-02 1.0500000e-01)
    (7.5750000e-02 4.0000000e-02 1.0500000e-01)
    (8.0000000e-02 4.0000000e-02 1.0500000e-01)
    (0.0000000e+00 8.0000000e-02 1.0500000e-01)
    (4.2500000e-03 8.0000000e-02 1.0500000e-01)
    (5.7500000e-03 8.0000000e-02 1.0500000e-01)
    (9.2500000e-03 8.0000000e-02 1.0500000e-01)
    (1.0750000e-02 8.0000000e-02 1.0500000e-01)
    (1.4250000e-02 8.0000000e-02 1.0500000e-01)
    (1.5750000e-02 8.0000000e-02 1.0500000e-01)
    (1.9250000e-02 8.0000000e-02 1.0500000e-01)
    (2.0750000e-02 8.0000000e-02 1.0500000e-01)
    (2.4250000e-02 8.0000000e-02 1.0500000e-01)
    (2.5750000e-02 8.0000000e-02 1.0500000e-01)
    (2.9250000e-02 8.0000000e-02 1.0500000e-01)
    (3.0750000e-02 8.0000000e-02 1.0500000e-01)
    (3.4250000e-02 8.0000000e-02 1.0500000e-01)
    (3.5750000e-02 8.0000000e-02 1.0500000e-01)
    (3.9250000e-02 8.0000000e-02 1.0500000e-01)
    (4.0750000e-02 8.0000000e-02 1.0500000e-01)
    (4.4250000e-02 8.0000000e-02 1.0500000e-01)
    (4.5750000e-02 8.0000000e-02 1.0500000e-01)
    (4.9250000e-02 8.0000000e-02 1.0500000e-01)
    (5.0750000e-02 8.0000000e-02 1.0500000e-01)
    (5.4250000e-02 8.0000000e-02 1.0500000e-01)
    (5.5750000e-02 8.0000000e-02 1.0500000e-01)
    (5.9250000e-02 8.0000000e-02 1.0500000e-01)
    (6.0750000e-02 8.0000000e-02 1.0500000e-01)
    (6.4250000e-02 8.0000000e-02 1.0500000e-01)
    (6.5750000e-02 8.0000000e-02 1.0500000e-01)
    (6.9250000e-02 8.0000000e-02 1.0500000e-01)
    (7.0750000e-02 8.0000000e-02 1.0500000e-01)
    (7.4250000e-02 8.0000000e-02 1.0500000e-01)
    (7.5750000e-02 8.0000000e-02 1.0500000e-01)
    (8.0000000e-02 8.0000000e-02 1.0500000e-01)
    (0.0000000e+00 0.0000000e+00 1.8500000e-01)
    (4.2500000e-03 0.0000000e+00 1.8500000e-01)
    (5.7500000e-03 0.0000000e+00 1.8500000e-01)
    (9.2500000e-03 0.0000000e+00 1.8500000e-01)
    (1.0750000e-02 0.0000000e+00 1.8500000e-01)
    (1.4250000e-02 0.0000000e+00 1.8500000e-01)
    (1.5750000e-02 0.0000000e+00 1.8500000e-01)
    (1.9250000e-02 0.0000000e+00 1.8500000e-01)
    (2.0750000e-02 0.0000000e+00 1.8500000e-01)
    (2.4250000e-02 0.0000000e+00 1.8500000e-01)
    (2.5750000e-02 0.0000000e+00 1.8500000e-01)
    (2.9250000e-02 0.0000000e+00 1.8500000e-01)
    (3.0750000e-02 0.0000000e+00 1.8500000e-01)
    (3.4250000e-02 0.0000000e+00 1.8500000e-01)
    (3.5750000e-02 0.0000000e+00 1.8500000e-01)
    (3.9250000e-02 0.0000000e+00 1.8500000e-01)
    (4.0750000e-02 0.0000000e+00 1.8500000e-01)
    (4.4250000e-02 0.0000000e+00 1.8500000e-01)
    (4.5750000e-02 0.0000000e+00 1.8500000e-01)
    (4.9250000e-02 0.0000000e+00 1.8500000e-01)
    (5.0750000e-02 0.0000000e+00 1.8500000e-01)
    (5.4250000e-02 0.0000000e+00 1.8500000e-01)
    (5.5750000e-02 0.0000000e+00 1.8500000e-01)
    (5.9250000e-02 0.0000000e+00 1.8500000e-01)
    (6.0750000e-02 0.0000000e+00 1.8500000e-01)
    (6.4250000e-02 0.0000000e+00 1.8500000e-01)
    (6.5750000e-02 0.0000000e+00 1.8500000e-01)
    (6.9250000e-02 0.0000000e+00 1.8500000e-01)
    (7.0750000e-02 0.0000000e+00 1.8500000e-01)
    (7.4250000e-02 0.0000000e+00 1.8500000e-01)
    (7.5750000e-02 0.0000000e+00 1.8500000e-01)
    (8.0000000e-02 0.0000000e+00 1.8500000e-01)
    (0.0000000e+00 5.0000000e-03 1.8500000e-01)
    (4.2500000e-03 5.0000000e-03 1.8500000e-01)
    (5.7500000e-03 5.0000000e-03 1.8500000e-01)
    (9.2500000e-03 5.0000000e-03 1.8500000e-01)
    (1.0750000e-02 5.0000000e-03 1.8500000e-01)
    (1.4250000e-02 5.0000000e-03 1.8500000e-01)
    (1.5750000e-02 5.0000000e-03 1.8500000e-01)
    (1.9250000e-02 5.0000000e-03 1.8500000e-01)
    (2.0750000e-02 5.0000000e-03 1.8500000e-01)
    (2.4250000e-02 5.0000000e-03 1.8500000e-01)
    (2.5750000e-02 5.0000000e-03 1.8500000e-01)
    (2.9250000e-02 5.0000000e-03 1.8500000e-01)
    (3.0750000e-02 5.0000000e-03 1.8500000e-01)
    (3.4250000e-02 5.0000000e-03 1.8500000e-01)
    (3.5750000e-02 5.0000000e-03 1.8500000e-01)
    (3.9250000e-02 5.0000000e-03 1.8500000e-01)
    (4.0750000e-02 5.0000000e-03 1.8500000e-01)
    (4.4250000e-02 5.0000000e-03 1.8500000e-01)
    (4.5750000e-02 5.0000000e-03 1.8500000e-01)
    (4.9250000e-02 5.0000000e-03 1.8500000e-01)
    (5.0750000e-02 5.0000000e-03 1.8500000e-01)
    (5.4250000e-02 5.0000000e-03 1.8500000e-01)
    (5.5750000e-02 5.0000000e-03 1.8500000e-01)
    (5.9250000e-02 5.0000000e-03 1.8500000e-01)
    (6.0750000e-02 5.0000000e-03 1.8500000e-01)
    (6.4250000e-02 5.0000000e-03 1.8500000e-01)
    (6.5750000e-02 5.0000000e-03 1.8500000e-01)
    (6.9250000e-02 5.0000000e-03 1.8500000e-01)
    (7.0750000e-02 5.0000000e-03 1.8500000e-01)
    (7.4250000e-02 5.0000000e-03 1.8500000e-01)
    (7.5750000e-02 5.0000000e-03 1.8500000e-01)
    (8.0000000e-02 5.0000000e-03 1.8500000e-01)
    (0.0000000e+00 4.0000000e-02 1.8500000e-01)
    (4.2500000e-03 4.0000000e-02 1.8500000e-01)
    (5.7500000e-03 4.0000000e-02 1.8500000e-01)
    (9.2500000e-03 4.0000000e-02 1.8500000e-01)
    (1.0750000e-02 4.0000000e-02 1.8500000e-01)
    (1.4250000e-02 4.0000000e-02 1.8500000e-01)
    (1.5750000e-02 4.0000000e-02 1.8500000e-01)
    (1.9250000e-02 4.0000000e-02 1.8500000e-01)
    (2.0750000e-02 4.0000000e-02 1.8500000e-01)
    (2.4250000e-02 4.0000000e-02 1.8500000e-01)
    (2.5750000e-02 4.0000000e-02 1.8500000e-01)
    (2.9250000e-02 4.0000000e-02 1.8500000e-01)
    (3.0750000e-02 4.0000000e-02 1.8500000e-01)
    (3.4250000e-02 4.0000000e-02 1.8500000e-01)
    (3.5750000e-02 4.0000000e-02 1.8500000e-01)
    (3.9250000e-02 4.0000000e-02 1.8500000e-01)
    (4.0750000e-02 4.0000000e-02 1.8500000e-01)
    (4.4250000e-02 4.0000000e-02 1.8500000e-01)
    (4.5750000e-02 4.0000000e-02 1.8500000e-01)
    (4.9250000e-02 4.0000000e-02 1.8500000e-01)
    (5.0750000e-02 4.0000000e-02 1.8500000e-01)
    (5.4250000e-02 4.0000000e-02 1.8500000e-01)
    (5.5750000e-02 4.0000000e-02 1.8500000e-01)
    (5.9250000e-02 4.0000000e-02 1.8500000e-01)
    (6.0750000e-02 4.0000000e-02 1.8500000e-01)
    (6.4250000e-02 4.0000000e-02 1.8500000e-01)
    (6.5750000e-02 4.0000000e-02 1.8500000e-01)
    (6.9250000e-02 4.0000000e-02 1.8500000e-01)
    (7.0750000e-02 4.0000000e-02 1.8500000e-01)
    (7.4250000e-02 4.0000000e-02 1.8500000e-01)
    (7.5750000e-02 4.0000000e-02 1.8500000e-01)
    (8.0000000e-02 4.0000000e-02 1.8500000e-01)
    (0.0000000e+00 8.0000000e-02 1.8500000e-01)
    (4.2500000e-03 8.0000000e-02 1.8500000e-01)
    (5.7500000e-03 8.0000000e-02 1.8500000e-01)
    (9.2500000e-03 8.0000000e-02 1.8500000e-01)
    (1.0750000e-02 8.0000000e-02 1.8500000e-01)
    (1.4250000e-02 8.0000000e-02 1.8500000e-01)
    (1.5750000e-02 8.0000000e-02 1.8500000e-01)
    (1.9250000e-02 8.0000000e-02 1.8500000e-01)
    (2.0750000e-02 8.0000000e-02 1.8500000e-01)
    (2.4250000e-02 8.0000000e-02 1.8500000e-01)
    (2.5750000e-02 8.0000000e-02 1.8500000e-01)
    (2.9250000e-02 8.0000000e-02 1.8500000e-01)
    (3.0750000e-02 8.0000000e-02 1.8500000e-01)
    (3.4250000e-02 8.0000000e-02 1.8500000e-01)
    (3.5750000e-02 8.0000000e-02 1.8500000e-01)
    (3.9250000e-02 8.0000000e-02 1.8500000e-01)
    (4.0750000e-02 8.0000000e-02 1.8500000e-01)
    (4.4250000e-02 8.0000000e-02 1.8500000e-01)
    (4.5750000e-02 8.0000000e-02 1.8500000e-01)
    (4.9250000e-02 8.0000000e-02 1.8500000e-01)
    (5.0750000e-02 8.0000000e-02 1.8500000e-01)
    (5.4250000e-02 8.0000000e-02 1.8500000e-01)
    (5.5750000e-02 8.0000000e-02 1.8500000e-01)
    (5.9250000e-02 8.0000000e-02 1.8500000e-01)
    (6.0750000e-02 8.0000000e-02 1.8500000e-01)
    (6.4250000e-02 8.0000000e-02 1.8500000e-01)
    (6.5750000e-02 8.0000000e-02 1.8500000e-01)
    (6.9250000e-02 8.0000000e-02 1.8500000e-01)
    (7.0750000e-02 8.0000000e-02 1.8500000e-01)
    (7.4250000e-02 8.0000000e-02 1.8500000e-01)
    (7.5750000e-02 8.0000000e-02 1.8500000e-01)
    (8.0000000e-02 8.0000000e-02 1.8500000e-01)
    (0.0000000e+00 0.0000000e+00 2.9000000e-01)
    (4.2500000e-03 0.0000000e+00 2.9000000e-01)
    (5.7500000e-03 0.0000000e+00 2.9000000e-01)
    (9.2500000e-03 0.0000000e+00 2.9000000e-01)
    (1.0750000e-02 0.0000000e+00 2.9000000e-01)
    (1.4250000e-02 0.0000000e+00 2.9000000e-01)
    (1.5750000e-02 0.0000000e+00 2.9000000e-01)
    (1.9250000e-02 0.0000000e+00 2.9000000e-01)
    (2.0750000e-02 0.0000000e+00 2.9000000e-01)
    (2.4250000e-02 0.0000000e+00 2.9000000e-01)
    (2.5750000e-02 0.0000000e+00 2.9000000e-01)
    (2.9250000e-02 0.0000000e+00 2.9000000e-01)
    (3.0750000e-02 0.0000000e+00 2.9000000e-01)
    (3.4250000e-02 0.0000000e+00 2.9000000e-01)
    (3.5750000e-02 0.0000000e+00 2.9000000e-01)
    (3.9250000e-02 0.0000000e+00 2.9000000e-01)
    (4.0750000e-02 0.0000000e+00 2.9000000e-01)
    (4.4250000e-02 0.0000000e+00 2.9000000e-01)
    (4.5750000e-02 0.0000000e+00 2.9000000e-01)
    (4.9250000e-02 0.0000000e+00 2.9000000e-01)
    (5.0750000e-02 0.0000000e+00 2.9000000e-01)
    (5.4250000e-02 0.0000000e+00 2.9000000e-01)
    (5.5750000e-02 0.0000000e+00 2.9000000e-01)
    (5.9250000e-02 0.0000000e+00 2.9000000e-01)
    (6.0750000e-02 0.0000000e+00 2.9000000e-01)
    (6.4250000e-02 0.0000000e+00 2.9000000e-01)
    (6.5750000e-02 0.0000000e+00 2.9000000e-01)
    (6.9250000e-02 0.0000000e+00 2.9000000e-01)
    (7.0750000e-02 0.0000000e+00 2.9000000e-01)
    (7.4250000e-02 0.0000000e+00 2.9000000e-01)
    (7.5750000e-02 0.0000000e+00 2.9000000e-01)
    (8.0000000e-02 0.0000000e+00 2.9000000e-01)
    (0.0000000e+00 5.0000000e-03 2.9000000e-01)
    (4.2500000e-03 5.0000000e-03 2.9000000e-01)
    (5.7500000e-03 5.0000000e-03 2.9000000e-01)
    (9.2500000e-03 5.0000000e-03 2.9000000e-01)
    (1.0750000e-02 5.0000000e-03 2.9000000e-01)
    (1.4250000e-02 5.0000000e-03 2.9000000e-01)
    (1.5750000e-02 5.0000000e-03 2.9000000e-01)
    (1.9250000e-02 5.0000000e-03 2.9000000e-01)
    (2.0750000e-02 5.0000000e-03 2.9000000e-01)
    (2.4250000e-02 5.0000000e-03 2.9000000e-01)
    (2.5750000e-02 5.0000000e-03 2.9000000e-01)
    (2.9250000e-02 5.0000000e-03 2.9000000e-01)
    (3.0750000e-02 5.0000000e-03 2.9000000e-01)
    (3.4250000e-02 5.0000000e-03 2.9000000e-01)
    (3.5750000e-02 5.0000000e-03 2.9000000e-01)
    (3.9250000e-02 5.0000000e-03 2.9000000e-01)
    (4.0750000e-02 5.0000000e-03 2.9000000e-01)
    (4.4250000e-02 5.0000000e-03 2.9000000e-01)
    (4.5750000e-02 5.0000000e-03 2.9000000e-01)
    (4.9250000e-02 5.0000000e-03 2.9000000e-01)
    (5.0750000e-02 5.0000000e-03 2.9000000e-01)
    (5.4250000e-02 5.0000000e-03 2.9000000e-01)
    (5.5750000e-02 5.0000000e-03 2.9000000e-01)
    (5.9250000e-02 5.0000000e-03 2.9000000e-01)
    (6.0750000e-02 5.0000000e-03 2.9000000e-01)
    (6.4250000e-02 5.0000000e-03 2.9000000e-01)
    (6.5750000e-02 5.0000000e-03 2.9000000e-01)
    (6.9250000e-02 5.0000000e-03 2.9000000e-01)
    (7.0750000e-02 5.0000000e-03 2.9000000e-01)
    (7.4250000e-02 5.0000000e-03 2.9000000e-01)
    (7.5750000e-02 5.0000000e-03 2.9000000e-01)
    (8.0000000e-02 5.0000000e-03 2.9000000e-01)
    (0.0000000e+00 4.0000000e-02 2.9000000e-01)
    (4.2500000e-03 4.0000000e-02 2.9000000e-01)
    (5.7500000e-03 4.0000000e-02 2.9000000e-01)
    (9.2500000e-03 4.0000000e-02 2.9000000e-01)
    (1.0750000e-02 4.0000000e-02 2.9000000e-01)
    (1.4250000e-02 4.0000000e-02 2.9000000e-01)
    (1.5750000e-02 4.0000000e-02 2.9000000e-01)
    (1.9250000e-02 4.0000000e-02 2.9000000e-01)
    (2.0750000e-02 4.0000000e-02 2.9000000e-01)
    (2.4250000e-02 4.0000000e-02 2.9000000e-01)
    (2.5750000e-02 4.0000000e-02 2.9000000e-01)
    (2.9250000e-02 4.0000000e-02 2.9000000e-01)
    (3.0750000e-02 4.0000000e-02 2.9000000e-01)
    (3.4250000e-02 4.0000000e-02 2.9000000e-01)
    (3.5750000e-02 4.0000000e-02 2.9000000e-01)
    (3.9250000e-02 4.0000000e-02 2.9000000e-01)
    (4.0750000e-02 4.0000000e-02 2.9000000e-01)
    (4.4250000e-02 4.0000000e-02 2.9000000e-01)
    (4.5750000e-02 4.0000000e-02 2.9000000e-01)
    (4.9250000e-02 4.0000000e-02 2.9000000e-01)
    (5.0750000e-02 4.0000000e-02 2.9000000e-01)
    (5.4250000e-02 4.0000000e-02 2.9000000e-01)
    (5.5750000e-02 4.0000000e-02 2.9000000e-01)
    (5.9250000e-02 4.0000000e-02 2.9000000e-01)
    (6.0750000e-02 4.0000000e-02 2.9000000e-01)
    (6.4250000e-02 4.0000000e-02 2.9000000e-01)
    (6.5750000e-02 4.0000000e-02 2.9000000e-01)
    (6.9250000e-02 4.0000000e-02 2.9000000e-01)
    (7.0750000e-02 4.0000000e-02 2.9000000e-01)
    (7.4250000e-02 4.0000000e-02 2.9000000e-01)
    (7.5750000e-02 4.0000000e-02 2.9000000e-01)
    (8.0000000e-02 4.0000000e-02 2.9000000e-01)
    (0.0000000e+00 8.0000000e-02 2.9000000e-01)
    (4.2500000e-03 8.0000000e-02 2.9000000e-01)
    (5.7500000e-03 8.0000000e-02 2.9000000e-01)
    (9.2500000e-03 8.0000000e-02 2.9000000e-01)
    (1.0750000e-02 8.0000000e-02 2.9000000e-01)
    (1.4250000e-02 8.0000000e-02 2.9000000e-01)
    (1.5750000e-02 8.0000000e-02 2.9000000e-01)
    (1.9250000e-02 8.0000000e-02 2.9000000e-01)
    (2.0750000e-02 8.0000000e-02 2.9000000e-01)
    (2.4250000e-02 8.0000000e-02 2.9000000e-01)
    (2.5750000e-02 8.0000000e-02 2.9000000e-01)
    (2.9250000e-02 8.0000000e-02 2.9000000e-01)
    (3.0750000e-02 8.0000000e-02 2.9000000e-01)
    (3.4250000e-02 8.0000000e-02 2.9000000e-01)
    (3.5750000e-02 8.0000000e-02 2.9000000e-01)
    (3.9250000e-02 8.0000000e-02 2.9000000e-01)
    (4.0750000e-02 8.0000000e-02 2.9000000e-01)
    (4.4250000e-02 8.0000000e-02 2.9000000e-01)
    (4.5750000e-02 8.0000000e-02 2.9000000e-01)
    (4.9250000e-02 8.0000000e-02 2.9000000e-01)
    (5.0750000e-02 8.0000000e-02 2.9000000e-01)
    (5.4250000e-02 8.0000000e-02 2.9000000e-01)
    (5.5750000e-02 8.0000000e-02 2.9000000e-01)
    (5.9250000e-02 8.0000000e-02 2.9000000e-01)
    (6.0750000e-02 8.0000000e-02 2.9000000e-01)
    (6.4250000e-02 8.0000000e-02 2.9000000e-01)
    (6.5750000e-02 8.0000000e-02 2.9000000e-01)
    (6.9250000e-02 8.0000000e-02 2.9000000e-01)
    (7.0750000e-02 8.0000000e-02 2.9000000e-01)
    (7.4250000e-02 8.0000000e-02 2.9000000e-01)
    (7.5750000e-02 8.0000000e-02 2.9000000e-01)
    (8.0000000e-02 8.0000000e-02 2.9000000e-01)
);

blocks
(
    hex (0 1 33 32 128 129 161 160) fluid (4 4 25) simpleGrading (1 1 1)
    hex (1 2 34 33 129 130 162 161) fluid (4 4 25) simpleGrading (1 1 1)
    hex (2 3 35 34 130 131 163 162) fluid (8 4 25) simpleGrading (1 1 1)
    hex (3 4 36 35 131 132 164 163) fluid (4 4 25) simpleGrading (1 1 1)
    hex (4 5 37 36 132 133 165 164) fluid (8 4 25) simpleGrading (1 1 1)
    hex (5 6 38 37 133 134 166 165) fluid (4 4 25) simpleGrading (1 1 1)
    hex (6 7 39 38 134 135 167 166) fluid (8 4 25) simpleGrading (1 1 1)
    hex (7 8 40 39 135 136 168 167) fluid (4 4 25) simpleGrading (1 1 1)
    hex (8 9 41 40 136 137 169 168) fluid (8 4 25) simpleGrading (1 1 1)
    hex (9 10 42 41 137 138 170 169) fluid (4 4 25) simpleGrading (1 1 1)
    hex (10 11 43 42 138 139 171 170) fluid (8 4 25) simpleGrading (1 1 1)
    hex (11 12 44 43 139 140 172 171) fluid (4 4 25) simpleGrading (1 1 1)
    hex (12 13 45 44 140 141 173 172) fluid (8 4 25) simpleGrading (1 1 1)
    hex (13 14 46 45 141 142 174 173) fluid (4 4 25) simpleGrading (1 1 1)
    hex (14 15 47 46 142 143 175 174) fluid (8 4 25) simpleGrading (1 1 1)
    hex (15 16 48 47 143 144 176 175) fluid (4 4 25) simpleGrading (1 1 1)
    hex (16 17 49 48 144 145 177 176) fluid (8 4 25) simpleGrading (1 1 1)
    hex (17 18 50 49 145 146 178 177) fluid (4 4 25) simpleGrading (1 1 1)
    hex (18 19 51 50 146 147 179 178) fluid (8 4 25) simpleGrading (1 1 1)
    hex (19 20 52 51 147 148 180 179) fluid (4 4 25) simpleGrading (1 1 1)
    hex (20 21 53 52 148 149 181 180) fluid (8 4 25) simpleGrading (1 1 1)
    hex (21 22 54 53 149 150 182 181) fluid (4 4 25) simpleGrading (1 1 1)
    hex (22 23 55 54 150 151 183 182) fluid (8 4 25) simpleGrading (1 1 1)
    hex (23 24 56 55 151 152 184 183) fluid (4 4 25) simpleGrading (1 1 1)
    hex (24 25 57 56 152 153 185 184) fluid (8 4 25) simpleGrading (1 1 1)
    hex (25 26 58 57 153 154 186 185) fluid (4 4 25) simpleGrading (1 1 1)
    hex (26 27 59 58 154 155 187 186) fluid (8 4 25) simpleGrading (1 1 1)
    hex (27 28 60 59 155 156 188 187) fluid (4 4 25) simpleGrading (1 1 1)
    hex (28 29 61 60 156 157 189 188) fluid (8 4 25) simpleGrading (1 1 1)
    hex (29 30 62 61 157 158 190 189) fluid (4 4 25) simpleGrading (1 1 1)
    hex (30 31 63 62 158 159 191 190) fluid (4 4 25) simpleGrading (1 1 1)
    hex (32 33 65 64 160 161 193 192) fluid (4 18 25) simpleGrading (1 1 1)
    hex (33 34 66 65 161 162 194 193) fluid (4 18 25) simpleGrading (1 1 1)
    hex (34 35 67 66 162 163 195 194) fluid (8 18 25) simpleGrading (1 1 1)
    hex (35 36 68 67 163 164 196 195) fluid (4 18 25) simpleGrading (1 1 1)
    hex (36 37 69 68 164 165 197 196) fluid (8 18 25) simpleGrading (1 1 1)
    hex (37 38 70 69 165 166 198 197) fluid (4 18 25) simpleGrading (1 1 1)
    hex (38 39 71 70 166 167 199 198) fluid (8 18 25) simpleGrading (1 1 1)
    hex (39 40 72 71 167 168 200 199) fluid (4 18 25) simpleGrading (1 1 1)
    hex (40 41 73 72 168 169 201 200) fluid (8 18 25) simpleGrading (1 1 1)
    hex (41 42 74 73 169 170 202 201) fluid (4 18 25) simpleGrading (1 1 1)
    hex (42 43 75 74 170 171 203 202) fluid (8 18 25) simpleGrading (1 1 1)
    hex (43 44 76 75 171 172 204 203) fluid (4 18 25) simpleGrading (1 1 1)
    hex (44 45 77 76 172 173 205 204) fluid (8 18 25) simpleGrading (1 1 1)
    hex (45 46 78 77 173 174 206 205) fluid (4 18 25) simpleGrading (1 1 1)
    hex (46 47 79 78 174 175 207 206) fluid (8 18 25) simpleGrading (1 1 1)
    hex (47 48 80 79 175 176 208 207) fluid (4 18 25) simpleGrading (1 1 1)
    hex (48 49 81 80 176 177 209 208) fluid (8 18 25) simpleGrading (1 1 1)
    hex (49 50 82 81 177 178 210 209) fluid (4 18 25) simpleGrading (1 1 1)
    hex (50 51 83 82 178 179 211 210) fluid (8 18 25) simpleGrading (1 1 1)
    hex (51 52 84 83 179 180 212 211) fluid (4 18 25) simpleGrading (1 1 1)
    hex (52 53 85 84 180 181 213 212) fluid (8 18 25) simpleGrading (1 1 1)
    hex (53 54 86 85 181 182 214 213) fluid (4 18 25) simpleGrading (1 1 1)
    hex (54 55 87 86 182 183 215 214) fluid (8 18 25) simpleGrading (1 1 1)
    hex (55 56 88 87 183 184 216 215) fluid (4 18 25) simpleGrading (1 1 1)
    hex (56 57 89 88 184 185 217 216) fluid (8 18 25) simpleGrading (1 1 1)
    hex (57 58 90 89 185 186 218 217) fluid (4 18 25) simpleGrading (1 1 1)
    hex (58 59 91 90 186 187 219 218) fluid (8 18 25) simpleGrading (1 1 1)
    hex (59 60 92 91 187 188 220 219) fluid (4 18 25) simpleGrading (1 1 1)
    hex (60 61 93 92 188 189 221 220) fluid (8 18 25) simpleGrading (1 1 1)
    hex (61 62 94 93 189 190 222 221) fluid (4 18 25) simpleGrading (1 1 1)
    hex (62 63 95 94 190 191 223 222) fluid (4 18 25) simpleGrading (1 1 1)
    hex (64 65 97 96 192 193 225 224) fluid (4 12 25) simpleGrading (1 1 1)
    hex (65 66 98 97 193 194 226 225) fluid (4 12 25) simpleGrading (1 1 1)
    hex (66 67 99 98 194 195 227 226) fluid (8 12 25) simpleGrading (1 1 1)
    hex (67 68 100 99 195 196 228 227) fluid (4 12 25) simpleGrading (1 1 1)
    hex (68 69 101 100 196 197 229 228) fluid (8 12 25) simpleGrading (1 1 1)
    hex (69 70 102 101 197 198 230 229) fluid (4 12 25) simpleGrading (1 1 1)
    hex (70 71 103 102 198 199 231 230) fluid (8 12 25) simpleGrading (1 1 1)
    hex (71 72 104 103 199 200 232 231) fluid (4 12 25) simpleGrading (1 1 1)
    hex (72 73 105 104 200 201 233 232) fluid (8 12 25) simpleGrading (1 1 1)
    hex (73 74 106 105 201 202 234 233) fluid (4 12 25) simpleGrading (1 1 1)
    hex (74 75 107 106 202 203 235 234) fluid (8 12 25) simpleGrading (1 1 1)
    hex (75 76 108 107 203 204 236 235) fluid (4 12 25) simpleGrading (1 1 1)
    hex (76 77 109 108 204 205 237 236) fluid (8 12 25) simpleGrading (1 1 1)
    hex (77 78 110 109 205 206 238 237) fluid (4 12 25) simpleGrading (1 1 1)
    hex (78 79 111 110 206 207 239 238) fluid (8 12 25) simpleGrading (1 1 1)
    hex (79 80 112 111 207 208 240 239) fluid (4 12 25) simpleGrading (1 1 1)
    hex (80 81 113 112 208 209 241 240) fluid (8 12 25) simpleGrading (1 1 1)
    hex (81 82 114 113 209 210 242 241) fluid (4 12 25) simpleGrading (1 1 1)
    hex (82 83 115 114 210 211 243 242) fluid (8 12 25) simpleGrading (1 1 1)
    hex (83 84 116 115 211 212 244 243) fluid (4 12 25) simpleGrading (1 1 1)
    hex (84 85 117 116 212 213 245 244) fluid (8 12 25) simpleGrading (1 1 1)
    hex (85 86 118 117 213 214 246 245) fluid (4 12 25) simpleGrading (1 1 1)
    hex (86 87 119 118 214 215 247 246) fluid (8 12 25) simpleGrading (1 1 1)
    hex (87 88 120 119 215 216 248 247) fluid (4 12 25) simpleGrading (1 1 1)
    hex (88 89 121 120 216 217 249 248) fluid (8 12 25) simpleGrading (1 1 1)
    hex (89 90 122 121 217 218 250 249) fluid (4 12 25) simpleGrading (1 1 1)
    hex (90 91 123 122 218 219 251 250) fluid (8 12 25) simpleGrading (1 1 1)
    hex (91 92 124 123 219 220 252 251) fluid (4 12 25) simpleGrading (1 1 1)
    hex (92 93 125 124 220 221 253 252) fluid (8 12 25) simpleGrading (1 1 1)
    hex (93 94 126 125 221 222 254 253) fluid (4 12 25) simpleGrading (1 1 1)
    hex (94 95 127 126 222 223 255 254) fluid (4 12 25) simpleGrading (1 1 1)
    hex (128 129 161 160 256 257 289 288) solid (4 4 40) simpleGrading (1 1 1)
    hex (129 130 162 161 257 258 290 289) solid (4 4 40) simpleGrading (1 1 1)
    hex (130 131 163 162 258 259 291 290) solid (8 4 40) simpleGrading (1 1 1)
    hex (131 132 164 163 259 260 292 291) solid (4 4 40) simpleGrading (1 1 1)
    hex (132 133 165 164 260 261 293 292) solid (8 4 40) simpleGrading (1 1 1)
    hex (133 134 166 165 261 262 294 293) solid (4 4 40) simpleGrading (1 1 1)
    hex (134 135 167 166 262 263 295 294) solid (8 4 40) simpleGrading (1 1 1)
    hex (135 136 168 167 263 264 296 295) solid (4 4 40) simpleGrading (1 1 1)
    hex (136 137 169 168 264 265 297 296) solid (8 4 40) simpleGrading (1 1 1)
    hex (137 138 170 169 265 266 298 297) solid (4 4 40) simpleGrading (1 1 1)
    hex (138 139 171 170 266 267 299 298) solid (8 4 40) simpleGrading (1 1 1)
    hex (139 140 172 171 267 268 300 299) solid (4 4 40) simpleGrading (1 1 1)
    hex (140 141 173 172 268 269 301 300) solid (8 4 40) simpleGrading (1 1 1)
    hex (141 142 174 173 269 270 302 301) solid (4 4 40) simpleGrading (1 1 1)
    hex (142 143 175 174 270 271 303 302) solid (8 4 40) simpleGrading (1 1 1)
    hex (143 144 176 175 271 272 304 303) solid (4 4 40) simpleGrading (1 1 1)
    hex (144 145 177 176 272 273 305 304) solid (8 4 40) simpleGrading (1 1 1)
    hex (145 146 178 177 273 274 306 305) solid (4 4 40) simpleGrading (1 1 1)
    hex (146 147 179 178 274 275 307 306) solid (8 4 40) simpleGrading (1 1 1)
    hex (147 148 180 179 275 276 308 307) solid (4 4 40) simpleGrading (1 1 1)
    hex (148 149 181 180 276 277 309 308) solid (8 4 40) simpleGrading (1 1 1)
    hex (149 150 182 181 277 278 310 309) solid (4 4 40) simpleGrading (1 1 1)
    hex (150 151 183 182 278 279 311 310) solid (8 4 40) simpleGrading (1 1 1)
    hex (151 152 184 183 279 280 312 311) solid (4 4 40) simpleGrading (1 1 1)
    hex (152 153 185 184 280 281 313 312) solid (8 4 40) simpleGrading (1 1 1)
    hex (153 154 186 185 281 282 314 313) solid (4 4 40) simpleGrading (1 1 1)
    hex (154 155 187 186 282 283 315 314) solid (8 4 40) simpleGrading (1 1 1)
    hex (155 156 188 187 283 284 316 315) solid (4 4 40) simpleGrading (1 1 1)
    hex (156 157 189 188 284 285 317 316) solid (8 4 40) simpleGrading (1 1 1)
    hex (157 158 190 189 285 286 318 317) solid (4 4 40) simpleGrading (1 1 1)
    hex (158 159 191 190 286 287 319 318) solid (4 4 40) simpleGrading (1 1 1)
    hex (160 161 193 192 288 289 321 320) fluid (4 18 40) simpleGrading (1 1 1)
    hex (161 162 194 193 289 290 322 321) solid (4 18 40) simpleGrading (1 1 1)
    hex (162 163 195 194 290 291 323 322) fluid (8 18 40) simpleGrading (1 1 1)
    hex (163 164 196 195 291 292 324 323) solid (4 18 40) simpleGrading (1 1 1)
    hex (164 165 197 196 292 293 325 324) fluid (8 18 40) simpleGrading (1 1 1)
    hex (165 166 198 197 293 294 326 325) solid (4 18 40) simpleGrading (1 1 1)
    hex (166 167 199 198 294 295 327 326) fluid (8 18 40) simpleGrading (1 1 1)
    hex (167 168 200 199 295 296 328 327) solid (4 18 40) simpleGrading (1 1 1)
    hex (168 169 201 200 296 297 329 328) fluid (8 18 40) simpleGrading (1 1 1)
    hex (169 170 202 201 297 298 330 329) solid (4 18 40) simpleGrading (1 1 1)
    hex (170 171 203 202 298 299 331 330) fluid (8 18 40) simpleGrading (1 1 1)
    hex (171 172 204 203 299 300 332 331) solid (4 18 40) simpleGrading (1 1 1)
    hex (172 173 205 204 300 301 333 332) fluid (8 18 40) simpleGrading (1 1 1)
    hex (173 174 206 205 301 302 334 333) solid (4 18 40) simpleGrading (1 1 1)
    hex (174 175 207 206 302 303 335 334) fluid (8 18 40) simpleGrading (1 1 1)
    hex (175 176 208 207 303 304 336 335) solid (4 18 40) simpleGrading (1 1 1)
    hex (176 177 209 208 304 305 337 336) fluid (8 18 40) simpleGrading (1 1 1)
    hex (177 178 210 209 305 306 338 337) solid (4 18 40) simpleGrading (1 1 1)
    hex (178 179 211 210 306 307 339 338) fluid (8 18 40) simpleGrading (1 1 1)
    hex (179 180 212 211 307 308 340 339) solid (4 18 40) simpleGrading (1 1 1)
    hex (180 181 213 212 308 309 341 340) fluid (8 18 40) simpleGrading (1 1 1)
    hex (181 182 214 213 309 310 342 341) solid (4 18 40) simpleGrading (1 1 1)
    hex (182 183 215 214 310 311 343 342) fluid (8 18 40) simpleGrading (1 1 1)
    hex (183 184 216 215 311 312 344 343) solid (4 18 40) simpleGrading (1 1 1)
    hex (184 185 217 216 312 313 345 344) fluid (8 18 40) simpleGrading (1 1 1)
    hex (185 186 218 217 313 314 346 345) solid (4 18 40) simpleGrading (1 1 1)
    hex (186 187 219 218 314 315 347 346) fluid (8 18 40) simpleGrading (1 1 1)
    hex (187 188 220 219 315 316 348 347) solid (4 18 40) simpleGrading (1 1 1)
    hex (188 189 221 220 316 317 349 348) fluid (8 18 40) simpleGrading (1 1 1)
    hex (189 190 222 221 317 318 350 349) solid (4 18 40) simpleGrading (1 1 1)
    hex (190 191 223 222 318 319 351 350) fluid (4 18 40) simpleGrading (1 1 1)
    hex (192 193 225 224 320 321 353 352) fluid (4 12 40) simpleGrading (1 1 1)
    hex (193 194 226 225 321 322 354 353) fluid (4 12 40) simpleGrading (1 1 1)
    hex (194 195 227 226 322 323 355 354) fluid (8 12 40) simpleGrading (1 1 1)
    hex (195 196 228 227 323 324 356 355) fluid (4 12 40) simpleGrading (1 1 1)
    hex (196 197 229 228 324 325 357 356) fluid (8 12 40) simpleGrading (1 1 1)
    hex (197 198 230 229 325 326 358 357) fluid (4 12 40) simpleGrading (1 1 1)
    hex (198 199 231 230 326 327 359 358) fluid (8 12 40) simpleGrading (1 1 1)
    hex (199 200 232 231 327 328 360 359) fluid (4 12 40) simpleGrading (1 1 1)
    hex (200 201 233 232 328 329 361 360) fluid (8 12 40) simpleGrading (1 1 1)
    hex (201 202 234 233 329 330 362 361) fluid (4 12 40) simpleGrading (1 1 1)
    hex (202 203 235 234 330 331 363 362) fluid (8 12 40) simpleGrading (1 1 1)
    hex (203 204 236 235 331 332 364 363) fluid (4 12 40) simpleGrading (1 1 1)
    hex (204 205 237 236 332 333 365 364) fluid (8 12 40) simpleGrading (1 1 1)
    hex (205 206 238 237 333 334 366 365) fluid (4 12 40) simpleGrading (1 1 1)
    hex (206 207 239 238 334 335 367 366) fluid (8 12 40) simpleGrading (1 1 1)
    hex (207 208 240 239 335 336 368 367) fluid (4 12 40) simpleGrading (1 1 1)
    hex (208 209 241 240 336 337 369 368) fluid (8 12 40) simpleGrading (1 1 1)
    hex (209 210 242 241 337 338 370 369) fluid (4 12 40) simpleGrading (1 1 1)
    hex (210 211 243 242 338 339 371 370) fluid (8 12 40) simpleGrading (1 1 1)
    hex (211 212 244 243 339 340 372 371) fluid (4 12 40) simpleGrading (1 1 1)
    hex (212 213 245 244 340 341 373 372) fluid (8 12 40) simpleGrading (1 1 1)
    hex (213 214 246 245 341 342 374 373) fluid (4 12 40) simpleGrading (1 1 1)
    hex (214 215 247 246 342 343 375 374) fluid (8 12 40) simpleGrading (1 1 1)
    hex (215 216 248 247 343 344 376 375) fluid (4 12 40) simpleGrading (1 1 1)
    hex (216 217 249 248 344 345 377 376) fluid (8 12 40) simpleGrading (1 1 1)
    hex (217 218 250 249 345 346 378 377) fluid (4 12 40) simpleGrading (1 1 1)
    hex (218 219 251 250 346 347 379 378) fluid (8 12 40) simpleGrading (1 1 1)
    hex (219 220 252 251 347 348 380 379) fluid (4 12 40) simpleGrading (1 1 1)
    hex (220 221 253 252 348 349 381 380) fluid (8 12 40) simpleGrading (1 1 1)
    hex (221 222 254 253 349 350 382 381) fluid (4 12 40) simpleGrading (1 1 1)
    hex (222 223 255 254 350 351 383 382) fluid (4 12 40) simpleGrading (1 1 1)
    hex (256 257 289 288 384 385 417 416) fluid (4 4 25) simpleGrading (1 1 1)
    hex (257 258 290 289 385 386 418 417) fluid (4 4 25) simpleGrading (1 1 1)
    hex (258 259 291 290 386 387 419 418) fluid (8 4 25) simpleGrading (1 1 1)
    hex (259 260 292 291 387 388 420 419) fluid (4 4 25) simpleGrading (1 1 1)
    hex (260 261 293 292 388 389 421 420) fluid (8 4 25) simpleGrading (1 1 1)
    hex (261 262 294 293 389 390 422 421) fluid (4 4 25) simpleGrading (1 1 1)
    hex (262 263 295 294 390 391 423 422) fluid (8 4 25) simpleGrading (1 1 1)
    hex (263 264 296 295 391 392 424 423) fluid (4 4 25) simpleGrading (1 1 1)
    hex (264 265 297 296 392 393 425 424) fluid (8 4 25) simpleGrading (1 1 1)
    hex (265 266 298 297 393 394 426 425) fluid (4 4 25) simpleGrading (1 1 1)
    hex (266 267 299 298 394 395 427 426) fluid (8 4 25) simpleGrading (1 1 1)
    hex (267 268 300 299 395 396 428 427) fluid (4 4 25) simpleGrading (1 1 1)
    hex (268 269 301 300 396 397 429 428) fluid (8 4 25) simpleGrading (1 1 1)
    hex (269 270 302 301 397 398 430 429) fluid (4 4 25) simpleGrading (1 1 1)
    hex (270 271 303 302 398 399 431 430) fluid (8 4 25) simpleGrading (1 1 1)
    hex (271 272 304 303 399 400 432 431) fluid (4 4 25) simpleGrading (1 1 1)
    hex (272 273 305 304 400 401 433 432) fluid (8 4 25) simpleGrading (1 1 1)
    hex (273 274 306 305 401 402 434 433) fluid (4 4 25) simpleGrading (1 1 1)
    hex (274 275 307 306 402 403 435 434) fluid (8 4 25) simpleGrading (1 1 1)
    hex (275 276 308 307 403 404 436 435) fluid (4 4 25) simpleGrading (1 1 1)
    hex (276 277 309 308 404 405 437 436) fluid (8 4 25) simpleGrading (1 1 1)
    hex (277 278 310 309 405 406 438 437) fluid (4 4 25) simpleGrading (1 1 1)
    hex (278 279 311 310 406 407 439 438) fluid (8 4 25) simpleGrading (1 1 1)
    hex (279 280 312 311 407 408 440 439) fluid (4 4 25) simpleGrading (1 1 1)
    hex (280 281 313 312 408 409 441 440) fluid (8 4 25) simpleGrading (1 1 1)
    hex (281 282 314 313 409 410 442 441) fluid (4 4 25) simpleGrading (1 1 1)
    hex (282 283 315 314 410 411 443 442) fluid (8 4 25) simpleGrading (1 1 1)
    hex (283 284 316 315 411 412 444 443) fluid (4 4 25) simpleGrading (1 1 1)
    hex (284 285 317 316 412 413 445 444) fluid (8 4 25) simpleGrading (1 1 1)
    hex (285 286 318 317 413 414 446 445) fluid (4 4 25) simpleGrading (1 1 1)
    hex (286 287 319 318 414 415 447 446) fluid (4 4 25) simpleGrading (1 1 1)
    hex (288 289 321 320 416 417 449 448) fluid (4 18 25) simpleGrading (1 1 1)
    hex (289 290 322 321 417 418 450 449) fluid (4 18 25) simpleGrading (1 1 1)
    hex (290 291 323 322 418 419 451 450) fluid (8 18 25) simpleGrading (1 1 1)
    hex (291 292 324 323 419 420 452 451) fluid (4 18 25) simpleGrading (1 1 1)
    hex (292 293 325 324 420 421 453 452) fluid (8 18 25) simpleGrading (1 1 1)
    hex (293 294 326 325 421 422 454 453) fluid (4 18 25) simpleGrading (1 1 1)
    hex (294 295 327 326 422 423 455 454) fluid (8 18 25) simpleGrading (1 1 1)
    hex (295 296 328 327 423 424 456 455) fluid (4 18 25) simpleGrading (1 1 1)
    hex (296 297 329 328 424 425 457 456) fluid (8 18 25) simpleGrading (1 1 1)
    hex (297 298 330 329 425 426 458 457) fluid (4 18 25) simpleGrading (1 1 1)
    hex (298 299 331 330 426 427 459 458) fluid (8 18 25) simpleGrading (1 1 1)
    hex (299 300 332 331 427 428 460 459) fluid (4 18 25) simpleGrading (1 1 1)
    hex (300 301 333 332 428 429 461 460) fluid (8 18 25) simpleGrading (1 1 1)
    hex (301 302 334 333 429 430 462 461) fluid (4 18 25) simpleGrading (1 1 1)
    hex (302 303 335 334 430 431 463 462) fluid (8 18 25) simpleGrading (1 1 1)
    hex (303 304 336 335 431 432 464 463) fluid (4 18 25) simpleGrading (1 1 1)
    hex (304 305 337 336 432 433 465 464) fluid (8 18 25) simpleGrading (1 1 1)
    hex (305 306 338 337 433 434 466 465) fluid (4 18 25) simpleGrading (1 1 1)
    hex (306 307 339 338 434 435 467 466) fluid (8 18 25) simpleGrading (1 1 1)
    hex (307 308 340 339 435 436 468 467) fluid (4 18 25) simpleGrading (1 1 1)
    hex (308 309 341 340 436 437 469 468) fluid (8 18 25) simpleGrading (1 1 1)
    hex (309 310 342 341 437 438 470 469) fluid (4 18 25) simpleGrading (1 1 1)
    hex (310 311 343 342 438 439 471 470) fluid (8 18 25) simpleGrading (1 1 1)
    hex (311 312 344 343 439 440 472 471) fluid (4 18 25) simpleGrading (1 1 1)
    hex (312 313 345 344 440 441 473 472) fluid (8 18 25) simpleGrading (1 1 1)
    hex (313 314 346 345 441 442 474 473) fluid (4 18 25) simpleGrading (1 1 1)
    hex (314 315 347 346 442 443 475 474) fluid (8 18 25) simpleGrading (1 1 1)
    hex (315 316 348 347 443 444 476 475) fluid (4 18 25) simpleGrading (1 1 1)
    hex (316 317 349 348 444 445 477 476) fluid (8 18 25) simpleGrading (1 1 1)
    hex (317 318 350 349 445 446 478 477) fluid (4 18 25) simpleGrading (1 1 1)
    hex (318 319 351 350 446 447 479 478) fluid (4 18 25) simpleGrading (1 1 1)
    hex (320 321 353 352 448 449 481 480) fluid (4 12 25) simpleGrading (1 1 1)
    hex (321 322 354 353 449 450 482 481) fluid (4 12 25) simpleGrading (1 1 1)
    hex (322 323 355 354 450 451 483 482) fluid (8 12 25) simpleGrading (1 1 1)
    hex (323 324 356 355 451 452 484 483) fluid (4 12 25) simpleGrading (1 1 1)
    hex (324 325 357 356 452 453 485 484) fluid (8 12 25) simpleGrading (1 1 1)
    hex (325 326 358 357 453 454 486 485) fluid (4 12 25) simpleGrading (1 1 1)
    hex (326 327 359 358 454 455 487 486) fluid (8 12 25) simpleGrading (1 1 1)
    hex (327 328 360 359 455 456 488 487) fluid (4 12 25) simpleGrading (1 1 1)
    hex (328 329 361 360 456 457 489 488) fluid (8 12 25) simpleGrading (1 1 1)
    hex (329 330 362 361 457 458 490 489) fluid (4 12 25) simpleGrading (1 1 1)
    hex (330 331 363 362 458 459 491 490) fluid (8 12 25) simpleGrading (1 1 1)
    hex (331 332 364 363 459 460 492 491) fluid (4 12 25) simpleGrading (1 1 1)
    hex (332 333 365 364 460 461 493 492) fluid (8 12 25) simpleGrading (1 1 1)
    hex (333 334 366 365 461 462 494 493) fluid (4 12 25) simpleGrading (1 1 1)
    hex (334 335 367 366 462 463 495 494) fluid (8 12 25) simpleGrading (1 1 1)
    hex (335 336 368 367 463 464 496 495) fluid (4 12 25) simpleGrading (1 1 1)
    hex (336 337 369 368 464 465 497 496) fluid (8 12 25) simpleGrading (1 1 1)
    hex (337 338 370 369 465 466 498 497) fluid (4 12 25) simpleGrading (1 1 1)
    hex (338 339 371 370 466 467 499 498) fluid (8 12 25) simpleGrading (1 1 1)
    hex (339 340 372 371 467 468 500 499) fluid (4 12 25) simpleGrading (1 1 1)
    hex (340 341 373 372 468 469 501 500) fluid (8 12 25) simpleGrading (1 1 1)
    hex (341 342 374 373 469 470 502 501) fluid (4 12 25) simpleGrading (1 1 1)
    hex (342 343 375 374 470 471 503 502) fluid (8 12 25) simpleGrading (1 1 1)
    hex (343 344 376 375 471 472 504 503) fluid (4 12 25) simpleGrading (1 1 1)
    hex (344 345 377 376 472 473 505 504) fluid (8 12 25) simpleGrading (1 1 1)
    hex (345 346 378 377 473 474 506 505) fluid (4 12 25) simpleGrading (1 1 1)
    hex (346 347 379 378 474 475 507 506) fluid (8 12 25) simpleGrading (1 1 1)
    hex (347 348 380 379 475 476 508 507) fluid (4 12 25) simpleGrading (1 1 1)
    hex (348 349 381 380 476 477 509 508) fluid (8 12 25) simpleGrading (1 1 1)
    hex (349 350 382 381 477 478 510 509) fluid (4 12 25) simpleGrading (1 1 1)
    hex (350 351 383 382 478 479 511 510) fluid (4 12 25) simpleGrading (1 1 1)
);

edges
(
);

boundary
(
    fan1_half0
    {
        type patch;
        faces
        (
        (0 32 33 1)
        (1 33 34 2)
        (2 34 35 3)
        (3 35 36 4)
        (4 36 37 5)
        (5 37 38 6)
        (6 38 39 7)
        (7 39 40 8)
        (8 40 41 9)
        (9 41 42 10)
        (10 42 43 11)
        (11 43 44 12)
        (12 44 45 13)
        (13 45 46 14)
        (14 46 47 15)
        (15 47 48 16)
        (16 48 49 17)
        (17 49 50 18)
        (18 50 51 19)
        (19 51 52 20)
        (20 52 53 21)
        (21 53 54 22)
        (22 54 55 23)
        (23 55 56 24)
        (24 56 57 25)
        (25 57 58 26)
        (26 58 59 27)
        (27 59 60 28)
        (28 60 61 29)
        (29 61 62 30)
        (30 62 63 31)
        (32 64 65 33)
        (33 65 66 34)
        (34 66 67 35)
        (35 67 68 36)
        (36 68 69 37)
        (37 69 70 38)
        (38 70 71 39)
        (39 71 72 40)
        (40 72 73 41)
        (41 73 74 42)
        (42 74 75 43)
        (43 75 76 44)
        (44 76 77 45)
        (45 77 78 46)
        (46 78 79 47)
        (47 79 80 48)
        (48 80 81 49)
        (49 81 82 50)
        (50 82 83 51)
        (51 83 84 52)
        (52 84 85 53)
        (53 85 86 54)
        (54 86 87 55)
        (55 87 88 56)
        (56 88 89 57)
        (57 89 90 58)
        (58 90 91 59)
        (59 91 92 60)
        (60 92 93 61)
        (61 93 94 62)
        (62 94 95 63)
        (64 96 97 65)
        (65 97 98 66)
        (66 98 99 67)
        (67 99 100 68)
        (68 100 101 69)
        (69 101 102 70)
        (70 102 103 71)
        (71 103 104 72)
        (72 104 105 73)
        (73 105 106 74)
        (74 106 107 75)
        (75 107 108 76)
        (76 108 109 77)
        (77 109 110 78)
        (78 110 111 79)
        (79 111 112 80)
        (80 112 113 81)
        (81 113 114 82)
        (82 114 115 83)
        (83 115 116 84)
        (84 116 117 85)
        (85 117 118 86)
        (86 118 119 87)
        (87 119 120 88)
        (88 120 121 89)
        (89 121 122 90)
        (90 122 123 91)
        (91 123 124 92)
        (92 124 125 93)
        (93 125 126 94)
        (94 126 127 95)
        );
    }
    fan2_half0
    {
        type patch;
        faces
        (
        (384 385 417 416)
        (385 386 418 417)
        (386 387 419 418)
        (387 388 420 419)
        (388 389 421 420)
        (389 390 422 421)
        (390 391 423 422)
        (391 392 424 423)
        (392 393 425 424)
        (393 394 426 425)
        (394 395 427 426)
        (395 396 428 427)
        (396 397 429 428)
        (397 398 430 429)
        (398 399 431 430)
        (399 400 432 431)
        (400 401 433 432)
        (401 402 434 433)
        (402 403 435 434)
        (403 404 436 435)
        (404 405 437 436)
        (405 406 438 437)
        (406 407 439 438)
        (407 408 440 439)
        (408 409 441 440)
        (409 410 442 441)
        (410 411 443 442)
        (411 412 444 443)
        (412 413 445 444)
        (413 414 446 445)
        (414 415 447 446)
        (416 417 449 448)
        (417 418 450 449)
        (418 419 451 450)
        (419 420 452 451)
        (420 421 453 452)
        (421 422 454 453)
        (422 423 455 454)
        (423 424 456 455)
        (424 425 457 456)
        (425 426 458 457)
        (426 427 459 458)
        (427 428 460 459)
        (428 429 461 460)
        (429 430 462 461)
        (430 431 463 462)
        (431 432 464 463)
        (432 433 465 464)
        (433 434 466 465)
        (434 435 467 466)
        (435 436 468 467)
        (436 437 469 468)
        (437 438 470 469)
        (438 439 471 470)
        (439 440 472 471)
        (440 441 473 472)
        (441 442 474 473)
        (442 443 475 474)
        (443 444 476 475)
        (444 445 477 476)
        (445 446 478 477)
        (446 447 479 478)
        (448 449 481 480)
        (449 450 482 481)
        (450 451 483 482)
        (451 452 484 483)
        (452 453 485 484)
        (453 454 486 485)
        (454 455 487 486)
        (455 456 488 487)
        (456 457 489 488)
        (457 458 490 489)
        (458 459 491 490)
        (459 460 492 491)
        (460 461 493 492)
        (461 462 494 493)
        (462 463 495 494)
        (463 464 496 495)
        (464 465 497 496)
        (465 466 498 497)
        (466 467 499 498)
        (467 468 500 499)
        (468 469 501 500)
        (469 470 502 501)
        (470 471 503 502)
        (471 472 504 503)
        (472 473 505 504)
        (473 474 506 505)
        (474 475 507 506)
        (475 476 508 507)
        (476 477 509 508)
        (477 478 510 509)
        (478 479 511 510)
        );
    }
    base_bottom
    {
        type wall;
        faces
        (
        (0 1 129 128)
        (1 2 130 129)
        (2 3 131 130)
        (3 4 132 131)
        (4 5 133 132)
        (5 6 134 133)
        (6 7 135 134)
        (7 8 136 135)
        (8 9 137 136)
        (9 10 138 137)
        (10 11 139 138)
        (11 12 140 139)
        (12 13 141 140)
        (13 14 142 141)
        (14 15 143 142)
        (15 16 144 143)
        (16 17 145 144)
        (17 18 146 145)
        (18 19 147 146)
        (19 20 148 147)
        (20 21 149 148)
        (21 22 150 149)
        (22 23 151 150)
        (23 24 152 151)
        (24 25 153 152)
        (25 26 154 153)
        (26 27 155 154)
        (27 28 156 155)
        (28 29 157 156)
        (29 30 158 157)
        (30 31 159 158)
        (128 129 257 256)
        (129 130 258 257)
        (130 131 259 258)
        (131 132 260 259)
        (132 133 261 260)
        (133 134 262 261)
        (134 135 263 262)
        (135 136 264 263)
        (136 137 265 264)
        (137 138 266 265)
        (138 139 267 266)
        (139 140 268 267)
        (140 141 269 268)
        (141 142 270 269)
        (142 143 271 270)
        (143 144 272 271)
        (144 145 273 272)
        (145 146 274 273)
        (146 147 275 274)
        (147 148 276 275)
        (148 149 277 276)
        (149 150 278 277)
        (150 151 279 278)
        (151 152 280 279)
        (152 153 281 280)
        (153 154 282 281)
        (154 155 283 282)
        (155 156 284 283)
        (156 157 285 284)
        (157 158 286 285)
        (158 159 287 286)
        (256 257 385 384)
        (257 258 386 385)
        (258 259 387 386)
        (259 260 388 387)
        (260 261 389 388)
        (261 262 390 389)
        (262 263 391 390)
        (263 264 392 391)
        (264 265 393 392)
        (265 266 394 393)
        (266 267 395 394)
        (267 268 396 395)
        (268 269 397 396)
        (269 270 398 397)
        (270 271 399 398)
        (271 272 400 399)
        (272 273 401 400)
        (273 274 402 401)
        (274 275 403 402)
        (275 276 404 403)
        (276 277 405 404)
        (277 278 406 405)
        (278 279 407 406)
        (279 280 408 407)
        (280 281 409 408)
        (281 282 410 409)
        (282 283 411 410)
        (283 284 412 411)
        (284 285 413 412)
        (285 286 414 413)
        (286 287 415 414)
        );
    }
    top_wall
    {
        type wall;
        faces
        (
        (96 224 225 97)
        (97 225 226 98)
        (98 226 227 99)
        (99 227 228 100)
        (100 228 229 101)
        (101 229 230 102)
        (102 230 231 103)
        (103 231 232 104)
        (104 232 233 105)
        (105 233 234 106)
        (106 234 235 107)
        (107 235 236 108)
        (108 236 237 109)
        (109 237 238 110)
        (110 238 239 111)
        (111 239 240 112)
        (112 240 241 113)
        (113 241 242 114)
        (114 242 243 115)
        (115 243 244 116)
        (116 244 245 117)
        (117 245 246 118)
        (118 246 247 119)
        (119 247 248 120)
        (120 248 249 121)
        (121 249 250 122)
        (122 250 251 123)
        (123 251 252 124)
        (124 252 253 125)
        (125 253 254 126)
        (126 254 255 127)
        (224 352 353 225)
        (225 353 354 226)
        (226 354 355 227)
        (227 355 356 228)
        (228 356 357 229)
        (229 357 358 230)
        (230 358 359 231)
        (231 359 360 232)
        (232 360 361 233)
        (233 361 362 234)
        (234 362 363 235)
        (235 363 364 236)
        (236 364 365 237)
        (237 365 366 238)
        (238 366 367 239)
        (239 367 368 240)
        (240 368 369 241)
        (241 369 370 242)
        (242 370 371 243)
        (243 371 372 244)
        (244 372 373 245)
        (245 373 374 246)
        (246 374 375 247)
        (247 375 376 248)
        (248 376 377 249)
        (249 377 378 250)
        (250 378 379 251)
        (251 379 380 252)
        (252 380 381 253)
        (253 381 382 254)
        (254 382 383 255)
        (352 480 481 353)
        (353 481 482 354)
        (354 482 483 355)
        (355 483 484 356)
        (356 484 485 357)
        (357 485 486 358)
        (358 486 487 359)
        (359 487 488 360)
        (360 488 489 361)
        (361 489 490 362)
        (362 490 491 363)
        (363 491 492 364)
        (364 492 493 365)
        (365 493 494 366)
        (366 494 495 367)
        (367 495 496 368)
        (368 496 497 369)
        (369 497 498 370)
        (370 498 499 371)
        (371 499 500 372)
        (372 500 501 373)
        (373 501 502 374)
        (374 502 503 375)
        (375 503 504 376)
        (376 504 505 377)
        (377 505 506 378)
        (378 506 507 379)
        (379 507 508 380)
        (380 508 509 381)
        (381 509 510 382)
        (382 510 511 383)
        );
    }
    side_walls
    {
        type wall;
        faces
        (
        (0 128 160 32)
        (31 63 191 159)
        (32 160 192 64)
        (63 95 223 191)
        (64 192 224 96)
        (95 127 255 223)
        (128 256 288 160)
        (159 191 319 287)
        (160 288 320 192)
        (191 223 351 319)
        (192 320 352 224)
        (223 255 383 351)
        (256 384 416 288)
        (287 319 447 415)
        (288 416 448 320)
        (319 351 479 447)
        (320 448 480 352)
        (351 383 511 479)
        );
    }
);

mergePatchPairs
(
);