/*--------------------------------*- C++ -*----------------------------------*\
| =========                 |                                                 |
| \\      /  F ield         | OpenFOAM: The Open Source CFD Toolbox           |
|  \\    /   O peration     | Version:  v2012                                 |
|   \\  /    A nd           | Website:  www.openfoam.com                      |
|    \\/     M anipulation  |                                                 |
\*---------------------------------------------------------------------------*/
FoamFile
{
    version     2.0;
    format      ascii;
    class       volScalarField;
    location    "2000";
    object      T;
}
// * * * * * * * * * * * * * * * * * * * * * * * * * * * * * * * * * * * * * //

dimensions      [0 0 0 1 0 0 0];


internalField   nonuniform List<scalar> 
6250
(
300
300
300
300
300
300
299.99999
299.99999
300.00002
300.00012
300.00006
299.99864
299.993
299.98084
299.96997
299.9979
300.15791
300.62082
301.64002
303.53596
306.67066
311.43442
318.26839
327.74098
340.6939
299.99998
299.99998
299.99998
299.99998
299.99998
299.99998
299.99998
300
300.00004
299.9997
299.99757
299.99209
299.98971
300.02755
300.21082
300.74814
301.95459
304.19813
307.79259
312.8722
319.2972
326.63077
334.20677
341.29307
347.35288
299.99997
299.99997
299.99997
299.99997
299.99997
299.99996
299.99998
299.99999
299.99976
299.9983
299.99526
300.00058
300.06147
300.30518
300.97309
302.40501
304.94846
308.81553
313.95587
320.02275
326.46876
332.73626
338.44611
343.48037
347.91995
299.99996
299.99996
299.99996
299.99996
299.99996
299.99996
299.99997
299.99986
299.99908
299.99766
300.00424
300.06065
300.28404
300.90276
302.2409
304.62261
308.22477
312.96106
318.48085
324.29817
329.97519
335.24592
340.02194
344.31873
348.18213
299.99995
299.99995
299.99995
299.99995
299.99995
299.99996
299.99992
299.99958
299.99887
300.00293
300.04074
300.20272
300.68113
301.76946
303.78288
306.91792
311.13359
316.14225
321.52537
326.89491
331.99481
336.70527
340.99369
344.86894
348.35806
299.99995
299.99995
299.99995
299.99995
299.99995
299.99994
299.99982
299.99945
300.00106
300.02101
300.11948
300.44251
301.2408
302.81926
305.41374
309.06293
313.56861
318.57779
323.72447
328.73334
333.44323
337.78031
341.72442
345.28593
348.49152
299.99994
299.99994
299.99994
299.99994
299.99994
299.9999
299.99973
300.0001
300.00853
300.0595
300.25203
300.78359
301.93388
303.97124
307.02205
310.9936
315.60983
320.52852
325.4524
330.17757
334.58859
338.63442
342.30574
345.61764
348.59768
299.99994
299.99994
299.99993
299.99993
299.99993
299.99986
299.99984
300.00261
300.02482
300.12533
300.44416
301.21681
302.72048
305.15732
308.54736
312.71069
317.34767
322.15025
326.87509
331.36291
335.52702
339.3332
342.78087
345.88865
348.68441
299.99993
299.99993
299.99993
299.99993
299.99991
299.99985
300.00049
300.00842
300.05357
300.22334
300.69533
301.72503
303.56172
306.33086
309.96588
314.23768
318.85
323.53027
328.0754
332.35788
336.31223
339.91681
343.17735
346.11474
348.75676
299.99993
299.99993
299.99992
299.99992
299.99989
299.99996
300.00218
300.01921
300.09799
300.356
301.00069
302.28941
304.42745
307.46623
311.27557
315.60281
320.16604
324.72427
329.10603
333.20818
336.98143
340.41348
343.51457
346.30699
348.81828
299.99992
299.99992
299.99992
299.99991
299.99989
300.00033
300.00556
300.0367
300.16059
300.52361
301.35302
302.89279
305.2967
308.55153
312.48337
316.83137
321.3318
325.77128
330.00401
333.94616
337.56095
340.8431
343.8061
346.47317
348.87146
299.99992
299.99992
299.99991
299.9999
299.99995
300.00118
300.01138
300.06251
300.24299
300.72466
301.74406
303.52063
306.1555
309.5822
313.59825
317.94364
322.3737
326.69919
330.7956
334.59458
338.06918
341.2195
344.0614
346.61867
348.91802
299.99991
299.99991
299.99991
299.9999
300.0001
300.00277
300.02045
300.09804
300.34591
300.95641
302.16561
304.16135
306.99487
310.55748
314.62913
318.95586
323.31176
327.52874
331.50009
335.17007
338.51953
341.55274
344.28734
346.74743
348.95923
299.99991
299.99991
299.9999
299.99992
300.00044
300.00541
300.03359
300.14438
300.4693
301.21544
302.61022
304.80619
307.80948
311.47883
315.58446
319.88148
324.16184
328.27603
332.13232
335.68533
338.92221
341.85051
344.48917
346.86243
348.99603
299.9999
299.9999
299.9999
299.99997
300.00106
300.00947
300.05154
300.20228
300.61249
301.49809
303.07143
305.44867
308.59644
312.34886
316.47203
320.73176
324.93677
328.95382
332.7039
336.15025
339.28514
342.11872
344.67092
346.96598
349.02916
299.9999
299.9999
299.9999
300.00008
300.00208
300.01532
300.075
300.27217
300.77436
301.80068
303.5438
306.08412
309.35438
313.17062
317.29876
321.51611
325.64693
329.57226
333.22399
336.57259
339.61451
342.36201
344.83574
347.05987
349.05921
299.9999
299.99989
299.99991
300.00028
300.00364
300.02335
300.10453
300.35418
300.95352
302.11977
304.02285
306.70921
310.08299
313.94733
318.07078
322.24244
326.3008
330.13955
333.69993
336.95849
339.91522
342.58403
344.98612
347.14554
349.08662
299.99989
299.99989
299.99994
300.00061
300.00591
300.03393
300.14059
300.44821
301.1484
302.4522
304.50497
307.32165
310.78257
314.68216
318.79352
322.91741
326.90542
330.66239
334.13765
337.31296
340.19122
342.78773
345.12406
347.22412
349.11177
299.99989
299.99989
299.99999
300.00113
300.00906
300.04741
300.18351
300.55393
301.35737
302.79512
304.98724
307.91991
311.45388
315.37816
319.47173
323.54672
327.46667
331.14632
334.54205
337.64008
340.44577
342.97553
345.25122
347.29655
349.13495
299.99989
299.9999
300.00009
300.00189
300.01326
300.06412
300.2335
300.67087
301.5788
303.14605
305.46737
308.50303
312.09792
316.03821
320.10963
324.13524
327.9895
331.59596
334.91719
337.94322
340.68152
343.14941
345.36894
347.3636
349.1564
299.99988
299.99991
300.00024
300.00297
300.01871
300.08434
300.29067
300.79844
301.81112
303.50282
305.94356
309.07048
312.71582
316.66497
320.71092
324.68714
328.4781
332.01521
335.26645
338.22521
340.90071
343.31104
345.47835
347.42591
349.17634
299.99988
299.99993
300.00046
300.00443
300.02557
300.1083
300.35504
300.93598
302.05285
303.86358
306.41438
309.62203
313.30881
317.26089
321.27886
325.20606
328.93607
332.40736
335.59272
338.48841
341.10521
343.46179
345.58039
347.48402
349.19494
299.99989
299.99997
300.00078
300.00636
300.03403
300.13621
300.42653
301.08278
302.3026
304.22672
306.87879
310.15769
313.87811
317.82824
321.81636
325.69512
329.36648
332.77523
335.89843
338.73486
341.2966
343.60285
345.67586
347.53839
349.21233
299.99989
300.00003
300.00123
300.00884
300.04425
300.16823
300.505
301.23814
302.5591
304.5909
307.33596
310.67764
314.42496
318.36909
322.32598
326.15709
329.77201
333.12126
336.18567
338.96627
341.47625
343.73523
345.76544
347.58941
349.22866
299.99991
300.00012
300.00184
300.01196
300.05639
300.20445
300.59025
301.4013
302.82119
304.95497
307.78531
311.18215
314.95054
318.88531
322.81002
326.59437
330.15498
333.44754
336.45625
339.18412
341.64532
343.8598
345.84973
347.63741
349.24402
299.99993
300.00025
300.00263
300.01581
300.07058
300.24496
300.68205
301.57157
303.08783
305.31798
308.22643
311.67161
315.45601
319.37864
323.27052
327.00908
330.51741
333.75589
336.71175
339.38972
341.80483
343.97729
345.92923
347.68269
349.25851
299.99996
300.00042
300.00365
300.02047
300.08696
300.28979
300.78011
301.74825
303.35807
305.67912
308.65902
312.14644
315.94244
319.85065
323.7093
327.4031
330.8611
334.04793
336.95352
339.58418
341.95566
344.08838
346.00439
347.72549
349.2722
300.00001
300.00066
300.00494
300.02604
300.10563
300.33893
300.88414
301.93067
303.63107
306.03772
309.08292
312.6071
316.41088
320.30277
324.128
327.77811
331.18762
334.32504
337.18278
339.76849
342.09857
344.19362
346.07559
347.76603
349.28518
300.00009
300.00098
300.00653
300.03259
300.12669
300.39237
300.99384
302.11821
303.90608
306.39325
309.49805
313.05407
316.86231
320.73632
324.5281
328.13559
331.49837
334.58849
337.40057
339.94351
342.23424
344.29352
346.14317
347.80451
349.29749
300.00018
300.00138
300.00847
300.04021
300.15022
300.45004
301.10886
302.31027
304.18245
306.74525
309.9044
313.48785
317.29764
321.1525
324.91093
328.47686
331.79458
334.83936
337.60783
340.11
342.36328
344.38853
346.20744
347.84111
349.3092
300.00032
300.00189
300.0108
300.04897
300.17627
300.51188
301.2289
302.5063
304.45957
307.09337
310.30201
313.90892
317.71775
321.55243
325.2777
328.80314
332.07737
335.07864
337.80541
340.26865
342.48622
344.47903
346.26866
347.87596
349.32035
300.00049
300.00252
300.01357
300.05896
300.20491
300.57779
301.35361
302.70578
304.73693
307.4373
310.69097
314.31777
318.12344
321.9371
325.62949
329.11549
332.34774
335.30721
337.99403
340.42006
342.60353
344.56537
346.32706
347.90922
349.33099
300.00071
300.0033
300.01682
300.07023
300.23615
300.64767
301.48268
302.90823
305.01408
307.77683
311.0714
314.71489
318.51546
322.30744
325.9673
329.41488
332.60657
335.52585
338.17437
340.56478
342.71562
344.64788
346.38286
347.94099
349.34116
300.00099
300.00424
300.02059
300.08285
300.27002
300.72138
301.61579
303.11322
305.29063
308.11178
311.44345
315.10073
318.89454
322.66432
326.29203
329.70219
332.85467
335.73527
338.34702
340.70329
342.82289
344.72683
346.43626
347.9714
349.35089
300.00134
300.00537
300.02494
300.09687
300.30654
300.79881
301.75264
303.32033
305.56622
308.44201
311.80728
315.47574
319.26133
323.00852
326.60451
329.97822
333.09278
335.93612
338.51253
340.83603
342.92568
344.80247
346.48741
348.00052
349.36021
300.00178
300.00671
300.0299
300.11235
300.34568
300.87981
301.89293
303.52919
305.84055
308.76744
312.16307
315.84037
319.61646
323.34077
326.90548
330.2437
333.32156
336.12896
338.67137
340.9634
343.02429
344.87503
346.53649
348.02846
349.36915
300.00231
300.00828
300.03552
300.12932
300.38745
300.96424
302.03637
303.73946
306.11337
309.088
312.51101
316.19504
319.96052
323.66173
327.19565
330.49929
333.5416
336.31433
338.824
341.08575
343.11901
344.94472
346.58362
348.0553
349.37774
300.00294
300.01012
300.04183
300.14784
300.43182
301.05195
302.18269
303.95082
306.38443
309.40366
312.8513
316.54013
320.29404
323.97203
327.47565
330.7456
333.75346
336.4927
338.97082
341.20341
343.21008
345.01172
346.62893
348.08109
349.38599
300.0037
300.01223
300.04889
300.16792
300.47876
301.14281
302.33164
304.163
306.65356
309.71441
313.18413
316.87604
320.61754
324.27224
327.74606
330.98318
333.95765
336.66452
339.11218
341.31668
343.29774
345.07621
346.67254
348.10592
349.39394
300.0046
300.01465
300.05671
300.1896
300.52823
301.23665
302.48296
304.37572
306.92059
310.02025
313.50971
317.20314
320.9315
324.56291
328.00743
331.21253
334.15461
336.83017
339.24843
341.42583
343.38221
345.13835
346.71456
348.12985
349.40159
300.00565
300.0174
300.06536
300.21291
300.58018
301.33332
302.63643
304.58875
307.18537
310.32121
313.82824
317.52177
321.23637
324.84451
328.26024
331.43415
334.34478
336.99002
339.37987
341.53111
343.46367
345.19827
346.75507
348.15292
349.40897
300.00687
300.02052
300.07484
300.23784
300.63457
301.4327
302.79183
304.80188
307.44778
310.61733
314.13992
317.83227
321.53258
325.11752
328.50497
331.64844
334.52854
337.14442
339.50679
341.63275
343.5423
345.25611
346.79418
348.17518
349.4161
300.00828
300.02401
300.08521
300.26442
300.69135
301.53462
302.94894
305.01491
307.70774
310.90864
314.44494
318.13496
321.82051
325.38237
328.74203
331.85582
334.70625
337.29367
339.62944
341.73095
343.61827
345.31199
346.83196
348.19669
349.42298
300.0099
300.02792
300.09648
300.29266
300.75045
301.63894
303.10757
305.22767
307.96515
311.1952
314.74351
318.43015
322.10054
325.63944
328.97183
332.05665
334.87824
337.43805
339.74806
341.82591
343.69172
345.36601
346.86849
348.21749
349.42964
300.01174
300.03226
300.10869
300.32254
300.81181
301.74553
303.26754
305.43999
308.21994
311.47709
315.0358
318.71812
322.37303
325.88913
329.19473
332.25128
335.04482
337.57784
339.86287
341.91781
343.7628
345.41828
346.90384
348.23761
349.43607
300.01383
300.03707
300.12185
300.35409
300.87538
301.85425
303.42868
305.65175
308.47208
311.75436
315.32202
318.99915
322.6383
326.13178
329.41107
332.44002
335.20626
337.71326
339.97407
342.0068
343.83163
345.4689
346.93806
348.25709
349.44231
300.01618
300.04236
300.136
300.38728
300.94108
301.96497
303.59082
305.86279
308.72151
312.02709
315.60233
319.27351
322.89666
326.36771
329.62118
332.62318
335.36284
337.84456
340.08186
342.09305
343.89833
345.51795
346.97122
348.27597
349.44835
300.01882
300.04815
300.15116
300.42211
301.00885
302.07757
303.75381
306.07303
308.9682
312.29536
315.87692
319.54144
323.14841
326.59723
329.82535
332.80102
335.51479
337.97193
340.1864
342.1767
343.96301
345.56551
347.00338
348.29428
349.45421
300.02176
300.05448
300.16733
300.45857
301.07863
302.19191
303.91752
306.28233
309.21214
312.55925
316.14595
319.80319
323.39382
326.82064
330.02386
332.9738
335.66235
338.09558
340.28787
342.25787
344.02577
345.61167
347.03458
348.31204
349.45989
300.02503
300.06137
300.18455
300.49664
301.15033
302.30789
304.08182
306.49063
309.45332
312.81883
316.40961
320.05897
323.63316
327.03819
330.21698
333.14176
335.80573
338.21568
340.38641
342.33669
344.08671
345.65647
347.06487
348.32929
349.46541
300.02864
300.06883
300.20282
300.53631
301.2239
302.42538
304.24657
306.69782
309.69171
313.0742
316.66803
320.30902
323.86666
327.25015
330.40494
333.30513
335.94512
338.33241
340.48216
342.41327
344.14592
345.70001
347.0943
348.34604
349.47077
300.03261
300.07688
300.22215
300.57756
301.29927
302.54429
304.41167
306.90385
309.92734
313.32543
316.92139
320.55354
324.09457
327.45675
330.58798
333.46412
336.0807
338.44593
340.57526
342.48772
344.20348
345.74232
347.12291
348.36233
349.47598
300.03697
300.08556
300.24255
300.62036
301.37637
302.6645
304.57701
307.10864
310.16019
313.57261
317.16984
320.79271
324.3171
327.65821
330.76631
333.61891
336.21267
338.55637
340.66582
342.56014
344.25945
345.78348
347.15074
348.37817
349.48105
300.04173
300.09487
300.26404
300.66469
301.45512
302.78591
304.7425
307.31214
310.39029
313.81582
317.41351
321.02674
324.53447
327.85476
330.94013
333.76971
336.34116
338.66389
340.75397
342.63062
344.31393
345.82353
347.17781
348.39359
349.48598
300.04692
300.10484
300.28661
300.71053
301.53547
302.90844
304.90803
307.5143
310.61765
314.05515
317.65255
321.2558
324.74687
328.04658
331.10963
333.91667
336.46635
338.76861
340.83981
342.69925
344.36698
345.86253
347.20417
348.40859
349.49079
300.05256
300.11549
300.31028
300.75784
301.61735
303.03198
305.07353
307.71507
310.84228
314.29068
317.8871
321.48006
324.95449
328.23387
331.27499
334.05997
336.58836
338.87066
340.92345
342.7661
344.41865
345.90052
347.22985
348.42321
349.49546
300.05865
300.12682
300.33504
300.80661
301.70069
303.15645
305.23892
307.91442
311.06421
314.52249
318.11729
321.69968
325.1575
328.41681
331.43639
334.19976
336.70734
338.97014
341.00497
342.83126
344.46901
345.93754
347.25488
348.43746
349.50002
300.06523
300.13886
300.3609
300.85681
301.78544
303.28177
305.40413
308.11232
311.28346
314.75066
318.34324
321.91483
325.35608
328.59556
331.59398
334.33617
336.82342
339.06717
341.08447
342.8948
344.51811
345.97363
347.27928
348.45135
349.50447
300.0723
300.15162
300.38786
300.9084
301.87151
303.40785
305.56909
308.30873
311.50005
314.97528
318.56508
322.12565
325.55039
328.77029
331.74791
334.46935
336.9367
339.16185
341.16204
342.95679
344.56601
346.00885
347.30308
348.4649
349.5088
300.0799
300.16511
300.41591
300.96135
301.95887
303.53463
305.73373
308.50363
311.71403
315.19641
318.78293
322.33228
325.74058
328.94115
331.89832
334.59943
337.04731
339.25427
341.23774
343.01729
344.61276
346.04321
347.32631
348.47812
349.51303
300.08803
300.17935
300.44506
301.01563
302.04744
303.66203
305.898
308.69701
311.92541
315.41415
318.9969
322.53486
325.92679
329.10827
332.04535
334.72653
337.15535
339.34453
341.31167
343.07635
344.6584
346.07676
347.34899
348.49103
349.51717
300.09671
300.19435
300.47529
301.07122
302.13717
303.78998
306.06184
308.88884
312.13422
315.62857
319.2071
322.73352
326.10916
329.27181
332.18913
334.85075
337.26092
339.43271
341.38387
343.13405
344.70298
346.10952
347.37114
348.50364
349.5212
300.10595
300.21011
300.50661
301.12807
302.228
303.91842
306.22522
309.07912
312.34051
315.83973
319.41363
322.92838
326.28783
329.43188
332.32978
334.97222
337.36411
339.51889
341.45444
343.19042
344.74653
346.14154
347.39278
348.51596
349.52514
300.11578
300.22666
300.539
301.18617
302.31989
304.04729
306.38808
309.26784
312.5443
316.04771
319.61661
323.11958
326.46293
329.58861
332.46741
335.09104
337.46503
339.60314
341.52342
343.24553
344.78911
346.17283
347.41393
348.528
349.529
300.12621
300.24399
300.57246
301.24547
302.41276
304.17652
306.55037
309.45498
312.74563
316.25259
319.81612
323.30721
326.63456
329.74211
332.60212
335.20729
337.56374
339.68554
341.59088
343.29942
344.83074
346.20343
347.43462
348.53978
349.53276
300.13725
300.26212
300.60698
301.30594
302.50658
304.30607
306.71208
309.64055
312.94453
316.45444
320.01226
323.49139
326.80285
329.89251
332.73404
335.32109
337.66033
339.76617
341.65687
343.35213
344.87146
346.23336
347.45485
348.55129
349.53645
300.14891
300.28105
300.64255
301.36756
302.60129
304.43588
306.87315
309.82455
313.14103
316.65331
320.20513
323.67222
326.9679
330.03989
332.86325
335.4325
337.75489
339.84507
341.72145
343.40371
344.91131
346.26265
347.47464
348.56256
349.54005
300.16122
300.30079
300.67916
301.43029
302.69685
304.5659
307.03356
310.00696
313.33518
316.84929
320.39481
323.84981
327.12982
330.18438
332.98984
335.54163
337.84747
339.92233
341.78468
343.4542
344.95031
346.29132
347.49402
348.57359
349.54358
300.17417
300.32134
300.7168
301.4941
302.7932
304.69609
307.19328
310.1878
313.52701
317.04243
320.58139
324.02425
327.28871
330.32605
333.11391
335.64854
337.93816
339.99798
341.84658
343.50364
344.9885
346.31938
347.51299
348.58439
349.54704
300.18779
300.34271
300.75546
301.55896
302.8903
304.82639
307.35229
310.36707
313.71655
317.23279
320.76495
324.19564
327.44466
330.46501
333.23555
335.75331
338.02702
340.0721
341.90723
343.55207
345.02591
346.34687
347.53157
348.59497
349.55042
300.20208
300.36491
300.79513
301.62483
302.98812
304.95678
307.51055
310.54477
313.90383
317.42044
320.94558
324.36406
327.59777
330.60134
333.35482
335.85602
338.1141
340.14472
341.96665
343.59952
345.06256
346.37381
347.54978
348.60533
349.55374
300.21705
300.38793
300.8358
301.6917
303.0866
305.08721
307.66805
310.7209
314.08891
317.60545
321.12334
324.5296
327.74812
330.73513
333.47182
335.95673
338.19947
340.21592
342.02488
343.64602
345.09848
346.4002
347.56762
348.61549
349.55699
300.23272
300.41178
300.87745
301.75951
303.1857
305.21763
307.82477
310.89549
314.2718
317.78785
321.29832
324.69234
327.89579
330.86646
333.58661
336.05551
338.28319
340.28572
342.08198
343.69161
345.13369
346.42608
347.58511
348.62545
349.56017
300.24908
300.43645
300.92006
301.82826
303.28539
305.34803
307.98069
311.06853
314.45255
317.96773
321.47058
324.85237
328.04087
330.99539
333.69926
336.15243
338.36531
340.35418
342.13798
343.73632
345.16822
346.45146
347.60226
348.63521
349.5633
300.26616
300.46196
300.96364
301.8979
303.38563
305.47836
308.1358
311.24003
314.63118
318.14512
321.64019
325.00975
328.18344
331.12201
333.80984
336.24754
338.44589
340.42134
342.19291
343.78017
345.20208
346.47634
347.61908
348.64479
349.56636
300.28395
300.4883
301.00815
301.96841
303.48638
305.60859
308.29008
311.41001
314.80774
318.32009
321.80723
325.16456
328.32356
331.24639
333.91842
336.3409
338.52496
340.48725
342.24681
343.8232
345.23531
346.50076
347.63558
348.65418
349.56937
300.30247
300.51547
301.05359
302.03976
303.58761
305.7387
308.44352
311.57847
314.98226
318.49268
321.97175
325.31688
328.46131
331.3686
334.02506
336.43256
338.60259
340.55194
342.2997
343.86542
345.26792
346.52473
347.65178
348.6634
349.57232
300.32172
300.54347
301.09995
302.11192
303.68928
305.86865
308.59611
311.74543
315.15477
318.66296
322.13382
325.46676
328.59675
331.48869
334.12982
336.52258
338.67881
340.61545
342.35163
343.90688
345.29994
346.54825
347.66768
348.67245
349.57522
300.3417
300.57229
301.1472
302.18486
303.79136
305.99842
308.74784
311.91089
315.32531
318.83096
322.2935
325.61428
328.72996
331.60673
334.23275
336.61101
338.75367
340.67781
342.40263
343.94758
345.33137
346.57135
347.68329
348.68134
349.57806
300.36242
300.60194
301.19534
302.25856
303.89381
306.12798
308.8987
312.07488
315.49391
318.99674
322.45085
325.75949
328.86099
331.72279
334.3339
336.69789
338.82721
340.73907
342.45271
343.98756
345.36224
346.59403
347.69862
348.69007
349.58085
300.38389
300.63241
301.24434
302.333
303.99662
306.25732
309.04868
312.23741
315.6606
319.16034
322.60592
325.90246
328.9899
331.83691
334.43334
336.78328
338.89946
340.79926
342.50191
344.02683
345.39256
346.61631
347.71368
348.69864
349.58359
300.4061
300.66371
301.2942
302.40813
304.09974
306.3864
309.19778
312.39848
315.82541
319.32182
322.75877
326.04325
329.11676
331.94915
334.5311
336.8672
338.97048
340.85841
342.55026
344.06541
345.42236
346.63821
347.72848
348.70706
349.58629
300.42907
300.69581
301.3449
302.48395
304.20316
306.51522
309.34599
312.55812
315.98837
319.48121
322.90946
326.18191
329.24161
332.05957
334.62724
336.94972
339.04029
340.91654
342.59778
344.10334
345.45164
346.65973
347.74302
348.71534
349.58894
300.45279
300.72873
301.39642
302.56043
304.30684
306.64375
309.49332
312.71633
316.14953
319.63856
323.05803
326.3185
329.36451
332.16821
334.72181
337.03087
339.10892
340.9737
342.6445
344.14062
345.48043
346.68088
347.75732
348.72348
349.59154
300.47727
300.76246
301.44875
302.63753
304.41076
306.77196
309.63975
312.87313
316.30889
319.79391
323.20454
326.45307
329.48552
332.27513
334.81484
337.11068
339.17642
341.0299
342.69043
344.17727
345.50873
346.70167
347.77137
348.73148
349.5941
300.5025
300.79699
301.50188
302.71525
304.5149
306.89986
309.78528
313.02854
316.46651
319.94731
323.34902
326.58567
329.60468
332.38036
334.90638
337.18919
339.24282
341.08518
342.7356
344.21332
345.53656
346.72212
347.78519
348.73935
349.59662
300.5285
300.83232
301.55578
302.79355
304.61922
307.02741
309.92992
313.18258
316.6224
320.09879
323.49154
326.71634
329.72205
332.48397
334.99648
337.26645
339.30814
341.13955
342.78004
344.24878
345.56394
346.74224
347.79879
348.74708
349.5991
300.55525
300.86844
301.61044
302.87241
304.72372
307.15461
310.07366
313.33524
316.7766
320.2484
323.63213
326.84515
329.83766
332.58598
335.08516
337.34248
339.37241
341.19306
342.82376
344.28366
345.59087
346.76203
347.81216
348.7547
349.60153
300.58276
300.90534
301.66585
302.95181
304.82836
307.28145
310.2165
313.48656
316.92913
320.39616
323.77084
326.97213
329.95156
332.68644
335.17247
337.41732
339.43567
341.24571
342.86678
344.31799
345.61737
346.7815
347.82532
348.76219
349.60393
300.61102
300.94303
301.72199
303.03173
304.93313
307.4079
310.35845
313.63655
317.08002
320.54213
323.90771
327.09732
330.0638
332.78539
335.25845
337.491
339.49794
341.29753
342.90912
344.35177
345.64346
346.80066
347.83827
348.76956
349.60629
300.64005
300.98149
301.77885
303.11215
305.038
307.53396
310.49949
313.78522
317.2293
320.68633
324.04278
327.22077
330.17441
332.88288
335.34312
337.56355
339.55925
341.34855
342.9508
344.38503
345.66913
346.81953
347.85102
348.77682
349.60861
300.66983
301.02071
301.83642
303.19305
305.14297
307.65961
310.63965
313.93258
317.377
320.8288
324.17609
327.34252
330.28344
332.97893
335.42653
337.635
339.61962
341.39879
342.99184
344.41777
345.69441
346.8381
347.86358
348.78396
349.6109
300.70036
301.06069
301.89467
303.27441
305.248
307.78485
310.77891
314.07866
317.52315
320.96958
324.30768
327.46262
330.39093
333.07358
335.5087
337.70539
339.67909
341.44826
343.03226
344.45002
345.7193
346.85639
347.87594
348.791
349.61315
300.73165
301.10143
301.95359
303.35621
305.35308
307.90967
310.91728
314.22346
317.66776
321.1087
324.4376
327.58109
330.49691
333.16688
335.58967
337.77472
339.73766
341.49699
343.07207
344.48177
345.74382
346.8744
347.88811
348.79793
349.61537
300.76368
301.14291
302.01317
303.43843
305.45819
308.03406
311.05476
314.36701
317.81086
321.24619
324.56586
327.69798
330.60142
333.25884
335.66946
337.84305
339.79536
341.545
343.11128
344.51305
345.76797
346.89214
347.9001
348.80475
349.61755
300.79646
301.18512
302.0734
303.52105
305.56333
308.158
311.19136
314.50931
317.95249
321.38208
324.69252
327.81332
330.7045
333.34951
335.74811
337.91038
339.85223
341.5923
343.14992
344.54388
345.79176
346.90962
347.91191
348.81148
349.6197
300.82998
301.22807
302.13426
303.60405
305.66846
308.2815
311.32708
314.65039
318.09266
321.51641
324.8176
327.92715
330.80617
333.43892
335.82565
337.97674
339.90827
341.63891
343.18799
344.57425
345.8152
346.92685
347.92355
348.8181
349.62182
300.86424
301.27173
302.19573
303.68743
305.77359
308.40454
311.46192
314.79026
318.2314
321.64921
324.94114
328.0395
330.90648
333.52709
335.9021
338.04217
339.96351
341.68485
343.22551
344.60418
345.83831
346.94382
347.93502
348.82463
349.62391
300.89924
301.31611
302.25781
303.77116
305.87869
308.52712
311.59589
314.92892
318.36874
321.78049
325.06317
328.1504
331.00545
333.61406
335.97749
338.10667
340.01796
341.73014
343.2625
344.63368
345.86108
346.96056
347.94633
348.83107
349.62597
300.93496
301.36119
302.32048
303.85522
305.98375
308.64924
311.72899
315.06641
318.50468
321.9103
325.18373
328.2599
331.10311
333.69985
336.05184
338.17028
340.07166
341.7748
343.29896
344.66277
345.88353
346.97705
347.95748
348.83742
349.628
300.97142
301.40697
302.38372
303.9396
306.08876
308.77088
311.86123
315.20273
318.63927
322.03867
325.30283
328.36801
331.1995
333.7845
336.12517
338.23301
340.12461
341.81883
343.33492
344.69145
345.90567
346.99331
347.96847
348.84367
349.63
301.00859
301.45344
302.44752
304.02428
306.1937
308.89204
311.99261
315.3379
318.77252
322.16561
325.42052
328.47476
331.29464
333.86802
336.19752
338.29489
340.17683
341.86225
343.37038
344.71973
345.9275
347.00935
347.97931
348.84984
349.63198
301.04648
301.50058
302.51187
304.10926
306.29857
309.01273
312.12314
315.47193
318.90445
322.29115
325.53682
328.5802
331.38855
333.95044
336.26891
338.35593
340.22835
341.90508
343.40535
344.74762
345.94903
347.02517
347.99
348.85593
349.63392
301.08508
301.5484
302.57675
304.19451
306.40335
309.13293
312.25282
315.60483
319.03508
322.41533
325.65176
328.68434
331.48128
334.0318
336.33935
338.41616
340.27917
341.94733
343.43985
344.77514
345.97027
347.04077
348.00054
348.86193
349.63584
301.12439
301.59687
302.64216
304.28002
306.50803
309.25264
312.38166
315.73662
319.16444
322.53817
325.76536
328.78721
331.57284
334.11211
336.40887
338.47559
340.32931
341.98902
343.47389
344.80228
345.99122
347.05617
348.01094
348.86785
349.63774
301.16439
301.646
302.70807
304.36578
306.61261
309.37186
312.50967
315.86732
319.29254
322.65968
325.87766
328.88884
331.66326
334.19139
336.47749
338.53424
340.3788
342.03016
343.50747
344.82907
346.0119
347.07135
348.02121
348.87369
349.63961
301.20509
301.69577
302.77449
304.45177
306.71707
309.49059
312.63684
315.99694
319.41941
322.77991
325.98868
328.98926
331.75256
334.26967
336.54523
338.59214
340.42764
342.07075
343.54062
344.8555
346.0323
347.08634
348.03134
348.87946
349.64145
301.24648
301.74618
302.84139
304.53798
306.8214
309.60882
312.76319
316.12549
319.54507
322.89886
326.09844
329.08849
331.84077
334.34697
336.61212
338.64929
340.47584
342.11082
343.57333
344.88158
346.05243
347.10113
348.04133
348.88515
349.64327
301.28855
301.79721
302.90876
304.6244
306.92559
309.72655
312.88872
316.25298
319.66953
323.01656
326.20697
329.18655
331.92791
334.42332
336.67815
338.70571
340.52343
342.15037
343.60562
344.90733
346.07231
347.11573
348.0512
348.89076
349.64507
301.33129
301.84886
302.97659
304.71102
307.02965
309.84378
313.01345
316.37944
319.79281
323.13304
326.3143
329.28347
332.014
334.49872
336.74337
338.76143
340.57042
342.18942
343.6375
344.93276
346.09193
347.13015
348.06094
348.89631
349.64685
301.3747
301.90112
303.04487
304.79782
307.13354
309.96051
313.13736
316.50486
319.91494
323.24831
326.42044
329.37927
332.09907
334.57321
336.80778
338.81644
340.61682
342.22798
343.66897
344.95785
346.1113
347.14438
348.07056
348.90178
349.6486
301.41877
301.95397
303.11359
304.8848
307.23728
310.07673
313.26048
316.62928
320.03592
323.3624
326.52542
329.47398
332.18313
334.6468
336.8714
338.87078
340.66264
342.26606
343.70005
344.98264
346.13043
347.15843
348.08005
348.90719
349.65033
301.4635
302.00741
303.18274
304.97194
307.34086
310.19246
313.3828
316.75269
320.15579
323.47534
326.62926
329.56761
332.26621
334.71951
336.93425
338.92446
340.70789
342.30366
343.73075
345.00711
346.14932
347.1723
348.08943
348.91253
349.65203
301.50887
302.06143
303.2523
305.05923
307.44425
310.30768
313.50434
316.87511
320.27455
323.58713
326.73198
329.66019
332.34833
334.79137
336.99635
338.97748
340.75259
342.34081
343.76106
345.03129
346.16797
347.18601
348.09869
348.9178
349.65372
301.55489
302.11603
303.32226
305.14666
307.54747
310.42239
313.6251
316.99656
320.39223
323.6978
326.83361
329.75174
332.4295
334.86237
337.0577
339.02986
340.79675
342.3775
343.79101
345.05517
346.1864
347.19955
348.10784
348.92301
349.65539
301.60154
302.17118
303.39262
305.23422
307.6505
310.5366
313.74508
317.11704
320.50884
323.80736
326.93416
329.84227
332.50975
334.93255
337.11834
339.08163
340.84039
342.41375
343.8206
345.07876
346.20461
347.21292
348.11688
348.92815
349.65703
301.64881
302.22689
303.46336
305.32191
307.75334
310.65031
313.8643
317.23657
320.62439
323.91585
327.03365
329.93181
332.58909
335.00193
337.17826
339.13278
340.8835
342.44957
343.84983
345.10207
346.2226
347.22614
348.12581
348.93323
349.65866
301.6967
302.28314
303.53447
305.4097
307.85598
310.76351
313.98276
317.35516
320.73891
324.02327
327.13211
330.02038
332.66755
335.07051
337.23749
339.18333
340.92611
342.48496
343.87872
345.1251
346.24037
347.23919
348.13463
348.93826
349.66027
301.7452
302.33993
303.60594
305.4976
307.95842
310.8762
314.10047
317.47283
320.8524
324.12964
327.22954
330.10799
332.74513
335.13831
337.29604
339.23329
340.96822
342.51994
343.90726
345.14786
346.25794
347.2521
348.14335
348.94322
349.66186
301.7943
302.39724
303.67777
305.58559
308.06065
310.9884
314.21743
317.58958
320.96489
324.23499
327.32598
330.19467
332.82186
335.20535
337.35392
339.28269
341.00984
342.55452
343.93548
345.17035
346.2753
347.26485
348.15197
348.94812
349.66342
301.844
302.45507
303.74994
305.67367
308.16266
311.10009
314.33365
317.70543
321.07639
324.33933
327.42144
330.28043
332.89775
335.27165
337.41115
339.33152
341.05098
342.58869
343.96337
345.19259
346.29245
347.27745
348.16049
348.95297
349.66498
301.89429
302.51341
303.82244
305.76183
308.26446
311.21128
314.44913
317.82039
321.18692
324.44267
327.51593
330.36528
332.97282
335.33721
337.46774
339.37979
341.09166
342.62248
343.99094
345.21457
346.30942
347.28991
348.16891
348.95777
349.66651
301.94516
302.57224
303.89526
305.85005
308.36604
311.32197
314.56389
317.93446
321.29648
324.54503
327.60947
330.44925
333.04708
335.40206
337.5237
339.42753
341.13188
342.65588
344.0182
345.2363
346.32619
347.30223
348.17723
348.9625
349.66803
301.9966
302.63157
303.96839
305.93834
308.46738
311.43216
314.67793
318.04767
321.4051
324.64644
327.70209
330.53235
333.12056
335.4662
337.57905
339.47474
341.17165
342.68891
344.04515
345.25779
346.34277
347.31441
348.18546
348.96719
349.66953
302.04861
302.69138
304.04183
306.02668
308.5685
311.54185
314.79126
318.16002
321.51279
324.74689
327.79379
330.61459
333.19325
335.52965
337.63379
339.52143
341.21098
342.72158
344.0718
345.27903
346.35916
347.32645
348.1936
348.97182
349.67101
302.10117
302.75166
304.11557
306.11506
308.66939
311.65104
314.90387
318.27152
321.61956
324.84642
327.88459
330.696
333.26519
335.59243
337.68794
339.5676
341.24988
342.75388
344.09815
345.30005
346.37538
347.33837
348.20165
348.9764
349.67247
302.15428
302.81241
304.18959
306.20349
308.77004
311.75974
315.01579
318.38218
321.72542
324.94504
327.9745
330.77658
333.33638
335.65453
337.74151
339.61328
341.28836
342.78583
344.12422
345.32083
346.39142
347.35015
348.20961
348.98093
349.67392
302.20793
302.87361
304.26389
306.29194
308.87045
311.86795
315.12702
318.49202
321.8304
325.04275
328.06355
330.85636
333.40683
335.71599
337.79451
339.65847
341.32642
342.81743
344.15001
345.34138
346.40728
347.3618
348.21748
348.98542
349.67536
302.26212
302.93526
304.33845
306.38042
308.97061
311.97567
315.23756
318.60105
321.93449
325.13958
328.15175
330.93534
333.47657
335.77681
337.84695
339.70318
341.36407
342.8487
344.17552
345.36172
346.42297
347.37332
348.22527
348.98985
349.67678
302.31683
302.99734
304.41328
306.46892
309.07053
312.08289
315.34741
318.70927
322.03773
325.23553
328.23911
331.01354
333.54559
335.837
337.89884
339.74742
341.40132
342.87963
344.20075
345.38183
346.43849
347.38472
348.23298
348.99423
349.67818
302.37206
303.05986
304.48836
306.55743
309.1702
312.18963
315.4566
318.81669
322.1401
325.33063
328.32564
331.09097
333.61392
335.89657
337.9502
339.79119
341.43818
342.91024
344.22572
345.40174
346.45385
347.39601
348.2406
348.99857
349.67957
302.42779
303.1228
304.56368
306.64595
309.26962
312.29588
315.56511
318.92333
322.24164
325.42488
328.41137
331.16765
333.68157
335.95554
338.00102
339.83451
341.47466
342.94052
344.25042
345.42143
346.46905
347.40717
348.24814
349.00287
349.68094
302.48404
303.18616
304.63925
306.73447
309.36879
312.40165
315.67297
319.02919
322.34235
325.51831
328.49629
331.24359
333.74855
336.01391
338.05133
339.87738
341.51076
342.97049
344.27487
345.44092
346.48408
347.41821
348.25561
349.00712
349.6823
302.54077
303.24992
304.71504
306.82298
309.4677
312.50694
315.78017
319.13429
322.44225
325.61091
328.58043
331.31881
333.81487
336.07169
338.10112
339.91981
341.54649
343.00015
344.29907
345.46021
346.49897
347.42914
348.26299
349.01132
349.68365
302.59799
303.31408
304.79105
306.91149
309.56635
312.61175
315.88672
319.23863
322.54134
325.70271
328.66381
331.39331
333.88055
336.12891
338.15042
339.96182
341.58185
343.02951
344.32302
345.47929
346.51369
347.43996
348.2703
349.01548
349.68498
302.65569
303.37863
304.86727
306.99997
309.66475
312.71608
315.99263
319.34223
322.63963
325.79372
328.74642
331.4671
333.94559
336.18556
338.19922
340.0034
341.61686
343.05856
344.34672
345.49819
346.52827
347.45067
348.27754
349.0196
349.6863
302.71386
303.44356
304.9437
307.08844
309.76288
312.81994
316.0979
319.44509
322.73715
325.88395
328.82828
331.5402
334.01
336.24165
338.24754
340.04457
341.65151
343.08733
344.37019
345.51689
346.54271
347.46127
348.2847
349.02368
349.6876
302.7725
303.50886
305.02033
307.17688
309.86075
312.92332
316.20254
319.54722
322.83389
325.97341
328.90942
331.61263
334.0738
336.29721
338.29539
340.08533
341.68582
343.11581
344.39342
345.53541
346.55699
347.47177
348.29179
349.02771
349.68889
302.83159
303.57453
305.09715
307.26528
309.95835
313.02624
316.30656
319.64863
322.92988
326.06211
328.98983
331.68438
334.137
336.35222
338.34277
340.12569
341.71979
343.14401
344.41642
345.55374
346.57114
347.48216
348.29881
349.03171
349.69017
302.89112
303.64056
305.17416
307.35365
310.05569
313.12869
316.40996
319.74933
323.02511
326.15007
329.06952
331.75548
334.1996
336.40671
338.38969
340.16565
341.75343
343.17193
344.43919
345.57189
346.58514
347.49244
348.30577
349.03567
349.69144
302.9511
303.70695
305.25135
307.44198
310.15277
313.23067
316.51275
319.84933
323.11961
326.23729
329.14852
331.82594
334.26162
336.46069
338.43616
340.20524
341.78674
343.19958
344.46174
345.58987
346.59901
347.50263
348.31265
349.03959
349.69269
303.01151
303.77367
305.3287
307.53027
310.24957
313.33219
316.61494
319.94863
323.21338
326.32379
329.22683
331.89575
334.32307
336.51416
338.48219
340.24444
341.81973
343.22696
344.48407
345.60766
346.61274
347.51272
348.31947
349.04347
349.69393
303.07235
303.84073
305.40623
307.6185
310.34611
313.43326
316.71652
320.04725
323.30643
326.40958
329.30446
331.96494
334.38395
336.56713
338.52779
340.28326
341.85241
343.25407
344.50619
345.62529
346.62634
347.52271
348.32622
349.04731
349.69516
303.1336
303.90812
305.48391
307.70668
310.44238
313.53386
316.81751
320.1452
323.39877
326.49467
329.38143
332.03352
334.44427
336.6196
338.57296
340.32172
341.88477
343.28093
344.52809
345.64275
346.63982
347.5326
348.3329
349.05111
349.69638
303.19526
303.97584
305.56174
307.79481
310.53837
313.63402
316.91791
320.24248
323.49041
326.57906
329.45774
332.10149
334.50405
336.6716
338.61771
340.35982
341.91683
343.30754
344.54979
345.66004
346.65316
347.5424
348.33952
349.05488
349.69759
303.25733
304.04386
305.63972
307.88287
310.6341
313.73372
317.01773
320.3391
323.58136
326.66277
329.5334
332.16886
334.5633
336.72312
338.66204
340.39757
341.94859
343.33389
344.57129
345.67718
346.66638
347.55211
348.34608
349.05862
349.69878
303.31979
304.1122
305.71785
307.97087
310.72955
313.83297
317.11698
320.43506
323.67164
326.74582
329.60842
332.23564
334.62201
336.77417
338.70597
340.43497
341.98006
343.36
344.59258
345.69415
346.67947
347.56173
348.35258
349.06232
349.69996
303.38265
304.18083
305.7961
308.0588
310.82473
313.93178
317.21565
320.53038
323.76124
326.8282
329.68282
332.30185
334.68021
336.82476
338.7495
340.47202
342.01123
343.38587
344.61368
345.71096
346.69244
347.57125
348.35902
349.06598
349.70114
303.44588
304.24976
305.87449
308.14665
310.91964
314.03014
317.31376
320.62507
323.85018
326.90992
329.7566
332.36749
334.73789
336.8749
338.79263
340.50874
342.04212
343.4115
344.63458
345.72762
346.70529
347.58069
348.3654
349.06961
349.7023
303.50948
304.31898
305.953
308.23443
311.01427
314.12807
317.4113
320.71913
323.93846
326.99101
329.82977
332.43257
334.79507
336.9246
338.83538
340.54512
342.07273
343.4369
344.65529
345.74412
346.71803
347.59005
348.37172
349.07321
349.70345
303.57346
304.38847
306.03163
308.32213
311.10863
314.22555
317.5083
320.81256
324.02611
327.07146
329.90234
332.4971
334.85176
336.97386
338.87775
340.58118
342.10306
343.46207
344.67581
345.76048
346.73065
347.59932
348.37798
349.07677
349.70459
303.63779
304.45824
306.11037
308.40975
311.20272
314.32261
317.60474
320.90539
324.11311
327.15129
329.97432
332.56109
334.90796
337.02269
338.91974
340.61692
342.13313
343.48701
344.69615
345.77669
346.74315
347.6085
348.38419
349.08031
349.70572
303.70248
304.52828
306.18921
308.49729
311.29653
314.41923
317.70064
320.9976
324.19949
327.2305
330.04572
332.62454
334.96368
337.07109
338.96137
340.65234
342.16292
343.51173
344.71631
345.79275
346.75555
347.6176
348.39034
349.08381
349.70684
303.76751
304.59858
306.26816
308.58473
311.39007
314.51542
317.79601
321.08922
324.28525
327.30911
330.11655
332.68747
335.01892
337.11908
339.00263
340.68745
342.19245
343.53623
344.73629
345.80867
346.76783
347.62663
348.39644
349.08728
349.70795
303.83288
304.66913
306.34721
308.67209
311.48333
314.61119
317.89084
321.18024
324.3704
327.38711
330.18681
332.74988
335.0737
337.16666
339.04353
340.72225
342.22173
343.56052
344.75609
345.82445
346.78001
347.63557
348.40248
349.09072
349.70905
303.89858
304.73993
306.42634
308.75935
311.57632
314.70653
317.98514
321.27068
324.45495
327.46453
330.25651
332.81177
335.12802
337.21383
339.08409
340.75676
342.25075
343.58459
344.77572
345.8401
346.79207
347.64443
348.40847
349.09413
349.71014
303.96461
304.81097
306.50557
308.84651
311.66903
314.80145
318.07893
321.36054
324.5389
327.54136
330.32567
332.87317
335.18189
337.26061
339.1243
340.79097
342.27951
343.60846
344.79518
345.8556
346.80404
347.65322
348.41441
349.09751
349.71122
304.03096
304.88225
306.58488
308.93357
311.76147
314.89595
318.17219
321.44983
324.62227
327.61762
330.39428
332.93407
335.23532
337.30699
339.16417
340.82488
342.30804
343.63212
344.81448
345.87098
346.8159
347.66193
348.42029
349.10086
349.7123
304.09762
304.95375
306.66426
309.02053
311.85364
314.99004
318.26494
321.53856
324.70505
327.69332
330.46237
332.99448
335.28831
337.35299
339.2037
340.85851
342.33632
343.65558
344.8336
345.88622
346.82766
347.67057
348.42613
349.10418
349.71336
304.16459
305.02548
306.74372
309.10739
311.94553
315.08372
318.35719
321.62672
324.78726
327.76845
330.52992
333.05441
335.34086
337.3986
339.2429
340.89186
342.36436
343.67884
344.85257
345.90133
346.83932
347.67913
348.43191
349.10747
349.71441
304.23185
305.09743
306.82324
309.19414
312.03715
315.17699
318.44893
321.71434
324.86891
327.84304
330.59696
333.11387
335.393
337.44385
339.28178
340.92492
342.39216
343.7019
344.87137
345.91632
346.85088
347.68762
348.43765
349.11074
349.71546
304.29941
305.16958
306.90283
309.28079
312.12849
315.26985
318.54018
321.8014
324.95
327.91708
330.66349
333.17286
335.44471
337.48872
339.32034
340.95772
342.41974
343.72477
344.89002
345.93118
346.86234
347.69604
348.44334
349.11398
349.71649
304.36726
305.24195
306.98248
309.36732
312.21956
315.36231
318.63093
321.88793
325.03054
327.99059
330.72952
333.23139
335.49601
337.53323
339.35858
340.99024
342.44708
343.74745
344.90851
345.94591
346.87371
347.70439
348.44898
349.11719
349.71752
304.43539
305.31451
307.06218
309.45373
312.31036
315.45437
318.7212
321.97393
325.11053
328.06356
330.79505
333.28946
335.54691
337.57739
339.39651
341.0225
342.4742
343.76995
344.92685
345.96053
346.88498
347.71267
348.45458
349.12037
349.71854
304.50379
305.38727
307.14194
309.54004
312.40089
315.54603
318.81098
322.0594
325.18999
328.13602
330.86009
333.34709
335.5974
337.62119
339.43414
341.05449
342.5011
343.79226
344.94504
345.97502
346.89616
347.72088
348.46013
349.12353
349.71955
304.57246
305.46022
307.22174
309.62622
312.49114
315.63729
318.90029
322.14435
325.26891
328.20796
330.92464
333.40428
335.6475
337.66464
339.47146
341.08623
342.52779
343.81439
344.96308
345.9894
346.90725
347.72903
348.46563
349.12666
349.72055
304.64139
305.53335
307.30159
309.71229
312.58112
315.72816
318.98912
322.22878
325.34732
328.27939
330.98873
333.46103
335.69721
337.70775
339.50849
341.11771
342.55425
343.83634
344.98098
346.00366
346.91826
347.73711
348.47109
349.12977
349.72155
304.71057
305.60666
307.38147
309.79823
312.67084
315.81864
319.07749
322.31271
325.4252
328.35032
331.05234
333.51736
335.74654
337.75053
339.54523
341.14895
342.58051
343.85811
344.99873
346.0178
346.92917
347.74512
348.47651
349.13285
349.72253
304.78001
305.68015
307.46139
309.88406
312.76028
315.90874
319.16539
322.39613
325.50258
328.42076
331.11549
333.57326
335.79549
337.79297
339.58167
341.17993
342.60656
343.87972
345.01634
346.03183
346.93999
347.75307
348.48188
349.13591
349.72351
304.84969
305.7538
307.54134
309.96975
312.84945
315.99845
319.25283
322.47905
325.57945
328.49071
331.17818
333.62874
335.84407
337.83508
339.61783
341.21067
342.6324
343.90115
345.03381
346.04575
346.95073
347.76096
348.48721
349.13894
349.72448
304.91962
305.82762
307.62132
310.05533
312.93836
316.08778
319.33981
322.56148
325.65582
328.56018
331.24042
333.68382
335.89228
337.87687
339.65372
341.24118
342.65804
343.92241
345.05115
346.05956
346.96138
347.76878
348.49249
349.14195
349.72545
304.98977
305.90159
307.70132
310.14077
313.02699
316.17673
319.42634
322.64342
325.7317
328.62917
331.30222
333.73849
335.94013
337.91835
339.68932
341.27144
342.68348
343.94351
345.06834
346.07327
346.97196
347.77655
348.49774
349.14494
349.7264
305.06015
305.97572
307.78135
310.22608
313.11536
316.26531
319.51243
322.72489
325.80709
328.69769
331.36358
333.79276
335.98762
337.9595
339.72466
341.30148
342.70872
343.96444
345.08541
346.08686
346.98244
347.78425
348.50294
349.1479
349.72735
305.13075
306.04999
307.86139
310.31127
313.20346
316.35351
319.59807
322.80587
325.88201
328.76575
331.4245
333.84663
336.03476
338.00035
339.75972
341.33128
342.73377
343.98521
345.10234
346.10035
346.99285
347.79189
348.50811
349.15084
349.72829
305.20157
306.12441
307.94145
310.39632
313.29129
316.44134
319.68328
322.88639
325.95644
328.83335
331.485
333.90012
336.08155
338.0409
339.79453
341.36086
342.75863
344.00582
345.11914
346.11374
347.00318
347.79948
348.51323
349.15376
349.72922
305.2726
306.19896
308.02151
310.48124
313.37886
316.52881
319.76805
322.96644
326.03041
328.90049
331.54508
333.95322
336.128
338.08114
339.82907
341.39021
342.7833
344.02628
345.13582
346.12703
347.01343
347.80701
348.51832
349.15666
349.73015
305.34384
306.27365
308.10158
310.56602
313.46617
316.61591
319.8524
323.04603
326.10392
328.9672
331.60474
334.00595
336.17412
338.12109
339.86335
341.41935
342.80778
344.04658
345.15237
346.14021
347.0236
347.81448
348.52337
349.15953
349.73107
305.41528
306.34847
308.18166
310.65067
313.55321
316.70264
319.93631
323.12516
326.17697
329.03346
331.66399
334.0583
336.21989
338.16074
339.89738
341.44827
342.83208
344.06673
345.16879
346.1533
347.03369
347.82189
348.52838
349.16238
349.73198
305.48691
306.42342
308.26174
310.73518
313.63998
316.78902
320.01981
323.20384
326.24956
329.09928
331.72283
334.11028
336.26535
338.20011
339.93116
341.47697
342.8562
344.08673
345.18509
346.16629
347.04371
347.82925
348.53335
349.16521
349.73289
305.55873
306.49848
308.34182
310.81955
313.7265
316.87504
320.10288
323.28208
326.32171
329.16468
331.78128
334.1619
336.31047
338.23919
339.96469
341.50546
342.88015
344.10658
345.20127
346.17918
347.05366
347.83655
348.53829
349.16802
349.73379
305.63073
306.57366
308.42189
310.90378
313.81275
316.9607
320.18555
323.35988
326.39342
329.22965
331.83933
334.21316
336.35528
338.27799
339.99798
341.53375
342.90391
344.12629
345.21733
346.19197
347.06353
347.8438
348.54318
349.17081
349.73468
305.70292
306.64895
308.50195
310.98787
313.89874
317.04601
320.2678
323.43724
326.46469
329.29421
331.89699
334.26407
336.39977
338.31651
340.03103
341.56183
342.92751
344.14585
345.23328
346.20468
347.07333
347.851
348.54805
349.17357
349.73556
305.77528
306.72435
308.58201
311.07182
313.98447
317.13098
320.34965
323.51417
326.53553
329.35835
331.95427
334.31463
336.44395
338.35476
340.06384
341.5897
342.95093
344.16527
345.24911
346.21729
347.08306
347.85814
348.55287
349.17632
349.73644
305.84781
306.79986
308.66205
311.15562
314.06994
317.21559
320.43109
323.59067
326.60594
329.42208
332.01116
334.36484
336.48782
338.39274
340.09642
341.61738
342.97419
344.18455
345.26482
346.22981
347.09271
347.86523
348.55767
349.17905
349.73732
305.9205
306.87546
308.74207
311.23928
314.15516
317.29986
320.51214
323.66676
326.67593
329.4854
332.06768
334.41471
336.53139
338.43045
340.12877
341.64486
342.99727
344.20369
345.28042
346.24224
347.1023
347.87227
348.56242
349.18176
349.73818
305.99336
306.95115
308.82208
311.3228
314.24011
317.38379
320.59279
323.74242
326.7455
329.54833
332.12383
334.46425
336.57466
338.4679
340.16089
341.67215
343.0202
344.22269
345.29591
346.25458
347.11182
347.87927
348.56715
349.18445
349.73904
306.06637
307.02694
308.90206
311.40617
314.32481
317.46738
320.67305
323.81767
326.81466
329.61086
332.17962
334.51345
336.61763
338.50509
340.19279
341.69924
343.04296
344.24156
345.31129
346.26683
347.12127
347.88621
348.57184
349.18712
349.7399
306.13953
307.10282
308.98202
311.48939
314.40926
317.55063
320.75293
323.89251
326.88342
329.67301
332.23504
334.56233
336.66031
338.54203
340.22447
341.72615
343.06556
344.2603
345.32656
346.27899
347.13066
347.8931
348.57649
349.18977
349.74075
306.21284
307.17877
309.06195
311.57247
314.49345
317.63355
320.83242
323.96695
326.95177
329.73476
332.2901
334.61088
336.70271
338.57871
340.25592
341.75287
343.08801
344.27891
345.34173
346.29108
347.13997
347.89994
348.58112
349.1924
349.74159
306.28629
307.25481
309.14185
311.6554
314.57739
317.71613
320.91153
324.04098
327.01972
329.79614
332.34482
334.65911
336.74482
338.61514
340.28717
341.7794
343.1103
344.29738
345.35679
346.30307
347.14923
347.90674
348.58571
349.19501
349.74242
306.35988
307.33092
309.22172
311.73818
314.66107
317.79838
320.99026
324.11462
327.08728
329.85715
332.39918
334.70703
336.78665
338.65133
340.31819
341.80575
343.13244
344.31573
345.37174
346.31499
347.15842
347.91349
348.59027
349.19761
349.74325
306.4336
307.40711
309.30156
311.82081
314.7445
317.88031
321.06862
324.18787
327.15445
329.91778
332.4532
334.75464
336.8282
338.68728
340.34901
341.83192
343.15442
344.33396
345.38659
346.32682
347.16755
347.92019
348.5948
349.20019
349.74408
306.50744
307.48336
309.38136
311.90328
314.82768
317.96191
321.14661
324.26073
327.22123
329.97804
332.50689
334.80194
336.86948
338.72298
340.37962
341.85792
343.17626
344.35206
345.40134
346.33857
347.17661
347.92685
348.5993
349.20275
349.7449
306.58142
307.55968
309.46112
311.98561
314.91061
318.04319
321.22423
324.33321
327.28764
330.03794
332.56023
334.84893
336.91049
338.75845
340.41003
341.88374
343.19794
344.37003
345.416
346.35024
347.18561
347.93346
348.60377
349.20529
349.74571
306.65551
307.63605
309.54084
312.06779
314.9933
318.12415
321.30149
324.40531
327.35367
330.09749
332.61325
334.89563
336.95123
338.79369
340.44024
341.90939
343.21949
344.38789
345.43055
346.36183
347.19455
347.94003
348.6082
349.20782
349.74652
306.72972
307.71249
309.62052
312.14981
315.07573
318.20479
321.37839
324.47703
327.41932
330.15668
332.66593
334.94203
336.99171
338.82869
340.47024
341.93486
343.24089
344.40563
345.445
346.37335
347.20344
347.94655
348.61261
349.21032
349.74732
306.80404
307.78898
309.70015
312.23168
315.15792
318.28512
321.45493
324.54837
327.48461
330.21552
332.7183
334.98814
337.03192
338.86347
340.50005
341.96017
343.26214
344.42325
345.45936
346.38479
347.21226
347.95303
348.61699
349.21282
349.74812
306.87847
307.86552
309.77974
312.3134
315.23986
318.36513
321.53112
324.61935
327.54953
330.27401
332.77034
335.03395
337.07189
338.89802
340.52966
341.98532
343.28326
344.44075
345.47362
346.39615
347.22102
347.95947
348.62134
349.21529
349.74891
306.95301
307.94211
309.85927
312.39496
315.32155
318.44483
321.60696
324.68997
327.6141
330.33216
332.82207
335.07948
337.11159
338.93235
340.55908
342.01029
343.30424
344.45814
345.48779
346.40744
347.22973
347.96586
348.62566
349.21775
349.7497
307.02764
308.01874
309.93876
312.47637
315.40301
318.52422
321.68245
324.76022
327.67831
330.38997
332.87348
335.12473
337.15105
338.96646
340.58831
342.03511
343.32508
344.47541
345.50187
346.41865
347.23838
347.97221
348.62995
349.22019
349.75048
307.10237
308.09541
310.01819
312.55763
315.48422
318.6033
321.7576
324.83012
327.74216
330.44745
332.92459
335.16971
337.19026
339.00035
340.61736
342.05977
343.34578
344.49257
345.51585
346.42979
347.24697
347.97852
348.63421
349.22262
349.75126
307.17719
308.17213
310.09756
312.63873
315.56518
318.68208
321.83241
324.89966
327.80567
330.5046
332.97539
335.2144
337.22923
339.03403
340.64622
342.08427
343.36636
344.50962
345.52975
346.44086
347.25551
347.98479
348.63845
349.22503
349.75203
307.2521
308.24887
310.17688
312.71967
315.64591
318.76056
321.90688
324.96885
327.86883
330.56142
333.02589
335.25882
337.26795
339.0675
340.67489
342.10861
343.3868
344.52656
345.54355
346.45185
347.26399
347.99102
348.64266
349.22743
349.7528
307.3271
308.32565
310.25614
312.80046
315.72639
318.83873
321.98101
325.0377
327.93165
330.61792
333.07609
335.30298
337.30643
339.10075
340.70339
342.1328
343.40711
344.54339
345.55727
346.46278
347.27242
347.99721
348.64684
349.22981
349.75356
307.40217
308.40246
310.33534
312.88108
315.80664
318.91661
322.05481
325.1062
327.99413
330.67409
333.126
335.34687
337.34468
339.13381
340.73171
342.15683
343.42729
344.56012
345.5709
346.47364
347.28079
348.00336
348.651
349.23217
349.75431
307.47733
308.47929
310.41448
312.96156
315.88665
318.99419
322.12828
325.17436
328.05628
330.72996
333.17562
335.39049
337.3827
339.16665
340.75985
342.18072
343.44735
344.57674
345.58444
346.48443
347.28912
348.00947
348.65513
349.23452
349.75507
307.55256
308.55615
310.49355
313.04187
315.96642
319.07148
322.20143
325.24219
328.1181
330.7855
333.22495
335.43386
337.42048
339.1993
340.78781
342.20445
343.46728
344.59326
345.5979
346.49515
347.29738
348.01554
348.65923
349.23686
349.75581
307.62786
308.63302
310.57256
313.12203
316.04596
319.14847
322.27425
325.30968
328.17959
330.84074
333.27399
335.47697
337.45804
339.23175
340.81561
342.22804
343.48709
344.60967
345.61128
346.5058
347.3056
348.02158
348.66331
349.23918
349.75656
307.70322
308.70992
310.6515
313.20203
316.12526
319.22518
322.34676
325.37684
328.24076
330.89568
333.32275
335.51982
337.49537
339.264
340.84323
342.25149
343.50677
344.62599
345.62457
346.51639
347.31377
348.02758
348.66736
349.24149
349.75729
307.77865
308.78683
310.73037
313.28187
316.20432
319.3016
322.41894
325.44367
328.30161
330.95031
333.37124
335.56243
337.53249
339.29605
340.87069
342.27479
343.52634
344.6422
345.63778
346.52691
347.32188
348.03354
348.67139
349.24378
349.75803
307.85414
308.86375
310.80917
313.36156
316.28316
319.37773
322.49081
325.51018
328.36214
331.00464
333.41945
335.60479
337.56938
339.32792
340.89798
342.29795
343.54578
344.65831
345.65091
346.53737
347.32995
348.03946
348.67539
349.24606
349.75876
307.92969
308.94068
310.88789
313.44108
316.36176
319.45358
322.56237
325.57638
328.42236
331.05868
333.46738
335.6469
337.60605
339.35959
340.92511
342.32097
343.56511
344.67433
345.66396
346.54776
347.33797
348.04535
348.67937
349.24832
349.75948
308.00529
309.01761
310.96655
313.52045
316.44013
319.52915
322.63362
325.64225
328.48227
331.11242
333.51505
335.68877
337.64251
339.39108
340.95207
342.34385
343.58432
344.69024
345.67693
346.55809
347.34594
348.0512
348.68332
349.25057
349.7602
308.08095
309.09455
311.04512
313.59965
316.51827
319.60443
322.70456
325.70781
328.54187
331.16588
333.56245
335.7304
337.67876
339.42238
340.97887
342.36659
343.60341
344.70607
345.68982
346.56836
347.35386
348.05702
348.68725
349.25281
349.76092
308.15665
309.17149
311.12362
313.6787
316.59618
319.67944
322.7752
325.77305
328.60116
331.21904
333.60959
335.77179
337.71479
339.4535
341.00552
342.3892
343.62239
344.72179
345.70263
346.57857
347.36173
348.0628
348.69116
349.25503
349.76163
308.23239
309.24843
311.20205
313.75759
316.67386
319.75418
322.84553
325.83799
328.66016
331.27193
333.65647
335.81295
337.75062
339.48443
341.03201
342.41168
343.64126
344.73743
345.71537
346.58872
347.36956
348.06854
348.69504
349.25724
349.76234
308.30818
309.32537
311.28039
313.83631
316.75132
319.82864
322.91557
325.90262
328.71886
331.32453
333.70309
335.85388
337.78625
339.51519
341.05834
342.43402
343.66002
344.75297
345.72803
346.5988
347.37733
348.07426
348.6989
349.25944
349.76304
308.38401
309.4023
311.35865
313.91488
316.82855
319.90282
322.98531
325.96696
328.77726
331.37686
333.74946
335.89458
337.82167
339.54577
341.08453
342.45623
343.67866
344.76842
345.74062
346.60883
347.38507
348.07994
348.70274
349.26162
349.76374
308.45987
309.47923
311.43683
313.99329
316.90555
319.97674
323.05475
326.03099
328.83537
331.42891
333.79557
335.93505
337.85689
339.57617
341.11056
342.47832
343.6972
344.78378
345.75314
346.6188
347.39276
348.08558
348.70655
349.26379
349.76443
308.53576
309.55614
311.51493
314.07154
316.98233
320.05039
323.12391
326.09472
328.8932
331.48069
333.84144
335.9753
337.89191
339.60641
341.13644
342.50027
343.71563
344.79905
345.76558
346.62871
347.4004
348.09119
348.71034
349.26595
349.76512
308.61169
309.63304
311.59294
314.14962
317.05889
320.12377
323.19277
326.15816
328.95073
331.5322
333.88706
336.01533
337.92674
339.63647
341.16217
342.5221
343.73396
344.81423
345.77795
346.63856
347.408
348.09677
348.71411
349.2681
349.76581
308.68764
309.70992
311.67086
314.22755
317.13522
320.19689
323.26135
326.22131
329.00799
331.58345
333.93244
336.05514
337.96137
339.66636
341.18776
342.54381
343.75218
344.82933
345.79025
346.64836
347.41555
348.10232
348.71786
349.27023
349.76649
308.76361
309.78679
311.7487
314.30532
317.21133
320.26974
323.32964
326.28416
329.06496
331.63443
333.97757
336.09473
337.99581
339.69608
341.2132
342.56539
343.77029
344.84434
345.80247
346.6581
347.42307
348.10784
348.72159
349.27235
349.76717
308.83961
309.86364
311.82645
314.38292
317.28723
320.34233
323.39765
326.34674
329.12166
331.68515
334.02247
336.1341
338.03006
339.72564
341.2385
342.58685
343.78831
344.85926
345.81463
346.66778
347.43053
348.11332
348.7253
349.27446
349.76785
308.91563
309.94046
311.90411
314.46037
317.3629
320.41467
323.46538
326.40903
329.17808
331.73562
334.06713
336.17327
338.06413
339.75503
341.26366
342.60819
343.80622
344.8741
345.82672
346.67741
347.43796
348.11878
348.72898
349.27656
349.76852
308.99166
310.01727
311.98168
314.53765
317.43835
320.48675
323.53284
326.47103
329.23423
331.78582
334.11155
336.21222
338.09801
339.78426
341.28868
342.62941
343.82403
344.88886
345.83874
346.68698
347.44535
348.1242
348.73265
349.27865
349.76918
309.0677
310.09404
312.05916
314.61478
317.51359
320.55857
323.60002
326.53276
329.2901
331.83578
334.15575
336.25097
338.1317
339.81334
341.31356
342.65052
343.84174
344.90353
345.8507
346.6965
347.45269
348.12959
348.73629
349.28072
349.76985
309.14376
310.17079
312.13654
314.69174
317.58861
320.63013
323.66692
326.59422
329.34572
331.88549
334.19971
336.28951
338.16521
339.84225
341.3383
342.6715
343.85935
344.91812
345.86259
346.70597
347.45999
348.13496
348.73991
349.28278
349.77051
309.21983
310.24751
312.21383
314.76854
317.66342
320.70145
323.73356
326.6554
329.40106
331.93494
334.24345
336.32785
338.19855
339.871
341.36291
342.69237
343.87687
344.93263
345.87441
346.71539
347.46725
348.14029
348.74352
349.28483
349.77116
309.2959
310.3242
312.29103
314.84519
317.73801
320.77251
323.79992
326.71631
329.45615
331.98416
334.28697
336.36599
338.2317
339.89961
341.38738
342.71313
343.89429
344.94706
345.88616
346.72475
347.47448
348.14559
348.7471
349.28687
349.77182
309.37197
310.40086
312.36813
314.92167
317.81239
320.84333
323.86602
326.77695
329.51098
332.03313
334.33027
336.40393
338.26468
339.92805
341.41173
342.73377
343.91161
344.96142
345.89786
346.73406
347.48166
348.15087
348.75066
349.2889
349.77247
309.44805
310.47747
312.44513
314.99799
317.88655
320.91389
323.93186
326.83732
329.56555
332.08186
334.37334
336.44167
338.29749
339.95635
341.43594
342.75431
343.92884
344.97569
345.90949
346.74333
347.4888
348.15611
348.75421
349.29092
349.77311
309.52413
310.55406
312.52203
315.07415
317.9605
320.98421
323.99743
326.89743
329.61986
332.13035
334.4162
336.47922
338.33013
339.9845
341.46002
342.77473
343.94598
344.98989
345.92105
346.75254
347.4959
348.16133
348.75773
349.29293
349.77375
309.6002
310.6306
312.59884
315.15015
318.03424
321.05429
324.06275
326.95728
329.67392
332.1786
334.45884
336.51657
338.36259
340.01249
341.48397
342.79504
343.96303
345.00401
345.93255
346.7617
347.50297
348.16652
348.76124
349.29492
349.77439
309.67627
310.7071
312.67554
315.22599
318.10778
321.12413
324.1278
327.01687
329.72774
332.22663
334.50127
336.55374
338.39488
340.04035
341.5078
342.81525
343.97998
345.01805
345.944
346.77081
347.51
348.17168
348.76472
349.29691
349.77503
309.75233
310.78356
312.75215
315.30167
318.1811
321.19372
324.1926
327.07621
329.7813
332.27442
334.54349
336.59071
338.42701
340.06805
341.5315
342.83534
343.99685
345.03202
345.95538
346.77987
347.51699
348.17681
348.76819
349.29888
349.77566
309.82838
310.85997
312.82865
315.37719
318.25421
321.26308
324.25715
327.13529
329.83463
332.32198
334.5855
336.6275
338.45898
340.09561
341.55508
342.85534
344.01362
345.04592
345.9667
346.78889
347.52394
348.18192
348.77164
349.30084
349.77629
309.90441
310.93634
312.90505
315.45255
318.32712
321.33219
324.32144
327.19411
329.88771
332.36932
334.6273
336.6641
338.49078
340.12303
341.57853
342.87522
344.03031
345.05974
345.97796
346.79786
347.53086
348.187
348.77507
349.3028
349.77691
309.98043
311.01266
312.98135
315.52774
318.39982
321.40107
324.38548
327.25269
329.94054
332.41643
334.6689
336.70052
338.52242
340.15031
341.60187
342.89501
344.04691
345.07349
345.98916
346.80678
347.53774
348.19205
348.77849
349.30474
349.77753
310.05644
311.08893
313.05754
315.60278
318.47232
321.46972
324.44928
327.31102
329.99314
332.46333
334.7103
336.73676
338.55389
340.17745
341.62508
342.91469
344.06343
345.08717
346.0003
346.81565
347.54458
348.19707
348.78188
349.30667
349.77815
310.13243
311.16515
313.13363
315.67766
318.54461
321.53813
324.51283
327.3691
330.04551
332.51
334.7515
336.77282
338.58522
340.20445
341.64817
342.93427
344.07985
345.10078
346.01139
346.82448
347.55139
348.20207
348.78526
349.30859
349.77877
310.2084
311.24132
313.20961
315.75238
318.6167
321.60632
324.57614
327.42694
330.09764
332.55645
334.79249
336.8087
338.61638
340.23131
341.67115
342.95375
344.0962
345.11432
346.02241
346.83326
347.55816
348.20705
348.78862
349.31051
349.77938
310.28434
311.31743
313.28549
315.82694
318.68859
321.67427
324.6392
327.48454
330.14954
332.60269
334.83329
336.84441
338.64739
340.25804
341.69401
342.97313
344.11246
345.12778
346.03338
346.842
347.5649
348.21199
348.79196
349.31241
349.77999
310.36026
311.3935
313.36126
315.90134
318.76028
321.74199
324.70203
327.5419
330.20121
332.64871
334.8739
336.87994
338.67824
340.28463
341.71675
342.99241
344.12863
345.14118
346.0443
346.85069
347.5716
348.21692
348.79529
349.3143
349.78059
310.43612
311.46947
313.4369
315.97555
318.83174
321.80947
324.76459
327.59901
330.25264
332.69451
334.91431
336.91529
338.70894
340.3111
341.73938
343.01159
344.14473
345.15452
346.05516
346.85934
347.57828
348.22182
348.7986
349.31619
349.7812
310.51213
311.54554
313.51257
316.04975
318.90313
321.87684
324.82703
327.65596
330.30392
332.74017
334.95458
336.95052
338.73952
340.33745
341.76191
343.03069
344.16075
345.16778
346.06596
346.86794
347.58491
348.22669
348.80189
349.31806
349.7818
310.58737
311.62084
313.58746
316.12315
318.97373
321.94344
324.88874
327.71226
330.3546
332.7853
334.99438
336.98534
338.76976
340.36352
341.78421
343.0496
344.17662
345.18093
346.07668
346.87648
347.5915
348.23152
348.80516
349.31992
349.78239
310.66571
311.69917
313.66524
316.19926
319.04683
322.01232
324.9525
327.77038
330.40689
332.83182
335.0354
337.02121
338.8009
340.39034
341.80714
343.06902
344.19291
345.19441
346.08765
346.88522
347.59823
348.23647
348.8085
349.32182
349.783
310.7306
311.76414
313.72988
316.26264
319.10781
322.06985
325.00581
327.819
330.45064
332.87076
335.06973
337.05123
338.82695
340.41278
341.82632
343.08528
344.20655
345.20571
346.09686
346.89255
347.60389
348.24062
348.81131
349.32342
349.78351
310.85288
311.8863
313.85101
316.38099
319.22133
322.17669
325.10461
327.90899
330.53155
332.94273
335.13316
337.10668
338.87506
340.45422
341.86174
343.1153
344.23172
345.22655
346.11382
346.90605
347.6143
348.24826
348.81647
349.32636
349.78445
)
;

boundaryField
{
    inlet
    {
        type            fixedValue;
        value           uniform 300;
    }
    outlet
    {
        type            inletOutlet;
        inletValue      uniform 300;
        value           nonuniform List<scalar> 
25
(
310.85288
311.8863
313.85101
316.38099
319.22133
322.17669
325.10461
327.90899
330.53155
332.94273
335.13316
337.10668
338.87506
340.45422
341.86174
343.1153
344.23172
345.22655
346.11382
346.90605
347.6143
348.24826
348.81647
349.32636
349.78445
)
;
    }
    wall
    {
        type            fixedValue;
        value           uniform 350;
    }
    front
    {
        type            wedge;
    }
    back
    {
        type            wedge;
    }
    axis
    {
        type            empty;
    }
}


// ************************************************************************* //
