/*--------------------------------*- C++ -*----------------------------------*\
| =========                 |                                                 |
| \\      /  F ield         | OpenFOAM: The Open Source CFD Toolbox           |
|  \\    /   O peration     | Version:  v2012                                 |
|   \\  /    A nd           | Website:  www.openfoam.com                      |
|    \\/     M anipulation  |                                                 |
\*---------------------------------------------------------------------------*/
FoamFile
{
    version     2.0;
    format      ascii;
    class       regIOobject;
    location    "constant/polyMesh";
    object      faceZones;
}
// * * * * * * * * * * * * * * * * * * * * * * * * * * * * * * * * * * * * * //

1
(
potato_face
{
    type faceZone;
faceLabels      List<label> 
4872
(
1812
2248
2299
2311
2360
2807
5524
5563
5593
5703
5742
5795
5855
5925
5967
5986
5991
6131
6217
6280
6290
6304
6405
6413
9955
9957
9961
9963
9976
10287
10288
10298
10300
10313
10384
10385
10390
10391
10410
10456
10462
10588
10599
11015
11021
11294
11300
11389
11395
11537
11543
11862
11882
11963
11973
12152
12158
12212
12217
12229
12251
12256
12268
12290
12295
12307
12415
12419
12434
12448
12452
12467
12508
12510
12514
12516
12529
12727
12737
12815
12819
12834
12905
12913
12929
12966
12967
12977
12979
12992
13085
13086
13095
13097
13109
13124
13125
13134
13136
13148
13527
13533
13789
13799
13877
13885
13901
13910
13918
13934
14034
14035
14040
14041
14060
14090
14091
14100
14102
14114
14191
14192
14197
14198
14216
14464
14465
14470
14471
14489
14503
14504
14509
14510
14528
14598
14602
14608
14631
14635
14641
14664
14668
14674
15419
15421
15423
15425
15427
15429
15493
15494
15535
15536
15578
15579
15580
15621
15622
15623
15625
15626
15644
15645
15661
15663
15664
15673
15675
15677
15735
15736
15777
15779
15815
15816
15817
15824
15825
15843
15844
15893
15894
15895
15902
15903
15904
15947
15962
15985
16000
16020
16021
16033
16039
16043
16057
16059
16060
16063
16065
16066
16125
16127
16167
16169
16171
16172
16190
16191
16235
16236
16237
16278
16279
16280
16298
16299
16300
16336
16357
16375
16390
16410
16411
16423
16429
16433
16452
16453
16454
16484
16505
16522
16543
16558
16559
16571
16577
16581
17605
17607
17609
17611
17613
17615
17676
17677
17715
17716
17758
17759
17760
17801
17802
17803
17805
17806
17821
17822
17838
17840
17842
17844
17846
17848
17909
17910
17948
17949
17991
17992
17993
18034
18035
18036
18038
18039
18054
18055
18070
18108
18119
18140
18151
18168
18169
18179
18184
18187
18195
18197
18199
18201
18203
18205
18266
18267
18305
18306
18348
18349
18350
18391
18392
18393
18395
18396
18411
18412
18427
18465
18476
18497
18508
18525
18526
18536
18541
18544
18551
18589
18600
18621
18632
18649
18650
18660
18665
18668
18675
18676
18715
18730
18743
18760
18774
18775
18787
18789
18795
18804
18806
18808
18810
18812
18865
18866
18901
18902
18953
18954
18955
18991
18992
18993
18999
19000
19027
19028
19035
19036
19075
19090
19103
19120
19134
19135
19147
19149
19155
19164
19166
19168
19170
19172
19225
19226
19261
19262
19313
19314
19315
19351
19352
19353
19359
19360
19387
19388
19395
19434
19452
19469
19487
19499
19500
19511
19514
19516
19731
19732
19771
19786
19799
19816
19830
19831
19843
19845
19851
19860
19861
19869
19871
19873
19921
19922
19957
19959
20004
20005
20006
20012
20013
20040
20041
20077
20078
20079
20096
20097
20130
20150
20159
20176
20190
20191
20203
20205
20211
20220
20222
20224
20226
20228
20281
20282
20317
20318
20369
20370
20371
20407
20408
20409
20415
20416
20443
20444
20456
20489
20513
20525
20543
20555
20556
20567
20570
20572
20583
20584
20592
20594
20596
20636
20637
20686
20688
20716
20717
20718
20729
20731
20750
20751
20796
20797
20798
20807
20808
20816
20818
20820
20860
20861
20910
20912
20940
20941
20942
20953
20955
20974
20975
21020
21021
21022
21034
21035
21069
21091
21103
21124
21137
21138
21150
21154
21156
21170
21171
21205
21227
21239
21260
21273
21274
21286
21290
21292
21303
21305
21308
21310
21355
21356
21394
21395
21441
21442
21443
21481
21482
21483
21489
21490
21517
21518
22119
22120
22153
22173
22182
22199
22213
22214
22226
22228
22234
22246
22247
22280
22300
22309
22326
22340
22341
22353
22355
22361
22370
22371
22379
22381
22383
22431
22432
22467
22469
22514
22515
22516
22522
22523
22550
22551
22587
22588
22589
22603
22604
22612
22614
22616
22664
22665
22700
22702
22747
22748
22749
22755
22756
22783
22784
22820
22821
22822
22844
22872
22896
22907
22931
22938
22939
22950
22953
22955
22971
22972
22975
22977
22978
23019
23021
23069
23071
23072
23074
23093
23094
23126
23127
23128
23174
23175
23176
23193
23194
23228
23250
23262
23283
23296
23297
23309
23313
23315
23326
23327
23335
23337
23339
23379
23380
23429
23431
23459
23460
23461
23472
23474
23493
23494
23539
23540
23541
23559
23560
23588
23610
23621
23648
23656
23657
23669
23673
23675
23686
23687
23695
23697
23738
23739
23777
23779
23819
23820
23821
23832
23833
23860
23861
23894
23895
23896
24107
24108
24111
24113
24114
24155
24157
24205
24207
24208
24210
24229
24230
24262
24263
24264
24310
24311
24312
24335
24336
24364
24386
24397
24424
24432
24433
24445
24449
24451
24467
24468
24471
24473
24474
24515
24517
24565
24567
24568
24570
24589
24590
24622
24623
24624
24670
24671
24672
24695
24696
24724
24746
24757
24784
24792
24793
24805
24809
24811
24826
24827
24831
24832
24874
24876
24913
24915
24928
24929
24956
24957
24985
24986
24987
25025
25026
25027
25056
25057
25058
25087
25099
25119
25131
25150
25151
25163
25169
25173
25192
25193
25194
25223
25235
25255
25267
25286
25287
25299
25305
25309
25322
25323
25327
25328
25373
25375
25409
25411
25419
25420
25435
25436
25472
25473
25474
25512
25513
25514
25543
25544
25545
25574
25586
25606
25618
25637
25638
25650
25656
25660
25673
25674
25678
25679
25724
25726
25760
25762
25770
25771
25786
25787
25823
25824
25825
25863
25864
25865
25888
25889
25893
25894
25939
25941
25975
25977
25985
25986
26001
26002
26038
26039
26040
26078
26079
26080
26632
26637
26645
26755
26764
26770
26790
26795
26803
26820
26825
26833
26845
26854
26860
26874
26879
26887
26951
26956
26964
26979
26984
26991
27006
27011
27018
27132
27140
27145
27199
27207
27212
27266
27271
27278
27662
27667
27675
27760
27768
27773
27932
27941
27947
28057
28065
28070
28084
28092
28097
28317
28322
28329
28443
28451
28456
28661
28666
28674
28733
28741
28746
28812
28817
28824
29062
29067
29074
29137
29142
29149
29724
29755
29765
29767
29769
29772
29781
29785
29794
29795
29797
29799
29802
29811
29815
29824
29908
29909
29932
29948
29949
29952
29953
29958
29961
29974
29977
29979
29981
29984
29993
29996
30005
30070
30071
30073
30075
30080
30084
30098
30100
30101
30104
30105
30110
30113
30126
30584
30616
30617
30643
30671
30682
30683
30686
30689
30698
30700
30705
30709
30710
30713
30716
30725
30727
30732
30819
30820
30847
30876
30885
30886
30889
30892
30902
30904
30910
30915
30916
30919
30922
30931
30933
30938
31004
31005
31009
31011
31020
31022
31026
31031
31032
31035
31038
31047
31049
31054
31120
31121
31124
31127
31136
31138
31141
31148
31149
31151
31153
31162
31165
31173
31247
31277
31287
31288
31292
31294
31302
31303
31304
31312
31313
31315
31317
31326
31329
31337
31415
31416
31441
31470
31481
31482
31486
31488
31497
31499
31500
31508
31509
31512
31515
31524
31526
31528
31667
31668
31671
31674
31682
31683
31685
31692
31693
31695
31697
31706
31709
31717
31792
31801
31803
31806
31807
31812
31813
31820
31829
31830
31832
31834
31843
31846
31854
31932
31933
31960
31971
31973
31976
31977
31983
31985
31992
32001
32002
32005
32008
32017
32019
32021
32103
32133
32155
32172
32173
32175
32177
32181
32183
32191
32195
32196
32198
32202
32212
32215
32218
32285
32286
32289
32290
32294
32296
32303
32308
32309
32312
32315
32325
32328
32331
32415
32442
32673
32675
32678
32679
32684
32685
32692
32701
32702
32704
32706
32715
32717
32725
32783
32785
32788
32789
32794
32795
32800
32808
32809
32811
32813
32822
32824
32832
32911
32912
32934
32971
32972
32995
33010
33012
33014
33016
33022
33024
33030
33100
33101
33103
33105
33109
33111
33121
33126
33127
33130
33133
33143
33146
33149
33236
33237
33258
33273
33274
33276
33278
33283
33286
33295
33376
33480
33481
33502
33517
33518
33521
33522
33526
33528
33537
33543
33545
33547
33549
33555
33558
33566
33653
33654
33675
33690
33691
33693
33695
33699
33701
33709
33713
33715
33717
33719
33725
33728
33736
33815
33829
33831
33834
33836
33839
33842
33854
33856
33858
33861
33863
33866
33869
33881
33939
33941
33944
33946
33949
33952
33964
33966
33968
33971
33973
33976
33978
33990
34070
34071
34091
34115
34127
34129
34131
34134
34138
34142
34156
34157
34159
34162
34164
34167
34170
34182
34252
34277
34436
34440
34444
34601
34605
34606
34607
34614
34627
34631
34632
34633
34640
34655
34656
34659
34660
34663
34772
34780
34781
34782
34786
34797
34801
34802
34803
34810
34825
34826
34829
34830
34833
34846
34854
34855
34856
34860
34872
34880
34881
34882
34886
34899
34900
34903
34904
34907
34920
34928
34933
34946
34954
34959
34971
34981
34986
35009
35119
35123
35131
35145
35149
35157
35268
35276
35281
35294
35302
35307
35318
35325
35328
35339
35348
35353
35372
35475
35482
35486
35499
35507
35512
35705
35713
35717
35726
35731
35738
35757
35814
35821
35825
35837
35841
35849
36006
36011
36018
36028
36033
36040
36059
36072
36073
36095
36096
36117
36118
36121
36122
36125
36140
36141
36163
36164
36185
36186
36188
36189
36205
36206
36228
36229
36250
36251
36253
36254
36261
36265
36269
36386
36387
36410
36411
36426
36427
36429
36430
36445
36446
36469
36470
36485
36486
36489
36490
36493
36505
36509
36510
36511
36518
36531
36535
36536
36537
36544
36559
36560
36563
36564
36567
36717
36724
36728
36740
36744
36752
36768
36769
36792
36793
36808
36809
36812
36813
36816
36822
36826
36830
36951
36952
36971
36972
36987
36988
36991
36992
36995
37011
37012
37014
37016
37017
37018
37023
37031
37035
37039
37196
37203
37204
37205
37208
37219
37223
37224
37225
37232
37247
37248
37251
37252
37255
37271
37272
37274
37276
37277
37279
37283
37499
37506
37509
37520
37529
37534
37553
37648
37655
37659
37671
37675
37683
37703
37704
37723
37724
37739
37740
37742
37743
37762
37763
37782
37783
37798
37799
37802
37803
37806
37812
37816
37820
37936
37944
37945
37946
37950
37962
37970
37971
37972
37976
37989
37990
37993
37994
37997
38009
38016
38017
38018
38021
38032
38036
38037
38038
38045
38060
38061
38064
38065
38068
38074
38078
38082
38197
38204
38205
38206
38209
38221
38229
38230
38231
38235
38248
38249
38252
38253
38256
38463
38472
38473
38474
38478
38492
38493
38496
38497
38499
38501
38515
38522
38523
38524
38527
38539
38547
38548
38549
38553
38566
38567
38570
38571
38574
38580
38584
38588
38747
38748
38767
38768
38787
38788
38791
38792
38795
38810
38811
38833
38834
38836
38837
38839
38855
38856
38875
38876
38895
38896
38899
38900
38903
38909
38913
38917
39577
39578
39580
39589
39590
39591
39594
39595
39596
39599
39602
39607
39608
39610
39613
39623
39627
39630
39632
39637
39638
39640
39643
39653
39656
39660
39662
39691
39695
39702
39713
39717
39724
39729
39735
39736
39738
39741
39742
39746
39750
39758
39776
39781
39786
39791
39793
39798
39801
39808
39809
39830
39838
39839
39841
39846
39847
39851
39853
39856
39861
39866
39868
39872
39874
39878
39881
39887
39900
39931
39950
39966
39967
39973
39981
39989
39990
39999
40002
40047
40049
40052
40054
40055
40056
40063
40065
40066
40068
40074
40077
40078
40081
40083
40093
40096
40100
40101
40114
40118
40126
40127
40139
40148
40152
40155
40160
40161
40165
40166
40170
40174
40180
40198
40203
40208
40213
40216
40220
40223
40229
40231
40252
40258
40259
40263
40269
40270
40273
40275
40276
40280
40284
40291
40308
40312
40315
40319
40322
40324
40330
40335
40348
40367
40368
40373
40381
40390
40391
40423
40442
40453
40458
40461
40478
40479
40491
40494
40495
40499
40503
40509
40512
40517
40532
40533
40544
40577
40582
40585
40602
40603
40615
40618
40619
40623
40650
40653
40657
40660
40664
40675
40676
40683
40687
40706
40709
40711
40714
40715
40723
40725
40728
40730
40745
40761
40772
40773
40786
40791
40792
40794
40801
40802
40807
40808
40810
40815
40819
40820
40823
40824
40826
40827
40829
40831
40832
40842
40845
40848
40849
40852
40853
40857
40860
40869
40874
40875
40878
40879
40883
40886
40895
40906
40915
40919
40928
40937
40941
40981
40987
40988
40992
40998
40999
41002
41004
41005
41009
41013
41020
41037
41041
41044
41048
41051
41053
41059
41064
41066
41071
41072
41076
41077
41081
41085
41091
41109
41114
41118
41123
41127
41129
41135
41137
41142
41150
41151
41159
41166
41173
41174
41202
41225
41249
41272
41344
41347
41355
41390
41394
41395
41407
41410
41411
41415
41419
41423
41426
41430
41445
41446
41449
41481
41486
41489
41506
41507
41519
41522
41523
41527
41554
41557
41561
41564
41568
41579
41580
41587
41591
41608
41610
41612
41615
41616
41624
41626
41628
41630
41643
41659
41670
41686
41696
41697
41707
41712
41713
41715
41722
41727
41728
41730
41737
41740
41748
41761
41762
41774
41777
41778
41782
41786
41792
41795
41800
41820
41821
41827
41831
41834
41842
41877
41881
41882
41894
41897
41898
41902
41906
41912
41915
41920
41938
41939
41944
41948
41969
41972
41980
41981
41997
41998
41999
42004
42005
42008
42014
42020
42021
42022
42027
42028
42031
42037
42290
42291
42293
42302
42303
42304
42307
42308
42309
42312
42315
42320
42321
42323
42326
42336
42340
42342
42345
42350
42351
42353
42356
42366
42369
42372
42375
42404
42408
42415
42426
42430
42437
42443
42447
42448
42450
42452
42455
42460
42464
42481
42486
42489
42494
42497
42501
42504
42510
42512
42533
42542
42543
42545
42550
42551
42553
42554
42556
42559
42565
42569
42586
42592
42594
42598
42600
42604
42607
42613
42626
42657
42676
42692
42693
42698
42706
42715
42716
42727
42728
42731
42739
42740
42741
42744
42745
42746
42749
42751
42757
42758
42760
42762
42771
42773
42780
42783
42784
42787
42788
42797
42800
42804
42815
42819
42826
42850
42859
42860
42862
42866
42867
42869
42871
42874
42879
42883
42898
42902
42904
42908
42910
42914
42917
42923
42944
42953
42954
42956
42960
42961
42963
42965
42968
42973
42977
42992
42996
42998
43002
43004
43008
43011
43017
43037
43053
43057
43058
43063
43087
43106
43122
43123
43162
43167
43170
43187
43188
43200
43205
43207
43208
43211
43218
43222
43227
43241
43253
43258
43261
43278
43279
43291
43296
43298
43299
43325
43332
43336
43341
43354
43364
43365
43366
43372
43375
43376
43389
43411
43416
43438
43440
43448
43452
43456
43464
43468
43472
43473
43475
43484
43485
43486
43489
43490
43491
43494
43497
43502
43503
43505
43507
43516
43519
43524
43528
43529
43531
43533
43542
43545
43550
43578
43582
43589
43600
43604
43611
43635
43644
43645
43647
43651
43652
43654
43656
43659
43664
43668
43683
43687
43689
43693
43695
43699
43702
43708
43729
43738
43739
43741
43745
43746
43748
43750
43753
43758
43762
43777
43781
43783
43787
43789
43792
43796
43802
43822
43841
43868
43884
43885
43904
43905
43971
43976
43979
43996
43997
44009
44014
44016
44017
44043
44048
44052
44056
44066
44073
44078
44080
44095
44096
44108
44113
44115
44117
44152
44163
44182
44184
44189
44190
44191
44196
44199
44212
44234
44239
44240
44253
44254
44257
44261
44265
44269
44270
44276
44280
44313
44318
44320
44356
44358
44362
44366
44372
44373
44375
44380
44382
44397
44398
44410
44415
44417
44418
44444
44451
44455
44460
44473
44484
44503
44505
44510
44511
44512
44517
44521
44536
44560
44566
44588
44592
44593
44601
44608
44612
44613
44616
44622
44624
44627
44659
44664
44665
44678
44679
44686
44694
44698
44699
44713
44725
44732
44736
44741
44775
44778
44783
44793
44794
44806
44811
44812
44814
44817
44822
44826
44830
44841
44842
44851
44857
44876
44878
44881
44883
44884
44891
44894
44896
44898
44910
44932
44934
44940
44944
44950
44951
44964
44965
44970
44971
44973
44978
44981
44982
44984
44993
44994
44995
44998
44999
45000
45003
45006
45011
45013
45014
45017
45027
45029
45031
45036
45038
45039
45041
45044
45054
45058
45060
45063
45092
45096
45105
45114
45118
45125
45131
45135
45136
45139
45145
45146
45150
45152
45158
45162
45165
45170
45177
45188
45206
45207
45209
45214
45215
45219
45224
45226
45229
45232
45236
45240
45242
45246
45249
45255
45289
45310
45315
45316
45321
45384
45389
45391
45426
45433
45434
45438
45440
45443
45445
45449
45453
45459
45460
45463
45466
45471
45481
45482
45494
45499
45500
45502
45526
45528
45535
45539
45544
45557
45558
45567
45572
45591
45592
45596
45598
45599
45605
45609
45611
45622
45646
45653
45672
45676
45682
45686
45691
45692
45702
45707
45708
45710
45715
45716
45718
45727
45728
45729
45732
45733
45734
45737
45740
45745
45747
45748
45750
45759
45760
45767
45768
45769
45771
45773
45782
45784
45791
45808
45821
45823
45825
45829
45830
45832
45837
45838
45843
45849
45852
45854
45859
45882
45885
45897
45915
45917
45918
45923
45924
45928
45933
45934
45938
45941
45945
45949
45951
45954
45958
45964
45982
45985
46019
46023
46028
46049
46071
46072
46135
46140
46143
46183
46190
46191
46195
46197
46201
46202
46206
46209
46214
46215
46219
46224
46227
46244
46245
46252
46260
46262
46263
46301
46311
46317
46320
46325
46330
46331
46332
46338
46341
46342
46355
46376
46382
46390
46394
46500
46505
46506
46519
46520
46527
46535
46539
46540
46554
46566
46573
46577
46582
46586
46589
46594
46604
46605
46617
46622
46623
46625
46628
46635
46639
46644
46658
46659
46670
46676
46697
46699
46703
46705
46706
46713
46716
46718
46720
46733
46752
46756
46759
46763
46767
46771
46776
46777
46790
46795
46796
46798
46803
46805
46806
46810
46811
46812
46819
46821
46822
46825
46831
46833
46835
46836
46839
46844
46846
46854
46858
46860
46861
46863
46866
46876
46879
46883
46885
46914
46923
46927
46944
46957
46959
46961
46965
46966
46969
46975
46976
46980
46982
46988
46991
46992
46998
47020
47024
47035
47052
47053
47073
47075
47078
47079
47095
47096
47132
47133
47165
47185
47226
47229
47235
47248
47261
47262
47264
47269
47272
47274
47280
47284
47291
47292
47296
47299
47304
47314
47315
47327
47332
47333
47335
47338
47345
47349
47354
47368
47369
47380
47386
47407
47409
47413
47415
47416
47422
47426
47428
47439
47463
47470
47489
47493
47499
47503
47508
47509
47519
47524
47525
47527
47532
47533
47535
47544
47545
47546
47549
47550
47551
47554
47557
47562
47564
47565
47567
47576
47578
47583
47585
47586
47588
47590
47599
47602
47607
47635
47639
47648
47657
47661
47668
47674
47679
47680
47682
47684
47690
47691
47696
47698
47705
47709
47711
47717
47725
47743
47748
47761
47779
47781
47782
47787
47788
47792
47797
47798
47802
47805
47809
47813
47815
47819
47822
47828
47845
47849
47891
47910
47929
47933
47934
47941
47969
47970
48010
48013
48022
48025
48054
48063
48064
48071
48079
48081
48082
48101
48102
48103
48110
48116
48119
48124
48128
48133
48136
48138
48156
48157
48164
48172
48174
48175
48191
48207
48227
48230
48234
48235
48236
48241
48244
48256
48275
48280
48286
48290
48292
48295
48299
48303
48307
48312
48313
48323
48327
48329
48331
48334
48335
48336
48343
48345
48346
48348
48355
48357
48359
48361
48363
48369
48371
48379
48384
48387
48388
48390
48393
48403
48406
48409
48412
48423
48427
48436
48464
48472
48476
48481
48486
48488
48494
48504
48525
48531
48532
48537
48541
48542
48544
48546
48549
48554
48558
48574
48580
48581
48585
48587
48590
48596
48601
48633
48634
48635
48645
48673
48674
48679
48688
48729
48748
48758
48760
48762
48765
48766
48767
48774
48776
48777
48779
48786
48788
48790
48792
48794
48800
48802
48810
48815
48818
48819
48821
48824
48834
48838
48840
48843
48854
48858
48867
48895
48903
48907
48912
48915
48916
48917
48921
48923
48928
48932
48936
48938
48944
48952
48972
48978
48979
48984
48988
48989
48992
48994
48998
49004
49008
49023
49027
49028
49032
49034
49037
49042
49048
49100
49101
49102
49112
49140
49141
49145
49152
49214
49217
49223
49235
49236
49243
49251
49253
49254
49272
49279
49283
49286
49290
49325
49326
49333
49341
49342
49344
49371
49383
49384
49391
49394
49399
49403
49408
49416
49432
49434
49436
49438
49439
49445
49449
49451
49462
49481
49489
49505
49513
49519
49523
49527
49532
49533
49535
49543
49544
49611
49614
49621
49625
49655
49656
49663
49671
49673
49674
49690
49695
49699
49702
49706
49739
49744
49747
49751
49767
49768
49775
49783
49784
49786
49813
49825
49826
49833
49836
49840
49843
49847
49854
49870
49872
49874
49876
49877
49884
49887
49889
49891
49903
49922
49927
49933
49935
49938
49944
49945
49950
49951
49953
49958
49965
49966
49977
49978
49980
49989
49990
49991
49994
49995
49996
49999
50002
50007
50009
50010
50013
50023
50025
50027
50032
50034
50036
50037
50040
50050
50052
50054
50059
50085
50089
50098
50108
50111
50120
50124
50128
50129
50131
50136
50137
50142
50148
50152
50155
50160
50167
50186
50191
50204
50222
50224
50226
50230
50231
50233
50238
50239
50244
50250
50253
50254
50260
50282
50286
50345
50350
50351
50357
50386
50387
50612
50615
50620
50650
50660
50661
50662
50665
50667
50669
50673
50677
50683
50684
50687
50690
50695
50705
50706
50718
50723
50724
50726
50750
50752
50759
50763
50768
50781
50782
50791
50796
50815
50816
50820
50822
50823
50829
50834
50836
50849
50873
50876
50882
50886
50892
50893
50906
50907
50912
50913
50915
50920
50982
50985
50990
51020
51021
51028
51036
51040
51041
51055
51059
51064
51068
51072
51075
51078
51083
51093
51094
51106
51111
51112
51114
51138
51140
51147
51151
51156
51169
51170
51179
51181
51183
51184
51190
51194
51196
51207
51229
51234
51253
51258
51266
51270
51276
51283
51284
51286
51293
51295
51297
51300
51301
51302
51309
51311
51312
51314
51321
51323
51325
51327
51328
51333
51335
51346
51349
51350
51352
51354
51363
51367
51371
51381
51385
51394
51422
51430
51434
51451
51464
51466
51468
51473
51474
51476
51477
51482
51483
51489
51496
51499
51501
51506
51529
51532
51535
51540
51541
51545
51550
51552
51555
51558
51561
51566
51568
51572
51578
51581
51585
51640
51641
51642
51650
51703
51716
51718
51720
51723
51724
51725
51732
51734
51735
51737
51744
51746
51748
51750
51751
51755
51757
51766
51769
51770
51772
51774
51783
51787
51791
51801
51805
51814
51842
51850
51854
51871
51884
51886
51888
51893
51894
51896
51897
51902
51903
51909
51916
51919
51921
51926
51948
51952
51955
51960
51961
51965
51970
51971
51975
51978
51981
51986
51988
51992
51998
52001
52005
52024
52029
52086
52087
52088
52097
52123
52124
52149
52164
52168
52177
52192
52193
52194
52202
52210
52213
52214
52235
52244
52250
52253
52258
52263
52266
52274
52287
52288
52295
52303
52305
52306
52326
52335
52341
52344
52349
52357
52377
52380
52385
52404
52412
52431
52436
52439
52443
52448
52452
52455
52459
52464
52471
52472
52481
52482
52485
52486
52488
52489
52491
52493
52494
52504
52507
52510
52512
52514
52516
52521
52523
52530
52534
52537
52538
52541
52543
52548
52552
52559
52561
52574
52582
52588
52596
52604
52608
52638
52653
52655
52661
52665
52666
52667
52668
52672
52674
52681
52684
52687
52689
52691
52716
52720
52722
52727
52728
52730
52731
52733
52736
52742
52746
52764
52770
52771
52776
52778
52782
52788
52791
52795
52806
52807
52813
52819
52913
52985
52988
52994
53006
53007
53014
53022
53024
53025
53043
53050
53054
53057
53061
53094
53099
53102
53119
53120
53127
53135
53136
53138
53165
53177
53178
53185
53188
53192
53195
53199
53206
53222
53224
53226
53228
53229
53236
53239
53241
53243
53255
53274
53282
53298
53306
53312
53316
53320
53325
53326
53328
53336
53337
53345
53347
53349
53352
53353
53354
53361
53363
53364
53366
53373
53375
53377
53379
53380
53384
53386
53395
53398
53399
53401
53403
53412
53416
53420
53430
53434
53443
53470
53479
53483
53488
53492
53493
53494
53495
53499
53501
53508
53512
53516
53518
53524
53532
53549
53554
53557
53561
53562
53564
53566
53569
53574
53578
53596
53603
53605
53610
53614
53616
53622
53624
53629
53681
53682
53683
53689
53695
53697
53724
53725
53750
53792
53795
53801
53813
53814
53821
53829
53831
53832
53852
53861
53867
53870
53875
53880
53884
53893
53908
53909
53910
53918
53926
53927
53929
53952
53953
53959
53963
53969
53972
53977
53985
54005
54008
54011
54013
54014
54021
54024
54026
54028
54040
54056
54064
54067
54071
54075
54079
54082
54087
54088
54090
54099
54100
54111
54113
54115
54118
54119
54120
54127
54129
54130
54132
54139
54141
54143
54145
54147
54152
54154
54161
54165
54168
54170
54171
54174
54184
54186
54188
54193
54201
54205
54214
54242
54250
54256
54266
54284
54285
54288
54292
54293
54295
54300
54302
54306
54312
54315
54317
54322
54330
54335
54336
54338
54340
54346
54347
54352
54354
54360
54364
54366
54369
54378
54399
54404
54461
54462
54463
54472
54518
54519
54524
54530
54621
54622
54625
54626
54628
54629
54631
54633
54634
54644
54647
54650
54652
54654
54655
54660
54662
54673
54676
54677
54680
54681
54685
54688
54697
54708
54717
54723
54730
54739
54743
54766
54769
54770
54772
54777
54779
54782
54785
54788
54792
54796
54797
54805
54826
54832
54834
54839
54840
54842
54843
54845
54848
54854
54858
54876
54882
54883
54888
54892
54894
54900
54902
54907
54917
54919
54920
54926
54930
54933
54950
54994
55017
55086
55089
55095
55129
55130
55134
55137
55142
55143
55148
55151
55160
55163
55175
55176
55183
55191
55193
55194
55215
55216
55222
55225
55227
55228
55234
55238
55240
55251
55272
55281
55297
55305
55314
55318
55319
55326
55333
55334
55336
55344
55345
55348
55349
55351
55352
55354
55356
55357
55367
55370
55373
55375
55377
55378
55383
55386
55396
55399
55400
55403
55404
55408
55411
55420
55432
55440
55446
55453
55462
55466
55489
55493
55494
55495
55496
55500
55502
55509
55512
55516
55518
55521
55530
55550
55555
55576
55581
55582
55588
55592
55593
55595
55597
55600
55606
55609
55610
55614
55617
55619
55625
55630
55641
55642
55643
55653
55681
55682
55689
55694
55731
55754
55796
55799
55805
55817
55818
55825
55833
55835
55836
55854
55861
55865
55868
55872
55906
55909
55917
55930
55931
55938
55946
55947
55949
55968
55969
55973
55977
55981
55984
55988
55995
56011
56013
56015
56017
56018
56024
56029
56031
56044
56063
56071
56087
56095
56101
56105
56109
56114
56115
56117
56125
56126
56135
56136
56139
56140
56142
56143
56145
56147
56148
56158
56161
56164
56166
56169
56170
56175
56177
56183
56188
56191
56193
56196
56197
56203
56205
56212
56218
56228
56236
56242
56250
56258
56264
56274
56289
56290
56296
56300
56301
56304
56310
56312
56315
56317
56322
56325
56327
56329
56349
56364
56366
56371
56375
56377
56379
56409
56411
56414
56415
56431
56432
56485
56486
56491
56497
56586
56591
56594
56630
56634
56635
56647
56652
56653
56655
56658
56665
56669
56674
56691
56692
56697
56729
56734
56736
56749
56751
56755
56759
56765
56766
56771
56783
56784
56785
56788
56790
56792
56796
56815
56818
56824
56843
56851
56852
56865
56866
56871
56872
56875
56883
56888
56889
56921
56925
56926
56938
56943
56944
56946
56949
56956
56960
56965
56982
56983
56988
57020
57025
57027
57030
57067
57069
57071
57075
57079
57085
57086
57090
57101
57102
57103
57106
57107
57108
57112
57131
57134
57140
57159
57167
57168
57181
57182
57187
57188
57191
57200
57201
57202
57207
57208
57211
57217
57222
57223
57226
57227
57229
57230
57232
57234
57235
57245
57248
57251
57253
57255
57256
57261
57263
57274
57277
57279
57281
57282
57287
57289
57300
57309
57318
57324
57331
57340
57346
57379
57390
57391
57397
57400
57401
57402
57404
57406
57412
57429
57433
57435
57438
57441
57442
57467
57478
57479
57485
57488
57489
57490
57492
57494
57500
57517
57521
57523
57526
57529
57530
57547
57548
57576
57620
57681
57686
57688
57703
57704
57716
57721
57722
57724
57727
57734
57738
57743
57762
57763
57769
57802
57807
57809
57822
57824
57828
57832
57838
57839
57844
57856
57857
57858
57862
57863
57865
57866
57869
57870
57878
57880
57882
57884
57896
57915
57922
57929
57930
57932
57941
57942
57949
57950
57952
57958
57963
57964
57967
57968
57970
57971
57973
57975
57976
57986
57989
57992
57994
57996
57998
58004
58006
58014
58019
58022
58024
58026
58028
58033
58035
58042
58046
58056
58064
58070
58077
58086
58092
58125
58136
58137
58143
58146
58147
58149
58151
58153
58160
58161
58179
58185
58187
58190
58192
58194
58207
58211
58212
58213
58215
58217
58219
58228
58229
58248
58253
58256
58260
58264
58265
58273
58284
58285
58293
58300
58307
58308
58352
58408
58409
58412
58413
58415
58416
58418
58420
58421
58431
58434
58437
58439
58441
58443
58449
58451
58459
58464
58467
58469
58471
58473
58478
58480
58487
58491
58501
58509
58515
58523
58531
58537
58570
58581
58582
58588
58592
58593
58594
58595
58597
58599
58607
58625
58631
58633
58636
58638
58640
58665
58676
58677
58683
58686
58687
58690
58692
58695
58703
58704
58721
58725
58727
58730
58732
58734
58751
58752
58771
58772
58837
59289
59359
59434
59436
59438
59442
59443
59447
59492
59494
59496
59500
59502
59508
59590
59675
59676
59677
59678
59679
59680
59681
59682
59683
59826
59827
59828
59830
59831
59832
59833
59834
59835
59977
59978
59980
59981
59982
59983
59985
59986
59987
60040
60047
60050
60058
60061
60065
60077
60078
60079
60080
60081
60082
60083
60084
60085
60095
60101
60103
60111
60114
60118
60414
60415
60416
60417
60418
60419
60420
60421
60422
60477
60478
60479
60480
60481
60482
60483
60484
60485
60538
60545
60548
60559
60560
60561
60562
60563
60564
60565
60566
60567
60577
60580
60584
60596
60597
60598
60599
60600
60601
60602
60603
60604
60817
60818
60820
60822
60826
60828
60835
60999
61008
61010
61011
61154
61155
61208
61209
61210
61219
61220
61302
61306
61310
61356
61366
61369
61371
61476
61480
61548
61549
61556
61559
61621
61625
61632
61647
61702
61703
61735
61754
61759
61767
61771
61778
61779
61780
61788
61789
61848
61851
61859
61861
61865
61866
61868
61872
61877
61881
61883
61885
62088
62091
62094
62142
62144
62145
62147
62151
62153
62155
62157
62312
62316
62318
62501
62514
62515
62520
62521
62566
62569
62576
62577
62653
62660
62662
62663
62665
62694
62695
62917
62918
62952
62959
62964
62966
62998
63004
63007
63012
63018
63031
63032
63037
63038
63160
63180
63182
63183
63184
63188
63249
63252
63258
63260
63269
63285
63291
63296
63297
63299
63322
63330
63333
63362
63363
63473
63474
63475
63484
63485
63522
63523
63542
63543
63562
63563
63582
63583
63602
63603
63622
63623
63642
63643
63662
63663
63682
63683
63702
63703
63722
63723
63742
63743
63762
63763
63782
63783
63802
63803
63822
63823
63842
63843
63862
63863
63882
63883
63902
63903
63922
63923
63942
63943
63962
63963
64235
64236
)
;
flipMap         List<bool> 
4872
(
0
0
0
1
1
1
1
1
1
1
1
1
0
1
0
0
0
1
1
0
0
0
0
0
0
0
0
0
1
0
0
0
0
1
0
0
0
0
1
1
1
1
1
1
1
1
1
1
1
1
1
1
1
1
1
1
1
0
0
1
0
0
1
0
0
1
0
0
1
0
0
1
0
0
0
0
1
1
1
0
0
1
0
0
1
0
0
0
0
1
0
0
0
0
1
0
0
0
0
1
1
1
1
1
0
0
1
0
0
1
0
0
0
0
1
0
0
0
0
1
0
0
0
0
1
0
0
0
0
1
0
0
0
0
1
0
0
1
0
0
1
0
0
1
1
1
1
1
1
1
0
0
0
0
0
0
0
0
0
0
1
1
1
1
1
1
1
1
1
1
0
0
0
0
0
0
0
1
1
1
1
0
0
0
0
0
0
1
1
1
1
1
1
1
0
0
1
1
1
1
1
1
0
0
0
0
1
1
1
1
0
0
0
0
0
0
0
0
0
1
1
1
1
1
1
1
0
0
0
0
0
1
1
1
1
1
1
1
0
0
1
1
1
1
1
1
0
0
0
0
0
0
0
0
0
0
1
1
1
1
1
1
1
1
1
1
0
0
0
0
0
0
0
0
0
0
1
1
1
1
0
1
1
1
1
1
1
1
0
0
1
1
1
1
1
1
0
0
0
0
0
0
0
0
0
0
1
1
1
1
0
1
1
1
1
1
1
1
0
0
0
1
1
1
1
1
1
1
0
0
0
0
1
1
1
1
1
1
0
1
0
1
1
1
1
1
0
0
0
0
0
0
0
0
0
0
1
1
1
1
0
0
1
1
1
1
1
1
0
1
0
1
1
1
1
1
0
0
0
0
0
0
0
0
0
0
1
1
1
1
0
1
1
1
1
1
1
0
0
1
0
0
1
1
1
1
1
1
0
1
0
1
1
1
1
1
0
0
0
0
0
0
0
1
1
1
1
0
0
0
0
0
1
1
1
1
1
1
0
1
0
1
1
1
1
1
0
0
0
0
0
0
0
0
0
0
1
1
1
1
0
1
1
1
1
1
1
0
0
1
1
1
1
1
1
0
0
0
0
0
0
0
1
1
1
1
0
0
0
1
1
1
1
1
0
0
0
0
0
0
0
1
1
1
1
0
0
0
0
0
1
1
1
1
1
1
0
0
1
0
0
1
1
1
1
1
1
0
0
1
1
1
1
1
0
0
0
0
0
0
0
0
0
0
1
1
1
1
0
0
1
1
1
1
1
1
0
1
0
0
0
1
1
1
1
1
1
0
1
0
1
1
1
1
1
0
0
0
0
0
0
0
1
1
1
1
0
0
0
1
1
1
1
1
0
0
0
0
0
0
0
1
1
1
1
0
0
0
0
1
1
1
1
1
1
0
0
1
1
1
1
1
1
0
0
0
0
1
1
1
1
0
0
0
0
0
0
0
0
1
1
1
1
1
1
0
0
1
1
1
1
1
1
0
0
0
0
0
0
0
1
1
1
1
0
0
0
0
0
1
1
1
1
1
1
0
0
1
1
1
1
1
0
0
0
0
0
0
0
1
1
1
1
0
0
0
1
1
1
1
1
0
0
0
0
1
1
1
1
0
0
0
0
0
0
0
0
1
1
1
1
1
1
0
0
1
1
1
1
1
1
0
0
0
0
1
1
1
1
0
0
0
0
0
0
0
0
1
1
1
1
1
1
0
0
1
1
1
1
1
0
0
0
0
1
1
1
1
0
0
0
0
0
0
0
0
0
1
1
1
1
1
1
1
0
0
0
0
0
1
1
1
1
1
1
1
0
0
1
1
1
1
0
0
0
0
1
1
1
1
0
0
0
0
0
0
0
0
0
1
1
1
1
1
1
1
0
0
1
1
1
1
0
0
0
0
1
1
1
1
0
0
0
0
0
0
1
1
1
1
0
0
0
0
1
1
1
1
0
0
0
0
0
0
0
0
0
0
0
0
0
0
0
1
1
1
1
1
1
1
1
1
1
1
1
1
1
1
1
1
1
1
1
1
1
1
1
1
1
1
0
0
0
1
1
1
0
0
0
0
0
0
0
0
0
1
1
1
1
1
1
0
0
0
0
0
0
0
0
0
0
0
0
0
0
0
1
1
0
0
0
1
1
1
1
0
0
0
1
1
1
1
0
0
1
0
0
0
1
1
1
1
0
0
0
1
1
1
1
0
0
0
1
1
1
1
0
0
0
1
1
1
1
1
0
0
1
1
0
0
0
1
1
1
1
0
0
0
1
1
1
1
0
0
1
1
0
0
0
1
1
1
1
0
0
0
1
1
1
1
0
0
0
1
1
1
1
0
0
0
1
1
1
1
0
0
0
1
1
1
1
0
0
0
1
1
1
1
1
1
0
0
0
1
1
1
1
0
0
0
1
1
1
1
0
0
1
1
0
0
0
1
1
1
1
0
0
0
1
1
1
1
0
0
0
1
1
1
1
0
0
0
1
1
1
1
1
0
0
0
1
1
1
1
0
0
0
1
1
1
1
0
0
1
0
0
0
1
1
1
1
0
0
0
1
1
1
1
1
1
1
0
0
0
1
1
1
1
0
0
0
1
1
1
1
0
0
0
1
1
1
1
0
0
0
1
1
1
1
1
1
0
0
0
1
1
1
1
0
0
0
1
1
1
1
0
0
0
1
1
1
1
0
0
0
1
1
1
1
0
0
1
0
0
1
0
0
0
1
1
1
1
0
0
0
1
1
1
1
0
0
0
1
1
1
1
0
0
1
0
0
0
1
1
1
1
1
0
0
1
0
0
0
1
1
1
1
0
0
0
1
1
1
1
0
0
1
0
0
0
1
1
1
1
0
0
0
1
1
1
1
1
0
0
0
1
1
1
1
0
0
0
1
1
1
1
0
0
0
1
1
1
1
0
0
0
1
1
1
1
0
0
1
1
0
0
0
1
1
1
1
0
0
0
1
1
1
1
1
1
1
1
1
0
0
0
0
0
0
0
0
0
0
1
1
1
1
0
0
0
0
0
0
0
0
0
0
0
1
1
1
1
0
0
0
0
0
0
0
0
0
0
0
1
1
1
1
0
1
1
1
1
1
1
1
1
1
1
1
1
1
1
1
1
1
1
1
1
1
1
1
1
1
1
1
1
1
1
1
1
1
1
1
1
1
1
1
1
1
1
1
1
1
1
1
1
1
1
1
1
1
1
1
0
0
0
0
1
1
1
1
0
0
0
0
0
1
1
1
1
0
0
0
0
1
1
1
1
1
1
1
0
0
0
0
1
1
1
1
0
0
0
0
1
1
1
1
0
0
0
0
0
0
0
0
0
0
0
1
1
1
1
0
1
1
1
1
1
1
0
0
0
0
1
1
1
1
0
1
1
1
0
0
0
0
1
1
1
1
0
1
1
1
1
1
1
0
1
1
1
0
0
0
0
0
0
0
0
0
0
1
1
1
1
0
1
1
1
1
1
1
0
1
1
1
1
1
1
1
1
1
1
1
1
1
0
0
0
0
1
1
1
1
0
0
0
0
1
1
1
1
0
1
1
1
0
0
0
0
0
0
0
0
0
0
1
1
1
1
0
0
0
0
0
0
0
0
0
0
0
1
1
1
1
0
1
1
1
0
0
0
0
0
0
0
0
0
0
1
1
1
1
0
0
0
0
0
0
1
1
1
1
1
0
0
0
0
0
0
0
0
0
0
0
1
1
1
1
0
1
1
1
0
0
0
0
1
1
1
1
0
0
0
1
1
1
1
1
0
0
0
0
1
1
1
1
0
1
1
1
0
0
0
1
1
1
1
1
1
1
1
0
0
0
0
0
0
1
1
0
0
0
0
0
0
1
1
0
0
0
0
0
0
1
0
0
0
0
0
0
0
1
1
1
1
1
1
1
0
0
1
1
1
1
1
0
0
0
0
0
0
1
1
1
1
1
0
1
1
1
1
1
1
0
0
1
1
0
0
0
0
0
1
1
1
1
1
1
1
1
0
0
0
0
0
0
1
1
0
0
0
0
0
0
0
1
0
0
0
0
0
0
1
1
1
1
1
1
1
0
0
1
1
1
1
1
0
0
0
0
0
0
0
1
1
1
1
1
1
0
1
1
1
1
1
0
0
1
1
1
1
0
1
1
1
1
1
1
1
1
0
1
1
0
0
0
0
0
1
1
1
1
1
1
1
1
0
0
1
1
0
0
0
0
0
0
0
1
1
1
0
0
0
0
1
1
0
0
0
0
0
1
0
0
0
0
1
0
0
0
0
1
1
1
1
1
1
1
1
0
0
0
0
0
0
1
0
0
0
0
0
0
1
0
0
0
0
0
0
1
1
1
1
0
0
0
0
0
0
0
1
1
1
1
1
1
0
1
1
1
0
0
0
0
0
0
1
1
1
1
1
1
0
1
0
1
1
1
0
0
1
1
1
1
1
1
0
1
1
0
1
1
1
1
1
1
0
1
1
0
0
0
0
0
1
1
1
1
1
1
1
1
0
0
1
1
0
0
0
0
0
0
0
1
1
1
0
0
0
0
1
1
1
1
0
0
0
0
0
1
0
0
0
1
0
1
1
1
1
1
1
1
1
0
1
1
0
0
0
0
0
1
1
0
1
1
1
1
1
1
0
1
1
0
0
0
0
0
0
0
0
0
0
0
0
0
0
1
0
0
0
0
0
0
1
0
0
0
0
1
1
1
1
1
1
1
1
0
0
0
0
0
0
1
1
0
0
0
0
0
0
1
1
0
0
0
0
0
0
1
0
0
0
0
0
0
1
1
1
1
1
1
1
0
0
1
1
1
1
1
0
0
0
0
0
0
0
1
1
1
1
1
1
1
0
1
1
1
1
1
1
0
0
1
1
0
0
0
1
1
1
1
1
1
1
1
0
0
0
0
0
0
1
0
0
0
0
0
0
1
0
0
0
1
1
1
1
0
0
0
0
0
0
1
1
1
1
1
1
1
0
1
1
1
1
1
0
0
0
0
0
0
1
1
1
1
1
1
1
0
1
1
1
1
1
1
1
1
1
1
0
1
1
1
1
1
1
1
1
0
1
1
0
0
0
1
1
1
1
1
1
1
1
0
1
1
0
0
1
1
1
0
0
0
1
1
1
1
0
0
1
0
0
1
0
0
0
1
1
1
1
1
1
1
1
0
0
0
0
0
0
1
0
0
0
0
0
0
1
0
0
0
0
0
0
1
1
1
1
0
0
0
0
0
0
1
1
1
1
1
1
1
0
1
1
1
1
1
0
0
0
0
0
0
1
1
1
1
1
1
1
0
1
1
1
1
1
1
1
1
0
1
1
1
1
1
1
1
1
0
1
1
0
0
0
1
1
1
1
1
1
1
1
0
0
0
0
1
1
1
0
0
1
1
0
0
1
0
0
0
1
0
0
0
1
0
1
1
0
0
1
1
0
0
0
1
1
1
1
1
1
1
1
0
1
1
0
0
0
0
0
1
1
1
0
0
1
1
1
1
0
0
0
0
1
1
0
0
0
1
0
1
1
1
1
1
1
1
1
0
0
1
1
0
0
1
1
1
1
1
1
1
1
0
1
1
0
0
0
0
0
0
0
1
1
1
0
0
0
0
1
1
0
0
1
0
0
0
0
0
0
1
0
0
0
0
1
1
1
1
1
1
1
1
0
0
0
0
0
0
1
1
0
0
0
0
0
0
1
1
0
0
0
0
0
0
1
0
0
0
0
0
1
0
1
1
1
0
0
1
1
1
1
0
0
0
0
0
0
1
1
1
1
1
0
1
1
0
1
1
0
0
1
1
0
0
0
0
0
0
0
1
1
0
0
0
1
1
1
1
1
1
1
1
0
0
1
1
0
0
0
0
0
0
0
1
1
1
0
0
0
1
1
1
1
0
0
1
0
0
0
0
0
1
0
0
0
1
1
1
1
1
1
1
1
0
0
0
0
0
0
1
0
0
0
0
0
0
1
1
1
1
1
0
0
0
0
0
0
1
1
1
0
1
1
1
1
1
1
0
0
0
0
0
0
1
1
1
1
1
0
1
1
1
1
1
1
1
1
1
0
1
1
0
0
0
0
0
0
0
1
1
0
0
0
1
1
1
1
1
1
1
1
0
0
1
1
0
1
1
1
0
0
0
1
1
0
0
1
0
1
1
1
1
1
1
1
1
0
0
1
1
0
0
1
1
1
1
1
1
1
1
0
1
1
0
0
0
0
0
0
0
1
1
1
0
0
0
0
1
1
0
0
0
1
0
0
0
0
0
0
1
0
0
0
1
1
1
1
1
1
1
1
0
0
0
0
0
0
1
1
0
0
0
0
0
0
1
1
0
0
0
1
1
1
1
0
0
0
0
0
1
0
1
1
1
0
1
1
1
1
1
1
1
1
1
1
1
1
1
1
1
0
1
1
0
0
0
0
0
0
0
1
1
0
0
0
1
1
1
1
1
1
1
1
0
1
1
0
0
0
0
0
0
0
1
1
1
0
0
0
1
1
1
1
0
0
1
0
0
0
0
0
1
0
0
0
1
1
1
1
1
1
1
1
0
0
0
0
0
0
1
0
0
0
0
0
0
1
0
0
0
0
0
0
1
0
0
0
0
0
0
1
0
1
1
1
0
0
1
1
1
1
1
1
0
0
0
0
0
0
1
1
1
1
1
0
1
1
1
1
1
0
1
1
0
1
1
0
1
1
1
0
1
1
1
1
1
1
0
0
0
0
1
1
0
0
1
1
1
1
1
1
1
1
1
0
0
0
0
1
1
1
0
0
1
1
0
0
1
0
0
0
1
0
0
0
1
0
0
0
1
1
1
1
1
1
1
1
0
0
0
0
0
0
1
1
0
0
0
0
0
0
1
1
0
0
0
0
0
0
1
1
1
0
0
1
1
1
1
0
0
0
0
0
0
1
1
1
1
1
1
0
1
1
0
1
1
0
1
1
0
0
1
1
0
0
0
1
1
1
1
1
1
1
1
0
0
0
0
0
0
1
1
0
0
0
0
0
0
1
1
0
0
0
0
0
0
1
0
0
0
0
0
0
1
1
1
0
0
1
1
1
1
0
0
0
0
0
0
1
1
1
1
1
1
0
1
1
0
1
1
0
1
1
0
0
0
1
1
1
1
1
1
1
1
0
0
1
1
0
1
1
1
1
1
1
0
0
0
0
0
1
1
0
0
0
0
1
1
1
0
0
0
1
1
1
1
0
0
1
0
0
0
1
0
0
0
1
1
1
1
1
1
1
1
1
0
0
1
1
0
0
1
1
1
1
1
1
1
1
1
0
0
0
0
0
1
1
0
0
0
0
1
1
1
0
0
0
0
1
1
0
0
0
1
0
0
0
0
1
0
0
0
0
0
0
1
1
1
1
1
1
1
1
0
0
0
0
0
0
1
1
0
0
0
0
0
0
1
1
0
0
0
0
0
0
1
0
0
0
0
0
0
1
1
1
0
0
1
1
1
1
1
1
0
0
0
0
0
0
1
1
1
0
1
1
0
1
1
0
1
1
0
1
1
0
0
0
0
0
0
0
1
1
0
0
0
1
1
1
1
1
1
1
1
0
0
1
1
0
0
0
0
0
0
0
1
1
1
0
0
0
1
1
0
0
1
0
0
0
0
0
0
1
0
0
1
1
1
1
1
1
1
1
0
0
1
1
0
0
1
1
1
1
1
1
1
1
0
0
1
1
0
0
0
0
1
1
1
0
0
0
1
1
1
1
0
0
1
0
0
0
1
0
0
0
1
1
1
1
1
1
1
1
0
0
0
0
0
0
1
0
0
0
0
0
0
1
0
0
0
0
0
0
1
1
1
1
0
0
0
0
0
0
0
1
1
1
0
1
1
1
0
0
0
0
0
0
1
1
1
1
0
1
0
1
0
1
1
0
1
0
0
0
1
1
1
1
1
1
1
1
0
0
0
0
0
0
1
0
0
0
0
0
0
1
0
0
0
0
0
0
1
1
1
1
0
0
0
0
0
0
0
1
1
1
0
1
1
1
0
0
0
0
0
0
1
1
1
1
0
1
0
1
1
1
0
1
1
0
1
1
1
0
1
1
1
1
1
1
1
1
1
0
0
1
1
0
0
1
1
1
1
1
1
1
1
0
0
1
1
0
0
0
0
1
1
1
1
0
0
0
1
0
0
0
1
0
0
0
0
0
1
1
1
1
1
1
1
1
0
0
0
0
0
0
1
1
0
0
0
0
0
0
1
1
0
0
0
0
0
0
1
1
1
1
0
0
0
0
0
0
0
1
1
1
0
1
1
1
0
0
0
0
0
0
0
1
1
1
1
1
1
0
1
0
1
1
1
0
0
1
0
1
1
1
1
1
1
1
1
0
0
1
1
0
0
1
1
1
1
1
1
1
1
0
0
0
0
0
1
1
0
0
0
0
1
1
1
0
0
0
0
1
1
1
1
0
0
1
0
0
0
1
0
0
0
0
0
1
1
1
1
1
1
1
1
0
0
0
0
0
0
1
0
0
0
0
0
0
1
0
0
0
0
0
0
1
0
0
0
0
0
0
0
1
1
1
0
0
1
1
1
0
0
0
0
0
0
1
1
1
1
1
1
0
1
0
1
0
1
1
0
0
0
1
1
1
0
1
1
1
1
1
1
1
1
0
0
1
1
0
0
1
1
1
1
1
1
1
1
1
0
0
0
0
1
1
0
0
0
0
1
1
1
0
0
0
0
1
1
0
0
0
1
0
0
0
0
1
0
0
0
0
0
1
1
1
1
1
1
1
1
0
0
0
0
0
0
1
1
0
0
0
0
0
0
1
1
0
0
0
0
0
0
1
1
1
1
0
0
0
0
0
0
1
1
1
0
1
0
0
0
0
0
0
1
0
1
1
1
0
0
1
1
0
1
1
0
1
1
0
0
0
0
0
1
1
1
1
1
1
1
1
0
0
0
0
0
0
1
0
0
0
0
0
0
1
0
0
0
0
0
0
1
0
0
0
0
0
1
0
1
1
1
0
0
1
1
1
0
0
0
0
0
0
0
1
1
1
1
1
1
0
1
0
1
0
1
1
0
0
0
1
1
1
0
1
1
0
0
1
1
0
0
0
1
1
1
1
1
1
1
1
1
0
0
0
1
1
1
0
0
0
1
1
1
1
0
0
1
1
0
0
0
1
0
0
0
1
1
1
1
1
1
1
1
0
0
0
0
0
0
1
0
0
0
0
0
0
1
0
0
0
0
0
0
1
0
0
0
0
0
0
0
1
1
1
0
0
1
1
1
1
1
1
0
0
0
0
0
0
1
1
1
1
0
1
1
0
1
1
0
1
1
0
0
1
1
0
1
1
1
1
1
1
1
1
0
0
1
1
0
0
1
1
1
1
1
1
1
1
0
0
0
0
1
1
0
0
0
0
1
1
1
0
0
0
1
1
1
1
0
0
1
0
0
0
1
0
0
0
0
0
1
1
1
1
1
1
1
1
0
0
0
0
0
0
1
1
0
0
0
0
0
0
1
1
0
0
0
0
0
0
1
1
1
1
0
0
0
0
0
1
0
1
1
1
0
1
1
1
1
1
1
0
1
1
1
1
1
1
1
1
0
0
0
1
1
0
1
1
1
1
1
1
0
1
1
0
0
0
0
0
1
1
0
0
1
1
0
0
0
0
0
0
0
0
0
0
0
0
1
1
0
0
0
0
0
0
1
0
1
1
0
1
1
1
1
1
1
0
1
1
0
0
0
0
0
1
1
1
0
0
0
1
1
0
0
0
0
0
0
0
0
0
0
0
0
1
1
0
0
0
0
0
0
1
0
0
0
0
0
1
0
0
0
0
1
1
1
1
1
1
1
1
0
0
0
0
0
0
1
0
0
0
0
0
0
1
0
0
0
0
0
0
1
1
1
1
0
0
0
0
0
0
1
1
1
1
1
0
1
1
1
1
0
0
0
0
0
0
1
1
1
1
1
0
1
1
1
1
0
1
1
1
1
1
1
1
1
0
1
1
0
0
0
0
0
1
1
0
0
1
1
0
0
0
0
0
0
0
0
0
1
1
1
0
0
0
0
1
1
0
0
0
1
0
0
0
0
1
0
0
0
0
1
1
1
1
1
1
1
1
0
0
0
0
0
0
1
1
0
0
0
0
0
0
1
1
0
0
0
0
0
0
1
1
1
1
0
0
0
0
0
1
0
1
1
1
1
1
0
1
0
0
0
0
0
0
1
0
1
1
1
1
1
0
0
1
1
0
0
1
1
1
0
0
0
1
1
1
1
1
1
1
1
0
0
0
0
0
0
1
1
0
0
0
0
0
0
1
1
0
0
0
0
0
0
1
1
1
1
0
0
0
0
0
0
0
1
1
1
1
1
0
1
1
1
1
0
0
0
0
0
1
0
1
1
1
1
1
0
1
1
1
1
1
1
1
0
0
1
1
1
1
0
0
1
1
1
1
1
0
0
0
0
0
0
0
0
0
0
0
0
0
0
0
0
0
0
0
0
0
0
0
0
0
0
0
0
0
0
0
0
0
0
0
0
0
0
0
0
0
0
0
0
0
0
0
0
0
0
0
0
0
0
0
0
0
0
0
0
0
0
0
0
0
0
0
0
0
0
0
0
0
0
0
0
0
0
0
0
0
0
0
0
0
0
0
0
0
0
0
0
0
0
0
0
1
1
0
0
0
1
1
1
0
0
1
1
0
1
1
1
1
1
1
1
1
1
1
0
0
0
0
0
1
1
1
1
1
0
0
1
1
0
0
1
1
0
0
0
1
0
0
0
0
1
1
1
0
0
1
1
1
0
0
0
0
0
1
0
0
1
1
0
0
0
0
0
1
1
1
1
1
0
0
0
0
1
1
1
1
1
1
1
1
0
1
1
0
0
0
0
0
0
0
1
0
0
0
0
1
1
0
0
1
1
0
0
0
1
1
0
0
1
1
1
0
0
1
1
0
0
0
0
0
0
0
0
0
0
0
0
0
0
0
0
0
0
0
0
0
0
0
0
0
0
0
0
0
0
0
0
0
0
0
0
0
0
0
0
0
0
0
0
0
0
0
0
)
;
}
)

// ************************************************************************* //
