FoamFile
{
    version 2.0; format ascii;
    class dictionary; object blockMeshDict;
}

scale 1;

vertices
(
    (0.0000000e+00 0.0000000e+00 0.0000000e+00)
    (6.2500000e-03 0.0000000e+00 0.0000000e+00)
    (7.7500000e-03 0.0000000e+00 0.0000000e+00)
    (1.2250000e-02 0.0000000e+00 0.0000000e+00)
    (1.3750000e-02 0.0000000e+00 0.0000000e+00)
    (1.8250000e-02 0.0000000e+00 0.0000000e+00)
    (1.9750000e-02 0.0000000e+00 0.0000000e+00)
    (2.4250000e-02 0.0000000e+00 0.0000000e+00)
    (2.5750000e-02 0.0000000e+00 0.0000000e+00)
    (3.0250000e-02 0.0000000e+00 0.0000000e+00)
    (3.1750000e-02 0.0000000e+00 0.0000000e+00)
    (3.6250000e-02 0.0000000e+00 0.0000000e+00)
    (3.7750000e-02 0.0000000e+00 0.0000000e+00)
    (4.2250000e-02 0.0000000e+00 0.0000000e+00)
    (4.3750000e-02 0.0000000e+00 0.0000000e+00)
    (4.8250000e-02 0.0000000e+00 0.0000000e+00)
    (4.9750000e-02 0.0000000e+00 0.0000000e+00)
    (5.4250000e-02 0.0000000e+00 0.0000000e+00)
    (5.5750000e-02 0.0000000e+00 0.0000000e+00)
    (6.0250000e-02 0.0000000e+00 0.0000000e+00)
    (6.1750000e-02 0.0000000e+00 0.0000000e+00)
    (6.6250000e-02 0.0000000e+00 0.0000000e+00)
    (6.7750000e-02 0.0000000e+00 0.0000000e+00)
    (7.2250000e-02 0.0000000e+00 0.0000000e+00)
    (7.3750000e-02 0.0000000e+00 0.0000000e+00)
    (8.0000000e-02 0.0000000e+00 0.0000000e+00)
    (0.0000000e+00 5.0000000e-03 0.0000000e+00)
    (6.2500000e-03 5.0000000e-03 0.0000000e+00)
    (7.7500000e-03 5.0000000e-03 0.0000000e+00)
    (1.2250000e-02 5.0000000e-03 0.0000000e+00)
    (1.3750000e-02 5.0000000e-03 0.0000000e+00)
    (1.8250000e-02 5.0000000e-03 0.0000000e+00)
    (1.9750000e-02 5.0000000e-03 0.0000000e+00)
    (2.4250000e-02 5.0000000e-03 0.0000000e+00)
    (2.5750000e-02 5.0000000e-03 0.0000000e+00)
    (3.0250000e-02 5.0000000e-03 0.0000000e+00)
    (3.1750000e-02 5.0000000e-03 0.0000000e+00)
    (3.6250000e-02 5.0000000e-03 0.0000000e+00)
    (3.7750000e-02 5.0000000e-03 0.0000000e+00)
    (4.2250000e-02 5.0000000e-03 0.0000000e+00)
    (4.3750000e-02 5.0000000e-03 0.0000000e+00)
    (4.8250000e-02 5.0000000e-03 0.0000000e+00)
    (4.9750000e-02 5.0000000e-03 0.0000000e+00)
    (5.4250000e-02 5.0000000e-03 0.0000000e+00)
    (5.5750000e-02 5.0000000e-03 0.0000000e+00)
    (6.0250000e-02 5.0000000e-03 0.0000000e+00)
    (6.1750000e-02 5.0000000e-03 0.0000000e+00)
    (6.6250000e-02 5.0000000e-03 0.0000000e+00)
    (6.7750000e-02 5.0000000e-03 0.0000000e+00)
    (7.2250000e-02 5.0000000e-03 0.0000000e+00)
    (7.3750000e-02 5.0000000e-03 0.0000000e+00)
    (8.0000000e-02 5.0000000e-03 0.0000000e+00)
    (0.0000000e+00 4.0000000e-02 0.0000000e+00)
    (6.2500000e-03 4.0000000e-02 0.0000000e+00)
    (7.7500000e-03 4.0000000e-02 0.0000000e+00)
    (1.2250000e-02 4.0000000e-02 0.0000000e+00)
    (1.3750000e-02 4.0000000e-02 0.0000000e+00)
    (1.8250000e-02 4.0000000e-02 0.0000000e+00)
    (1.9750000e-02 4.0000000e-02 0.0000000e+00)
    (2.4250000e-02 4.0000000e-02 0.0000000e+00)
    (2.5750000e-02 4.0000000e-02 0.0000000e+00)
    (3.0250000e-02 4.0000000e-02 0.0000000e+00)
    (3.1750000e-02 4.0000000e-02 0.0000000e+00)
    (3.6250000e-02 4.0000000e-02 0.0000000e+00)
    (3.7750000e-02 4.0000000e-02 0.0000000e+00)
    (4.2250000e-02 4.0000000e-02 0.0000000e+00)
    (4.3750000e-02 4.0000000e-02 0.0000000e+00)
    (4.8250000e-02 4.0000000e-02 0.0000000e+00)
    (4.9750000e-02 4.0000000e-02 0.0000000e+00)
    (5.4250000e-02 4.0000000e-02 0.0000000e+00)
    (5.5750000e-02 4.0000000e-02 0.0000000e+00)
    (6.0250000e-02 4.0000000e-02 0.0000000e+00)
    (6.1750000e-02 4.0000000e-02 0.0000000e+00)
    (6.6250000e-02 4.0000000e-02 0.0000000e+00)
    (6.7750000e-02 4.0000000e-02 0.0000000e+00)
    (7.2250000e-02 4.0000000e-02 0.0000000e+00)
    (7.3750000e-02 4.0000000e-02 0.0000000e+00)
    (8.0000000e-02 4.0000000e-02 0.0000000e+00)
    (0.0000000e+00 8.0000000e-02 0.0000000e+00)
    (6.2500000e-03 8.0000000e-02 0.0000000e+00)
    (7.7500000e-03 8.0000000e-02 0.0000000e+00)
    (1.2250000e-02 8.0000000e-02 0.0000000e+00)
    (1.3750000e-02 8.0000000e-02 0.0000000e+00)
    (1.8250000e-02 8.0000000e-02 0.0000000e+00)
    (1.9750000e-02 8.0000000e-02 0.0000000e+00)
    (2.4250000e-02 8.0000000e-02 0.0000000e+00)
    (2.5750000e-02 8.0000000e-02 0.0000000e+00)
    (3.0250000e-02 8.0000000e-02 0.0000000e+00)
    (3.1750000e-02 8.0000000e-02 0.0000000e+00)
    (3.6250000e-02 8.0000000e-02 0.0000000e+00)
    (3.7750000e-02 8.0000000e-02 0.0000000e+00)
    (4.2250000e-02 8.0000000e-02 0.0000000e+00)
    (4.3750000e-02 8.0000000e-02 0.0000000e+00)
    (4.8250000e-02 8.0000000e-02 0.0000000e+00)
    (4.9750000e-02 8.0000000e-02 0.0000000e+00)
    (5.4250000e-02 8.0000000e-02 0.0000000e+00)
    (5.5750000e-02 8.0000000e-02 0.0000000e+00)
    (6.0250000e-02 8.0000000e-02 0.0000000e+00)
    (6.1750000e-02 8.0000000e-02 0.0000000e+00)
    (6.6250000e-02 8.0000000e-02 0.0000000e+00)
    (6.7750000e-02 8.0000000e-02 0.0000000e+00)
    (7.2250000e-02 8.0000000e-02 0.0000000e+00)
    (7.3750000e-02 8.0000000e-02 0.0000000e+00)
    (8.0000000e-02 8.0000000e-02 0.0000000e+00)
    (0.0000000e+00 0.0000000e+00 1.0500000e-01)
    (6.2500000e-03 0.0000000e+00 1.0500000e-01)
    (7.7500000e-03 0.0000000e+00 1.0500000e-01)
    (1.2250000e-02 0.0000000e+00 1.0500000e-01)
    (1.3750000e-02 0.0000000e+00 1.0500000e-01)
    (1.8250000e-02 0.0000000e+00 1.0500000e-01)
    (1.9750000e-02 0.0000000e+00 1.0500000e-01)
    (2.4250000e-02 0.0000000e+00 1.0500000e-01)
    (2.5750000e-02 0.0000000e+00 1.0500000e-01)
    (3.0250000e-02 0.0000000e+00 1.0500000e-01)
    (3.1750000e-02 0.0000000e+00 1.0500000e-01)
    (3.6250000e-02 0.0000000e+00 1.0500000e-01)
    (3.7750000e-02 0.0000000e+00 1.0500000e-01)
    (4.2250000e-02 0.0000000e+00 1.0500000e-01)
    (4.3750000e-02 0.0000000e+00 1.0500000e-01)
    (4.8250000e-02 0.0000000e+00 1.0500000e-01)
    (4.9750000e-02 0.0000000e+00 1.0500000e-01)
    (5.4250000e-02 0.0000000e+00 1.0500000e-01)
    (5.5750000e-02 0.0000000e+00 1.0500000e-01)
    (6.0250000e-02 0.0000000e+00 1.0500000e-01)
    (6.1750000e-02 0.0000000e+00 1.0500000e-01)
    (6.6250000e-02 0.0000000e+00 1.0500000e-01)
    (6.7750000e-02 0.0000000e+00 1.0500000e-01)
    (7.2250000e-02 0.0000000e+00 1.0500000e-01)
    (7.3750000e-02 0.0000000e+00 1.0500000e-01)
    (8.0000000e-02 0.0000000e+00 1.0500000e-01)
    (0.0000000e+00 5.0000000e-03 1.0500000e-01)
    (6.2500000e-03 5.0000000e-03 1.0500000e-01)
    (7.7500000e-03 5.0000000e-03 1.0500000e-01)
    (1.2250000e-02 5.0000000e-03 1.0500000e-01)
    (1.3750000e-02 5.0000000e-03 1.0500000e-01)
    (1.8250000e-02 5.0000000e-03 1.0500000e-01)
    (1.9750000e-02 5.0000000e-03 1.0500000e-01)
    (2.4250000e-02 5.0000000e-03 1.0500000e-01)
    (2.5750000e-02 5.0000000e-03 1.0500000e-01)
    (3.0250000e-02 5.0000000e-03 1.0500000e-01)
    (3.1750000e-02 5.0000000e-03 1.0500000e-01)
    (3.6250000e-02 5.0000000e-03 1.0500000e-01)
    (3.7750000e-02 5.0000000e-03 1.0500000e-01)
    (4.2250000e-02 5.0000000e-03 1.0500000e-01)
    (4.3750000e-02 5.0000000e-03 1.0500000e-01)
    (4.8250000e-02 5.0000000e-03 1.0500000e-01)
    (4.9750000e-02 5.0000000e-03 1.0500000e-01)
    (5.4250000e-02 5.0000000e-03 1.0500000e-01)
    (5.5750000e-02 5.0000000e-03 1.0500000e-01)
    (6.0250000e-02 5.0000000e-03 1.0500000e-01)
    (6.1750000e-02 5.0000000e-03 1.0500000e-01)
    (6.6250000e-02 5.0000000e-03 1.0500000e-01)
    (6.7750000e-02 5.0000000e-03 1.0500000e-01)
    (7.2250000e-02 5.0000000e-03 1.0500000e-01)
    (7.3750000e-02 5.0000000e-03 1.0500000e-01)
    (8.0000000e-02 5.0000000e-03 1.0500000e-01)
    (0.0000000e+00 4.0000000e-02 1.0500000e-01)
    (6.2500000e-03 4.0000000e-02 1.0500000e-01)
    (7.7500000e-03 4.0000000e-02 1.0500000e-01)
    (1.2250000e-02 4.0000000e-02 1.0500000e-01)
    (1.3750000e-02 4.0000000e-02 1.0500000e-01)
    (1.8250000e-02 4.0000000e-02 1.0500000e-01)
    (1.9750000e-02 4.0000000e-02 1.0500000e-01)
    (2.4250000e-02 4.0000000e-02 1.0500000e-01)
    (2.5750000e-02 4.0000000e-02 1.0500000e-01)
    (3.0250000e-02 4.0000000e-02 1.0500000e-01)
    (3.1750000e-02 4.0000000e-02 1.0500000e-01)
    (3.6250000e-02 4.0000000e-02 1.0500000e-01)
    (3.7750000e-02 4.0000000e-02 1.0500000e-01)
    (4.2250000e-02 4.0000000e-02 1.0500000e-01)
    (4.3750000e-02 4.0000000e-02 1.0500000e-01)
    (4.8250000e-02 4.0000000e-02 1.0500000e-01)
    (4.9750000e-02 4.0000000e-02 1.0500000e-01)
    (5.4250000e-02 4.0000000e-02 1.0500000e-01)
    (5.5750000e-02 4.0000000e-02 1.0500000e-01)
    (6.0250000e-02 4.0000000e-02 1.0500000e-01)
    (6.1750000e-02 4.0000000e-02 1.0500000e-01)
    (6.6250000e-02 4.0000000e-02 1.0500000e-01)
    (6.7750000e-02 4.0000000e-02 1.0500000e-01)
    (7.2250000e-02 4.0000000e-02 1.0500000e-01)
    (7.3750000e-02 4.0000000e-02 1.0500000e-01)
    (8.0000000e-02 4.0000000e-02 1.0500000e-01)
    (0.0000000e+00 8.0000000e-02 1.0500000e-01)
    (6.2500000e-03 8.0000000e-02 1.0500000e-01)
    (7.7500000e-03 8.0000000e-02 1.0500000e-01)
    (1.2250000e-02 8.0000000e-02 1.0500000e-01)
    (1.3750000e-02 8.0000000e-02 1.0500000e-01)
    (1.8250000e-02 8.0000000e-02 1.0500000e-01)
    (1.9750000e-02 8.0000000e-02 1.0500000e-01)
    (2.4250000e-02 8.0000000e-02 1.0500000e-01)
    (2.5750000e-02 8.0000000e-02 1.0500000e-01)
    (3.0250000e-02 8.0000000e-02 1.0500000e-01)
    (3.1750000e-02 8.0000000e-02 1.0500000e-01)
    (3.6250000e-02 8.0000000e-02 1.0500000e-01)
    (3.7750000e-02 8.0000000e-02 1.0500000e-01)
    (4.2250000e-02 8.0000000e-02 1.0500000e-01)
    (4.3750000e-02 8.0000000e-02 1.0500000e-01)
    (4.8250000e-02 8.0000000e-02 1.0500000e-01)
    (4.9750000e-02 8.0000000e-02 1.0500000e-01)
    (5.4250000e-02 8.0000000e-02 1.0500000e-01)
    (5.5750000e-02 8.0000000e-02 1.0500000e-01)
    (6.0250000e-02 8.0000000e-02 1.0500000e-01)
    (6.1750000e-02 8.0000000e-02 1.0500000e-01)
    (6.6250000e-02 8.0000000e-02 1.0500000e-01)
    (6.7750000e-02 8.0000000e-02 1.0500000e-01)
    (7.2250000e-02 8.0000000e-02 1.0500000e-01)
    (7.3750000e-02 8.0000000e-02 1.0500000e-01)
    (8.0000000e-02 8.0000000e-02 1.0500000e-01)
    (0.0000000e+00 0.0000000e+00 1.8500000e-01)
    (6.2500000e-03 0.0000000e+00 1.8500000e-01)
    (7.7500000e-03 0.0000000e+00 1.8500000e-01)
    (1.2250000e-02 0.0000000e+00 1.8500000e-01)
    (1.3750000e-02 0.0000000e+00 1.8500000e-01)
    (1.8250000e-02 0.0000000e+00 1.8500000e-01)
    (1.9750000e-02 0.0000000e+00 1.8500000e-01)
    (2.4250000e-02 0.0000000e+00 1.8500000e-01)
    (2.5750000e-02 0.0000000e+00 1.8500000e-01)
    (3.0250000e-02 0.0000000e+00 1.8500000e-01)
    (3.1750000e-02 0.0000000e+00 1.8500000e-01)
    (3.6250000e-02 0.0000000e+00 1.8500000e-01)
    (3.7750000e-02 0.0000000e+00 1.8500000e-01)
    (4.2250000e-02 0.0000000e+00 1.8500000e-01)
    (4.3750000e-02 0.0000000e+00 1.8500000e-01)
    (4.8250000e-02 0.0000000e+00 1.8500000e-01)
    (4.9750000e-02 0.0000000e+00 1.8500000e-01)
    (5.4250000e-02 0.0000000e+00 1.8500000e-01)
    (5.5750000e-02 0.0000000e+00 1.8500000e-01)
    (6.0250000e-02 0.0000000e+00 1.8500000e-01)
    (6.1750000e-02 0.0000000e+00 1.8500000e-01)
    (6.6250000e-02 0.0000000e+00 1.8500000e-01)
    (6.7750000e-02 0.0000000e+00 1.8500000e-01)
    (7.2250000e-02 0.0000000e+00 1.8500000e-01)
    (7.3750000e-02 0.0000000e+00 1.8500000e-01)
    (8.0000000e-02 0.0000000e+00 1.8500000e-01)
    (0.0000000e+00 5.0000000e-03 1.8500000e-01)
    (6.2500000e-03 5.0000000e-03 1.8500000e-01)
    (7.7500000e-03 5.0000000e-03 1.8500000e-01)
    (1.2250000e-02 5.0000000e-03 1.8500000e-01)
    (1.3750000e-02 5.0000000e-03 1.8500000e-01)
    (1.8250000e-02 5.0000000e-03 1.8500000e-01)
    (1.9750000e-02 5.0000000e-03 1.8500000e-01)
    (2.4250000e-02 5.0000000e-03 1.8500000e-01)
    (2.5750000e-02 5.0000000e-03 1.8500000e-01)
    (3.0250000e-02 5.0000000e-03 1.8500000e-01)
    (3.1750000e-02 5.0000000e-03 1.8500000e-01)
    (3.6250000e-02 5.0000000e-03 1.8500000e-01)
    (3.7750000e-02 5.0000000e-03 1.8500000e-01)
    (4.2250000e-02 5.0000000e-03 1.8500000e-01)
    (4.3750000e-02 5.0000000e-03 1.8500000e-01)
    (4.8250000e-02 5.0000000e-03 1.8500000e-01)
    (4.9750000e-02 5.0000000e-03 1.8500000e-01)
    (5.4250000e-02 5.0000000e-03 1.8500000e-01)
    (5.5750000e-02 5.0000000e-03 1.8500000e-01)
    (6.0250000e-02 5.0000000e-03 1.8500000e-01)
    (6.1750000e-02 5.0000000e-03 1.8500000e-01)
    (6.6250000e-02 5.0000000e-03 1.8500000e-01)
    (6.7750000e-02 5.0000000e-03 1.8500000e-01)
    (7.2250000e-02 5.0000000e-03 1.8500000e-01)
    (7.3750000e-02 5.0000000e-03 1.8500000e-01)
    (8.0000000e-02 5.0000000e-03 1.8500000e-01)
    (0.0000000e+00 4.0000000e-02 1.8500000e-01)
    (6.2500000e-03 4.0000000e-02 1.8500000e-01)
    (7.7500000e-03 4.0000000e-02 1.8500000e-01)
    (1.2250000e-02 4.0000000e-02 1.8500000e-01)
    (1.3750000e-02 4.0000000e-02 1.8500000e-01)
    (1.8250000e-02 4.0000000e-02 1.8500000e-01)
    (1.9750000e-02 4.0000000e-02 1.8500000e-01)
    (2.4250000e-02 4.0000000e-02 1.8500000e-01)
    (2.5750000e-02 4.0000000e-02 1.8500000e-01)
    (3.0250000e-02 4.0000000e-02 1.8500000e-01)
    (3.1750000e-02 4.0000000e-02 1.8500000e-01)
    (3.6250000e-02 4.0000000e-02 1.8500000e-01)
    (3.7750000e-02 4.0000000e-02 1.8500000e-01)
    (4.2250000e-02 4.0000000e-02 1.8500000e-01)
    (4.3750000e-02 4.0000000e-02 1.8500000e-01)
    (4.8250000e-02 4.0000000e-02 1.8500000e-01)
    (4.9750000e-02 4.0000000e-02 1.8500000e-01)
    (5.4250000e-02 4.0000000e-02 1.8500000e-01)
    (5.5750000e-02 4.0000000e-02 1.8500000e-01)
    (6.0250000e-02 4.0000000e-02 1.8500000e-01)
    (6.1750000e-02 4.0000000e-02 1.8500000e-01)
    (6.6250000e-02 4.0000000e-02 1.8500000e-01)
    (6.7750000e-02 4.0000000e-02 1.8500000e-01)
    (7.2250000e-02 4.0000000e-02 1.8500000e-01)
    (7.3750000e-02 4.0000000e-02 1.8500000e-01)
    (8.0000000e-02 4.0000000e-02 1.8500000e-01)
    (0.0000000e+00 8.0000000e-02 1.8500000e-01)
    (6.2500000e-03 8.0000000e-02 1.8500000e-01)
    (7.7500000e-03 8.0000000e-02 1.8500000e-01)
    (1.2250000e-02 8.0000000e-02 1.8500000e-01)
    (1.3750000e-02 8.0000000e-02 1.8500000e-01)
    (1.8250000e-02 8.0000000e-02 1.8500000e-01)
    (1.9750000e-02 8.0000000e-02 1.8500000e-01)
    (2.4250000e-02 8.0000000e-02 1.8500000e-01)
    (2.5750000e-02 8.0000000e-02 1.8500000e-01)
    (3.0250000e-02 8.0000000e-02 1.8500000e-01)
    (3.1750000e-02 8.0000000e-02 1.8500000e-01)
    (3.6250000e-02 8.0000000e-02 1.8500000e-01)
    (3.7750000e-02 8.0000000e-02 1.8500000e-01)
    (4.2250000e-02 8.0000000e-02 1.8500000e-01)
    (4.3750000e-02 8.0000000e-02 1.8500000e-01)
    (4.8250000e-02 8.0000000e-02 1.8500000e-01)
    (4.9750000e-02 8.0000000e-02 1.8500000e-01)
    (5.4250000e-02 8.0000000e-02 1.8500000e-01)
    (5.5750000e-02 8.0000000e-02 1.8500000e-01)
    (6.0250000e-02 8.0000000e-02 1.8500000e-01)
    (6.1750000e-02 8.0000000e-02 1.8500000e-01)
    (6.6250000e-02 8.0000000e-02 1.8500000e-01)
    (6.7750000e-02 8.0000000e-02 1.8500000e-01)
    (7.2250000e-02 8.0000000e-02 1.8500000e-01)
    (7.3750000e-02 8.0000000e-02 1.8500000e-01)
    (8.0000000e-02 8.0000000e-02 1.8500000e-01)
    (0.0000000e+00 0.0000000e+00 2.9000000e-01)
    (6.2500000e-03 0.0000000e+00 2.9000000e-01)
    (7.7500000e-03 0.0000000e+00 2.9000000e-01)
    (1.2250000e-02 0.0000000e+00 2.9000000e-01)
    (1.3750000e-02 0.0000000e+00 2.9000000e-01)
    (1.8250000e-02 0.0000000e+00 2.9000000e-01)
    (1.9750000e-02 0.0000000e+00 2.9000000e-01)
    (2.4250000e-02 0.0000000e+00 2.9000000e-01)
    (2.5750000e-02 0.0000000e+00 2.9000000e-01)
    (3.0250000e-02 0.0000000e+00 2.9000000e-01)
    (3.1750000e-02 0.0000000e+00 2.9000000e-01)
    (3.6250000e-02 0.0000000e+00 2.9000000e-01)
    (3.7750000e-02 0.0000000e+00 2.9000000e-01)
    (4.2250000e-02 0.0000000e+00 2.9000000e-01)
    (4.3750000e-02 0.0000000e+00 2.9000000e-01)
    (4.8250000e-02 0.0000000e+00 2.9000000e-01)
    (4.9750000e-02 0.0000000e+00 2.9000000e-01)
    (5.4250000e-02 0.0000000e+00 2.9000000e-01)
    (5.5750000e-02 0.0000000e+00 2.9000000e-01)
    (6.0250000e-02 0.0000000e+00 2.9000000e-01)
    (6.1750000e-02 0.0000000e+00 2.9000000e-01)
    (6.6250000e-02 0.0000000e+00 2.9000000e-01)
    (6.7750000e-02 0.0000000e+00 2.9000000e-01)
    (7.2250000e-02 0.0000000e+00 2.9000000e-01)
    (7.3750000e-02 0.0000000e+00 2.9000000e-01)
    (8.0000000e-02 0.0000000e+00 2.9000000e-01)
    (0.0000000e+00 5.0000000e-03 2.9000000e-01)
    (6.2500000e-03 5.0000000e-03 2.9000000e-01)
    (7.7500000e-03 5.0000000e-03 2.9000000e-01)
    (1.2250000e-02 5.0000000e-03 2.9000000e-01)
    (1.3750000e-02 5.0000000e-03 2.9000000e-01)
    (1.8250000e-02 5.0000000e-03 2.9000000e-01)
    (1.9750000e-02 5.0000000e-03 2.9000000e-01)
    (2.4250000e-02 5.0000000e-03 2.9000000e-01)
    (2.5750000e-02 5.0000000e-03 2.9000000e-01)
    (3.0250000e-02 5.0000000e-03 2.9000000e-01)
    (3.1750000e-02 5.0000000e-03 2.9000000e-01)
    (3.6250000e-02 5.0000000e-03 2.9000000e-01)
    (3.7750000e-02 5.0000000e-03 2.9000000e-01)
    (4.2250000e-02 5.0000000e-03 2.9000000e-01)
    (4.3750000e-02 5.0000000e-03 2.9000000e-01)
    (4.8250000e-02 5.0000000e-03 2.9000000e-01)
    (4.9750000e-02 5.0000000e-03 2.9000000e-01)
    (5.4250000e-02 5.0000000e-03 2.9000000e-01)
    (5.5750000e-02 5.0000000e-03 2.9000000e-01)
    (6.0250000e-02 5.0000000e-03 2.9000000e-01)
    (6.1750000e-02 5.0000000e-03 2.9000000e-01)
    (6.6250000e-02 5.0000000e-03 2.9000000e-01)
    (6.7750000e-02 5.0000000e-03 2.9000000e-01)
    (7.2250000e-02 5.0000000e-03 2.9000000e-01)
    (7.3750000e-02 5.0000000e-03 2.9000000e-01)
    (8.0000000e-02 5.0000000e-03 2.9000000e-01)
    (0.0000000e+00 4.0000000e-02 2.9000000e-01)
    (6.2500000e-03 4.0000000e-02 2.9000000e-01)
    (7.7500000e-03 4.0000000e-02 2.9000000e-01)
    (1.2250000e-02 4.0000000e-02 2.9000000e-01)
    (1.3750000e-02 4.0000000e-02 2.9000000e-01)
    (1.8250000e-02 4.0000000e-02 2.9000000e-01)
    (1.9750000e-02 4.0000000e-02 2.9000000e-01)
    (2.4250000e-02 4.0000000e-02 2.9000000e-01)
    (2.5750000e-02 4.0000000e-02 2.9000000e-01)
    (3.0250000e-02 4.0000000e-02 2.9000000e-01)
    (3.1750000e-02 4.0000000e-02 2.9000000e-01)
    (3.6250000e-02 4.0000000e-02 2.9000000e-01)
    (3.7750000e-02 4.0000000e-02 2.9000000e-01)
    (4.2250000e-02 4.0000000e-02 2.9000000e-01)
    (4.3750000e-02 4.0000000e-02 2.9000000e-01)
    (4.8250000e-02 4.0000000e-02 2.9000000e-01)
    (4.9750000e-02 4.0000000e-02 2.9000000e-01)
    (5.4250000e-02 4.0000000e-02 2.9000000e-01)
    (5.5750000e-02 4.0000000e-02 2.9000000e-01)
    (6.0250000e-02 4.0000000e-02 2.9000000e-01)
    (6.1750000e-02 4.0000000e-02 2.9000000e-01)
    (6.6250000e-02 4.0000000e-02 2.9000000e-01)
    (6.7750000e-02 4.0000000e-02 2.9000000e-01)
    (7.2250000e-02 4.0000000e-02 2.9000000e-01)
    (7.3750000e-02 4.0000000e-02 2.9000000e-01)
    (8.0000000e-02 4.0000000e-02 2.9000000e-01)
    (0.0000000e+00 8.0000000e-02 2.9000000e-01)
    (6.2500000e-03 8.0000000e-02 2.9000000e-01)
    (7.7500000e-03 8.0000000e-02 2.9000000e-01)
    (1.2250000e-02 8.0000000e-02 2.9000000e-01)
    (1.3750000e-02 8.0000000e-02 2.9000000e-01)
    (1.8250000e-02 8.0000000e-02 2.9000000e-01)
    (1.9750000e-02 8.0000000e-02 2.9000000e-01)
    (2.4250000e-02 8.0000000e-02 2.9000000e-01)
    (2.5750000e-02 8.0000000e-02 2.9000000e-01)
    (3.0250000e-02 8.0000000e-02 2.9000000e-01)
    (3.1750000e-02 8.0000000e-02 2.9000000e-01)
    (3.6250000e-02 8.0000000e-02 2.9000000e-01)
    (3.7750000e-02 8.0000000e-02 2.9000000e-01)
    (4.2250000e-02 8.0000000e-02 2.9000000e-01)
    (4.3750000e-02 8.0000000e-02 2.9000000e-01)
    (4.8250000e-02 8.0000000e-02 2.9000000e-01)
    (4.9750000e-02 8.0000000e-02 2.9000000e-01)
    (5.4250000e-02 8.0000000e-02 2.9000000e-01)
    (5.5750000e-02 8.0000000e-02 2.9000000e-01)
    (6.0250000e-02 8.0000000e-02 2.9000000e-01)
    (6.1750000e-02 8.0000000e-02 2.9000000e-01)
    (6.6250000e-02 8.0000000e-02 2.9000000e-01)
    (6.7750000e-02 8.0000000e-02 2.9000000e-01)
    (7.2250000e-02 8.0000000e-02 2.9000000e-01)
    (7.3750000e-02 8.0000000e-02 2.9000000e-01)
    (8.0000000e-02 8.0000000e-02 2.9000000e-01)
);

blocks
(
    hex (0 1 27 26 104 105 131 130) fluid (4 4 25) simpleGrading (1 1 1)
    hex (1 2 28 27 105 106 132 131) fluid (4 4 25) simpleGrading (1 1 1)
    hex (2 3 29 28 106 107 133 132) fluid (8 4 25) simpleGrading (1 1 1)
    hex (3 4 30 29 107 108 134 133) fluid (4 4 25) simpleGrading (1 1 1)
    hex (4 5 31 30 108 109 135 134) fluid (8 4 25) simpleGrading (1 1 1)
    hex (5 6 32 31 109 110 136 135) fluid (4 4 25) simpleGrading (1 1 1)
    hex (6 7 33 32 110 111 137 136) fluid (8 4 25) simpleGrading (1 1 1)
    hex (7 8 34 33 111 112 138 137) fluid (4 4 25) simpleGrading (1 1 1)
    hex (8 9 35 34 112 113 139 138) fluid (8 4 25) simpleGrading (1 1 1)
    hex (9 10 36 35 113 114 140 139) fluid (4 4 25) simpleGrading (1 1 1)
    hex (10 11 37 36 114 115 141 140) fluid (8 4 25) simpleGrading (1 1 1)
    hex (11 12 38 37 115 116 142 141) fluid (4 4 25) simpleGrading (1 1 1)
    hex (12 13 39 38 116 117 143 142) fluid (8 4 25) simpleGrading (1 1 1)
    hex (13 14 40 39 117 118 144 143) fluid (4 4 25) simpleGrading (1 1 1)
    hex (14 15 41 40 118 119 145 144) fluid (8 4 25) simpleGrading (1 1 1)
    hex (15 16 42 41 119 120 146 145) fluid (4 4 25) simpleGrading (1 1 1)
    hex (16 17 43 42 120 121 147 146) fluid (8 4 25) simpleGrading (1 1 1)
    hex (17 18 44 43 121 122 148 147) fluid (4 4 25) simpleGrading (1 1 1)
    hex (18 19 45 44 122 123 149 148) fluid (8 4 25) simpleGrading (1 1 1)
    hex (19 20 46 45 123 124 150 149) fluid (4 4 25) simpleGrading (1 1 1)
    hex (20 21 47 46 124 125 151 150) fluid (8 4 25) simpleGrading (1 1 1)
    hex (21 22 48 47 125 126 152 151) fluid (4 4 25) simpleGrading (1 1 1)
    hex (22 23 49 48 126 127 153 152) fluid (8 4 25) simpleGrading (1 1 1)
    hex (23 24 50 49 127 128 154 153) fluid (4 4 25) simpleGrading (1 1 1)
    hex (24 25 51 50 128 129 155 154) fluid (4 4 25) simpleGrading (1 1 1)
    hex (26 27 53 52 130 131 157 156) fluid (4 18 25) simpleGrading (1 1 1)
    hex (27 28 54 53 131 132 158 157) fluid (4 18 25) simpleGrading (1 1 1)
    hex (28 29 55 54 132 133 159 158) fluid (8 18 25) simpleGrading (1 1 1)
    hex (29 30 56 55 133 134 160 159) fluid (4 18 25) simpleGrading (1 1 1)
    hex (30 31 57 56 134 135 161 160) fluid (8 18 25) simpleGrading (1 1 1)
    hex (31 32 58 57 135 136 162 161) fluid (4 18 25) simpleGrading (1 1 1)
    hex (32 33 59 58 136 137 163 162) fluid (8 18 25) simpleGrading (1 1 1)
    hex (33 34 60 59 137 138 164 163) fluid (4 18 25) simpleGrading (1 1 1)
    hex (34 35 61 60 138 139 165 164) fluid (8 18 25) simpleGrading (1 1 1)
    hex (35 36 62 61 139 140 166 165) fluid (4 18 25) simpleGrading (1 1 1)
    hex (36 37 63 62 140 141 167 166) fluid (8 18 25) simpleGrading (1 1 1)
    hex (37 38 64 63 141 142 168 167) fluid (4 18 25) simpleGrading (1 1 1)
    hex (38 39 65 64 142 143 169 168) fluid (8 18 25) simpleGrading (1 1 1)
    hex (39 40 66 65 143 144 170 169) fluid (4 18 25) simpleGrading (1 1 1)
    hex (40 41 67 66 144 145 171 170) fluid (8 18 25) simpleGrading (1 1 1)
    hex (41 42 68 67 145 146 172 171) fluid (4 18 25) simpleGrading (1 1 1)
    hex (42 43 69 68 146 147 173 172) fluid (8 18 25) simpleGrading (1 1 1)
    hex (43 44 70 69 147 148 174 173) fluid (4 18 25) simpleGrading (1 1 1)
    hex (44 45 71 70 148 149 175 174) fluid (8 18 25) simpleGrading (1 1 1)
    hex (45 46 72 71 149 150 176 175) fluid (4 18 25) simpleGrading (1 1 1)
    hex (46 47 73 72 150 151 177 176) fluid (8 18 25) simpleGrading (1 1 1)
    hex (47 48 74 73 151 152 178 177) fluid (4 18 25) simpleGrading (1 1 1)
    hex (48 49 75 74 152 153 179 178) fluid (8 18 25) simpleGrading (1 1 1)
    hex (49 50 76 75 153 154 180 179) fluid (4 18 25) simpleGrading (1 1 1)
    hex (50 51 77 76 154 155 181 180) fluid (4 18 25) simpleGrading (1 1 1)
    hex (52 53 79 78 156 157 183 182) fluid (4 12 25) simpleGrading (1 1 1)
    hex (53 54 80 79 157 158 184 183) fluid (4 12 25) simpleGrading (1 1 1)
    hex (54 55 81 80 158 159 185 184) fluid (8 12 25) simpleGrading (1 1 1)
    hex (55 56 82 81 159 160 186 185) fluid (4 12 25) simpleGrading (1 1 1)
    hex (56 57 83 82 160 161 187 186) fluid (8 12 25) simpleGrading (1 1 1)
    hex (57 58 84 83 161 162 188 187) fluid (4 12 25) simpleGrading (1 1 1)
    hex (58 59 85 84 162 163 189 188) fluid (8 12 25) simpleGrading (1 1 1)
    hex (59 60 86 85 163 164 190 189) fluid (4 12 25) simpleGrading (1 1 1)
    hex (60 61 87 86 164 165 191 190) fluid (8 12 25) simpleGrading (1 1 1)
    hex (61 62 88 87 165 166 192 191) fluid (4 12 25) simpleGrading (1 1 1)
    hex (62 63 89 88 166 167 193 192) fluid (8 12 25) simpleGrading (1 1 1)
    hex (63 64 90 89 167 168 194 193) fluid (4 12 25) simpleGrading (1 1 1)
    hex (64 65 91 90 168 169 195 194) fluid (8 12 25) simpleGrading (1 1 1)
    hex (65 66 92 91 169 170 196 195) fluid (4 12 25) simpleGrading (1 1 1)
    hex (66 67 93 92 170 171 197 196) fluid (8 12 25) simpleGrading (1 1 1)
    hex (67 68 94 93 171 172 198 197) fluid (4 12 25) simpleGrading (1 1 1)
    hex (68 69 95 94 172 173 199 198) fluid (8 12 25) simpleGrading (1 1 1)
    hex (69 70 96 95 173 174 200 199) fluid (4 12 25) simpleGrading (1 1 1)
    hex (70 71 97 96 174 175 201 200) fluid (8 12 25) simpleGrading (1 1 1)
    hex (71 72 98 97 175 176 202 201) fluid (4 12 25) simpleGrading (1 1 1)
    hex (72 73 99 98 176 177 203 202) fluid (8 12 25) simpleGrading (1 1 1)
    hex (73 74 100 99 177 178 204 203) fluid (4 12 25) simpleGrading (1 1 1)
    hex (74 75 101 100 178 179 205 204) fluid (8 12 25) simpleGrading (1 1 1)
    hex (75 76 102 101 179 180 206 205) fluid (4 12 25) simpleGrading (1 1 1)
    hex (76 77 103 102 180 181 207 206) fluid (4 12 25) simpleGrading (1 1 1)
    hex (104 105 131 130 208 209 235 234) solid (4 4 40) simpleGrading (1 1 1)
    hex (105 106 132 131 209 210 236 235) solid (4 4 40) simpleGrading (1 1 1)
    hex (106 107 133 132 210 211 237 236) solid (8 4 40) simpleGrading (1 1 1)
    hex (107 108 134 133 211 212 238 237) solid (4 4 40) simpleGrading (1 1 1)
    hex (108 109 135 134 212 213 239 238) solid (8 4 40) simpleGrading (1 1 1)
    hex (109 110 136 135 213 214 240 239) solid (4 4 40) simpleGrading (1 1 1)
    hex (110 111 137 136 214 215 241 240) solid (8 4 40) simpleGrading (1 1 1)
    hex (111 112 138 137 215 216 242 241) solid (4 4 40) simpleGrading (1 1 1)
    hex (112 113 139 138 216 217 243 242) solid (8 4 40) simpleGrading (1 1 1)
    hex (113 114 140 139 217 218 244 243) solid (4 4 40) simpleGrading (1 1 1)
    hex (114 115 141 140 218 219 245 244) solid (8 4 40) simpleGrading (1 1 1)
    hex (115 116 142 141 219 220 246 245) solid (4 4 40) simpleGrading (1 1 1)
    hex (116 117 143 142 220 221 247 246) solid (8 4 40) simpleGrading (1 1 1)
    hex (117 118 144 143 221 222 248 247) solid (4 4 40) simpleGrading (1 1 1)
    hex (118 119 145 144 222 223 249 248) solid (8 4 40) simpleGrading (1 1 1)
    hex (119 120 146 145 223 224 250 249) solid (4 4 40) simpleGrading (1 1 1)
    hex (120 121 147 146 224 225 251 250) solid (8 4 40) simpleGrading (1 1 1)
    hex (121 122 148 147 225 226 252 251) solid (4 4 40) simpleGrading (1 1 1)
    hex (122 123 149 148 226 227 253 252) solid (8 4 40) simpleGrading (1 1 1)
    hex (123 124 150 149 227 228 254 253) solid (4 4 40) simpleGrading (1 1 1)
    hex (124 125 151 150 228 229 255 254) solid (8 4 40) simpleGrading (1 1 1)
    hex (125 126 152 151 229 230 256 255) solid (4 4 40) simpleGrading (1 1 1)
    hex (126 127 153 152 230 231 257 256) solid (8 4 40) simpleGrading (1 1 1)
    hex (127 128 154 153 231 232 258 257) solid (4 4 40) simpleGrading (1 1 1)
    hex (128 129 155 154 232 233 259 258) solid (4 4 40) simpleGrading (1 1 1)
    hex (130 131 157 156 234 235 261 260) fluid (4 18 40) simpleGrading (1 1 1)
    hex (131 132 158 157 235 236 262 261) solid (4 18 40) simpleGrading (1 1 1)
    hex (132 133 159 158 236 237 263 262) fluid (8 18 40) simpleGrading (1 1 1)
    hex (133 134 160 159 237 238 264 263) solid (4 18 40) simpleGrading (1 1 1)
    hex (134 135 161 160 238 239 265 264) fluid (8 18 40) simpleGrading (1 1 1)
    hex (135 136 162 161 239 240 266 265) solid (4 18 40) simpleGrading (1 1 1)
    hex (136 137 163 162 240 241 267 266) fluid (8 18 40) simpleGrading (1 1 1)
    hex (137 138 164 163 241 242 268 267) solid (4 18 40) simpleGrading (1 1 1)
    hex (138 139 165 164 242 243 269 268) fluid (8 18 40) simpleGrading (1 1 1)
    hex (139 140 166 165 243 244 270 269) solid (4 18 40) simpleGrading (1 1 1)
    hex (140 141 167 166 244 245 271 270) fluid (8 18 40) simpleGrading (1 1 1)
    hex (141 142 168 167 245 246 272 271) solid (4 18 40) simpleGrading (1 1 1)
    hex (142 143 169 168 246 247 273 272) fluid (8 18 40) simpleGrading (1 1 1)
    hex (143 144 170 169 247 248 274 273) solid (4 18 40) simpleGrading (1 1 1)
    hex (144 145 171 170 248 249 275 274) fluid (8 18 40) simpleGrading (1 1 1)
    hex (145 146 172 171 249 250 276 275) solid (4 18 40) simpleGrading (1 1 1)
    hex (146 147 173 172 250 251 277 276) fluid (8 18 40) simpleGrading (1 1 1)
    hex (147 148 174 173 251 252 278 277) solid (4 18 40) simpleGrading (1 1 1)
    hex (148 149 175 174 252 253 279 278) fluid (8 18 40) simpleGrading (1 1 1)
    hex (149 150 176 175 253 254 280 279) solid (4 18 40) simpleGrading (1 1 1)
    hex (150 151 177 176 254 255 281 280) fluid (8 18 40) simpleGrading (1 1 1)
    hex (151 152 178 177 255 256 282 281) solid (4 18 40) simpleGrading (1 1 1)
    hex (152 153 179 178 256 257 283 282) fluid (8 18 40) simpleGrading (1 1 1)
    hex (153 154 180 179 257 258 284 283) solid (4 18 40) simpleGrading (1 1 1)
    hex (154 155 181 180 258 259 285 284) fluid (4 18 40) simpleGrading (1 1 1)
    hex (156 157 183 182 260 261 287 286) fluid (4 12 40) simpleGrading (1 1 1)
    hex (157 158 184 183 261 262 288 287) fluid (4 12 40) simpleGrading (1 1 1)
    hex (158 159 185 184 262 263 289 288) fluid (8 12 40) simpleGrading (1 1 1)
    hex (159 160 186 185 263 264 290 289) fluid (4 12 40) simpleGrading (1 1 1)
    hex (160 161 187 186 264 265 291 290) fluid (8 12 40) simpleGrading (1 1 1)
    hex (161 162 188 187 265 266 292 291) fluid (4 12 40) simpleGrading (1 1 1)
    hex (162 163 189 188 266 267 293 292) fluid (8 12 40) simpleGrading (1 1 1)
    hex (163 164 190 189 267 268 294 293) fluid (4 12 40) simpleGrading (1 1 1)
    hex (164 165 191 190 268 269 295 294) fluid (8 12 40) simpleGrading (1 1 1)
    hex (165 166 192 191 269 270 296 295) fluid (4 12 40) simpleGrading (1 1 1)
    hex (166 167 193 192 270 271 297 296) fluid (8 12 40) simpleGrading (1 1 1)
    hex (167 168 194 193 271 272 298 297) fluid (4 12 40) simpleGrading (1 1 1)
    hex (168 169 195 194 272 273 299 298) fluid (8 12 40) simpleGrading (1 1 1)
    hex (169 170 196 195 273 274 300 299) fluid (4 12 40) simpleGrading (1 1 1)
    hex (170 171 197 196 274 275 301 300) fluid (8 12 40) simpleGrading (1 1 1)
    hex (171 172 198 197 275 276 302 301) fluid (4 12 40) simpleGrading (1 1 1)
    hex (172 173 199 198 276 277 303 302) fluid (8 12 40) simpleGrading (1 1 1)
    hex (173 174 200 199 277 278 304 303) fluid (4 12 40) simpleGrading (1 1 1)
    hex (174 175 201 200 278 279 305 304) fluid (8 12 40) simpleGrading (1 1 1)
    hex (175 176 202 201 279 280 306 305) fluid (4 12 40) simpleGrading (1 1 1)
    hex (176 177 203 202 280 281 307 306) fluid (8 12 40) simpleGrading (1 1 1)
    hex (177 178 204 203 281 282 308 307) fluid (4 12 40) simpleGrading (1 1 1)
    hex (178 179 205 204 282 283 309 308) fluid (8 12 40) simpleGrading (1 1 1)
    hex (179 180 206 205 283 284 310 309) fluid (4 12 40) simpleGrading (1 1 1)
    hex (180 181 207 206 284 285 311 310) fluid (4 12 40) simpleGrading (1 1 1)
    hex (208 209 235 234 312 313 339 338) fluid (4 4 25) simpleGrading (1 1 1)
    hex (209 210 236 235 313 314 340 339) fluid (4 4 25) simpleGrading (1 1 1)
    hex (210 211 237 236 314 315 341 340) fluid (8 4 25) simpleGrading (1 1 1)
    hex (211 212 238 237 315 316 342 341) fluid (4 4 25) simpleGrading (1 1 1)
    hex (212 213 239 238 316 317 343 342) fluid (8 4 25) simpleGrading (1 1 1)
    hex (213 214 240 239 317 318 344 343) fluid (4 4 25) simpleGrading (1 1 1)
    hex (214 215 241 240 318 319 345 344) fluid (8 4 25) simpleGrading (1 1 1)
    hex (215 216 242 241 319 320 346 345) fluid (4 4 25) simpleGrading (1 1 1)
    hex (216 217 243 242 320 321 347 346) fluid (8 4 25) simpleGrading (1 1 1)
    hex (217 218 244 243 321 322 348 347) fluid (4 4 25) simpleGrading (1 1 1)
    hex (218 219 245 244 322 323 349 348) fluid (8 4 25) simpleGrading (1 1 1)
    hex (219 220 246 245 323 324 350 349) fluid (4 4 25) simpleGrading (1 1 1)
    hex (220 221 247 246 324 325 351 350) fluid (8 4 25) simpleGrading (1 1 1)
    hex (221 222 248 247 325 326 352 351) fluid (4 4 25) simpleGrading (1 1 1)
    hex (222 223 249 248 326 327 353 352) fluid (8 4 25) simpleGrading (1 1 1)
    hex (223 224 250 249 327 328 354 353) fluid (4 4 25) simpleGrading (1 1 1)
    hex (224 225 251 250 328 329 355 354) fluid (8 4 25) simpleGrading (1 1 1)
    hex (225 226 252 251 329 330 356 355) fluid (4 4 25) simpleGrading (1 1 1)
    hex (226 227 253 252 330 331 357 356) fluid (8 4 25) simpleGrading (1 1 1)
    hex (227 228 254 253 331 332 358 357) fluid (4 4 25) simpleGrading (1 1 1)
    hex (228 229 255 254 332 333 359 358) fluid (8 4 25) simpleGrading (1 1 1)
    hex (229 230 256 255 333 334 360 359) fluid (4 4 25) simpleGrading (1 1 1)
    hex (230 231 257 256 334 335 361 360) fluid (8 4 25) simpleGrading (1 1 1)
    hex (231 232 258 257 335 336 362 361) fluid (4 4 25) simpleGrading (1 1 1)
    hex (232 233 259 258 336 337 363 362) fluid (4 4 25) simpleGrading (1 1 1)
    hex (234 235 261 260 338 339 365 364) fluid (4 18 25) simpleGrading (1 1 1)
    hex (235 236 262 261 339 340 366 365) fluid (4 18 25) simpleGrading (1 1 1)
    hex (236 237 263 262 340 341 367 366) fluid (8 18 25) simpleGrading (1 1 1)
    hex (237 238 264 263 341 342 368 367) fluid (4 18 25) simpleGrading (1 1 1)
    hex (238 239 265 264 342 343 369 368) fluid (8 18 25) simpleGrading (1 1 1)
    hex (239 240 266 265 343 344 370 369) fluid (4 18 25) simpleGrading (1 1 1)
    hex (240 241 267 266 344 345 371 370) fluid (8 18 25) simpleGrading (1 1 1)
    hex (241 242 268 267 345 346 372 371) fluid (4 18 25) simpleGrading (1 1 1)
    hex (242 243 269 268 346 347 373 372) fluid (8 18 25) simpleGrading (1 1 1)
    hex (243 244 270 269 347 348 374 373) fluid (4 18 25) simpleGrading (1 1 1)
    hex (244 245 271 270 348 349 375 374) fluid (8 18 25) simpleGrading (1 1 1)
    hex (245 246 272 271 349 350 376 375) fluid (4 18 25) simpleGrading (1 1 1)
    hex (246 247 273 272 350 351 377 376) fluid (8 18 25) simpleGrading (1 1 1)
    hex (247 248 274 273 351 352 378 377) fluid (4 18 25) simpleGrading (1 1 1)
    hex (248 249 275 274 352 353 379 378) fluid (8 18 25) simpleGrading (1 1 1)
    hex (249 250 276 275 353 354 380 379) fluid (4 18 25) simpleGrading (1 1 1)
    hex (250 251 277 276 354 355 381 380) fluid (8 18 25) simpleGrading (1 1 1)
    hex (251 252 278 277 355 356 382 381) fluid (4 18 25) simpleGrading (1 1 1)
    hex (252 253 279 278 356 357 383 382) fluid (8 18 25) simpleGrading (1 1 1)
    hex (253 254 280 279 357 358 384 383) fluid (4 18 25) simpleGrading (1 1 1)
    hex (254 255 281 280 358 359 385 384) fluid (8 18 25) simpleGrading (1 1 1)
    hex (255 256 282 281 359 360 386 385) fluid (4 18 25) simpleGrading (1 1 1)
    hex (256 257 283 282 360 361 387 386) fluid (8 18 25) simpleGrading (1 1 1)
    hex (257 258 284 283 361 362 388 387) fluid (4 18 25) simpleGrading (1 1 1)
    hex (258 259 285 284 362 363 389 388) fluid (4 18 25) simpleGrading (1 1 1)
    hex (260 261 287 286 364 365 391 390) fluid (4 12 25) simpleGrading (1 1 1)
    hex (261 262 288 287 365 366 392 391) fluid (4 12 25) simpleGrading (1 1 1)
    hex (262 263 289 288 366 367 393 392) fluid (8 12 25) simpleGrading (1 1 1)
    hex (263 264 290 289 367 368 394 393) fluid (4 12 25) simpleGrading (1 1 1)
    hex (264 265 291 290 368 369 395 394) fluid (8 12 25) simpleGrading (1 1 1)
    hex (265 266 292 291 369 370 396 395) fluid (4 12 25) simpleGrading (1 1 1)
    hex (266 267 293 292 370 371 397 396) fluid (8 12 25) simpleGrading (1 1 1)
    hex (267 268 294 293 371 372 398 397) fluid (4 12 25) simpleGrading (1 1 1)
    hex (268 269 295 294 372 373 399 398) fluid (8 12 25) simpleGrading (1 1 1)
    hex (269 270 296 295 373 374 400 399) fluid (4 12 25) simpleGrading (1 1 1)
    hex (270 271 297 296 374 375 401 400) fluid (8 12 25) simpleGrading (1 1 1)
    hex (271 272 298 297 375 376 402 401) fluid (4 12 25) simpleGrading (1 1 1)
    hex (272 273 299 298 376 377 403 402) fluid (8 12 25) simpleGrading (1 1 1)
    hex (273 274 300 299 377 378 404 403) fluid (4 12 25) simpleGrading (1 1 1)
    hex (274 275 301 300 378 379 405 404) fluid (8 12 25) simpleGrading (1 1 1)
    hex (275 276 302 301 379 380 406 405) fluid (4 12 25) simpleGrading (1 1 1)
    hex (276 277 303 302 380 381 407 406) fluid (8 12 25) simpleGrading (1 1 1)
    hex (277 278 304 303 381 382 408 407) fluid (4 12 25) simpleGrading (1 1 1)
    hex (278 279 305 304 382 383 409 408) fluid (8 12 25) simpleGrading (1 1 1)
    hex (279 280 306 305 383 384 410 409) fluid (4 12 25) simpleGrading (1 1 1)
    hex (280 281 307 306 384 385 411 410) fluid (8 12 25) simpleGrading (1 1 1)
    hex (281 282 308 307 385 386 412 411) fluid (4 12 25) simpleGrading (1 1 1)
    hex (282 283 309 308 386 387 413 412) fluid (8 12 25) simpleGrading (1 1 1)
    hex (283 284 310 309 387 388 414 413) fluid (4 12 25) simpleGrading (1 1 1)
    hex (284 285 311 310 388 389 415 414) fluid (4 12 25) simpleGrading (1 1 1)
);

edges
(
);

boundary
(
    fan1_half0
    {
        type cyclic;
        neighbourPatch fan1_half1;
        faces
        (
        (0 26 27 1)
        (1 27 28 2)
        (2 28 29 3)
        (3 29 30 4)
        (4 30 31 5)
        (5 31 32 6)
        (6 32 33 7)
        (7 33 34 8)
        (8 34 35 9)
        (9 35 36 10)
        (10 36 37 11)
        (11 37 38 12)
        (12 38 39 13)
        (13 39 40 14)
        (14 40 41 15)
        (15 41 42 16)
        (16 42 43 17)
        (17 43 44 18)
        (18 44 45 19)
        (19 45 46 20)
        (20 46 47 21)
        (21 47 48 22)
        (22 48 49 23)
        (23 49 50 24)
        (24 50 51 25)
        (26 52 53 27)
        (27 53 54 28)
        (28 54 55 29)
        (29 55 56 30)
        (30 56 57 31)
        (31 57 58 32)
        (32 58 59 33)
        (33 59 60 34)
        (34 60 61 35)
        (35 61 62 36)
        (36 62 63 37)
        (37 63 64 38)
        (38 64 65 39)
        (39 65 66 40)
        (40 66 67 41)
        (41 67 68 42)
        (42 68 69 43)
        (43 69 70 44)
        (44 70 71 45)
        (45 71 72 46)
        (46 72 73 47)
        (47 73 74 48)
        (48 74 75 49)
        (49 75 76 50)
        (50 76 77 51)
        (52 78 79 53)
        (53 79 80 54)
        (54 80 81 55)
        (55 81 82 56)
        (56 82 83 57)
        (57 83 84 58)
        (58 84 85 59)
        (59 85 86 60)
        (60 86 87 61)
        (61 87 88 62)
        (62 88 89 63)
        (63 89 90 64)
        (64 90 91 65)
        (65 91 92 66)
        (66 92 93 67)
        (67 93 94 68)
        (68 94 95 69)
        (69 95 96 70)
        (70 96 97 71)
        (71 97 98 72)
        (72 98 99 73)
        (73 99 100 74)
        (74 100 101 75)
        (75 101 102 76)
        (76 102 103 77)
        );
    }
    fan1_half1
    {
        type cyclic;
        neighbourPatch fan1_half0;
        faces
        (
        (0 26 27 1)
        (1 27 28 2)
        (2 28 29 3)
        (3 29 30 4)
        (4 30 31 5)
        (5 31 32 6)
        (6 32 33 7)
        (7 33 34 8)
        (8 34 35 9)
        (9 35 36 10)
        (10 36 37 11)
        (11 37 38 12)
        (12 38 39 13)
        (13 39 40 14)
        (14 40 41 15)
        (15 41 42 16)
        (16 42 43 17)
        (17 43 44 18)
        (18 44 45 19)
        (19 45 46 20)
        (20 46 47 21)
        (21 47 48 22)
        (22 48 49 23)
        (23 49 50 24)
        (24 50 51 25)
        (26 52 53 27)
        (27 53 54 28)
        (28 54 55 29)
        (29 55 56 30)
        (30 56 57 31)
        (31 57 58 32)
        (32 58 59 33)
        (33 59 60 34)
        (34 60 61 35)
        (35 61 62 36)
        (36 62 63 37)
        (37 63 64 38)
        (38 64 65 39)
        (39 65 66 40)
        (40 66 67 41)
        (41 67 68 42)
        (42 68 69 43)
        (43 69 70 44)
        (44 70 71 45)
        (45 71 72 46)
        (46 72 73 47)
        (47 73 74 48)
        (48 74 75 49)
        (49 75 76 50)
        (50 76 77 51)
        (52 78 79 53)
        (53 79 80 54)
        (54 80 81 55)
        (55 81 82 56)
        (56 82 83 57)
        (57 83 84 58)
        (58 84 85 59)
        (59 85 86 60)
        (60 86 87 61)
        (61 87 88 62)
        (62 88 89 63)
        (63 89 90 64)
        (64 90 91 65)
        (65 91 92 66)
        (66 92 93 67)
        (67 93 94 68)
        (68 94 95 69)
        (69 95 96 70)
        (70 96 97 71)
        (71 97 98 72)
        (72 98 99 73)
        (73 99 100 74)
        (74 100 101 75)
        (75 101 102 76)
        (76 102 103 77)
        );
    }
    fan2_half0
    {
        type cyclic;
        neighbourPatch fan2_half1;
        faces
        (
        (312 313 339 338)
        (313 314 340 339)
        (314 315 341 340)
        (315 316 342 341)
        (316 317 343 342)
        (317 318 344 343)
        (318 319 345 344)
        (319 320 346 345)
        (320 321 347 346)
        (321 322 348 347)
        (322 323 349 348)
        (323 324 350 349)
        (324 325 351 350)
        (325 326 352 351)
        (326 327 353 352)
        (327 328 354 353)
        (328 329 355 354)
        (329 330 356 355)
        (330 331 357 356)
        (331 332 358 357)
        (332 333 359 358)
        (333 334 360 359)
        (334 335 361 360)
        (335 336 362 361)
        (336 337 363 362)
        (338 339 365 364)
        (339 340 366 365)
        (340 341 367 366)
        (341 342 368 367)
        (342 343 369 368)
        (343 344 370 369)
        (344 345 371 370)
        (345 346 372 371)
        (346 347 373 372)
        (347 348 374 373)
        (348 349 375 374)
        (349 350 376 375)
        (350 351 377 376)
        (351 352 378 377)
        (352 353 379 378)
        (353 354 380 379)
        (354 355 381 380)
        (355 356 382 381)
        (356 357 383 382)
        (357 358 384 383)
        (358 359 385 384)
        (359 360 386 385)
        (360 361 387 386)
        (361 362 388 387)
        (362 363 389 388)
        (364 365 391 390)
        (365 366 392 391)
        (366 367 393 392)
        (367 368 394 393)
        (368 369 395 394)
        (369 370 396 395)
        (370 371 397 396)
        (371 372 398 397)
        (372 373 399 398)
        (373 374 400 399)
        (374 375 401 400)
        (375 376 402 401)
        (376 377 403 402)
        (377 378 404 403)
        (378 379 405 404)
        (379 380 406 405)
        (380 381 407 406)
        (381 382 408 407)
        (382 383 409 408)
        (383 384 410 409)
        (384 385 411 410)
        (385 386 412 411)
        (386 387 413 412)
        (387 388 414 413)
        (388 389 415 414)
        );
    }
    fan2_half1
    {
        type cyclic;
        neighbourPatch fan2_half0;
        faces
        (
        (312 313 339 338)
        (313 314 340 339)
        (314 315 341 340)
        (315 316 342 341)
        (316 317 343 342)
        (317 318 344 343)
        (318 319 345 344)
        (319 320 346 345)
        (320 321 347 346)
        (321 322 348 347)
        (322 323 349 348)
        (323 324 350 349)
        (324 325 351 350)
        (325 326 352 351)
        (326 327 353 352)
        (327 328 354 353)
        (328 329 355 354)
        (329 330 356 355)
        (330 331 357 356)
        (331 332 358 357)
        (332 333 359 358)
        (333 334 360 359)
        (334 335 361 360)
        (335 336 362 361)
        (336 337 363 362)
        (338 339 365 364)
        (339 340 366 365)
        (340 341 367 366)
        (341 342 368 367)
        (342 343 369 368)
        (343 344 370 369)
        (344 345 371 370)
        (345 346 372 371)
        (346 347 373 372)
        (347 348 374 373)
        (348 349 375 374)
        (349 350 376 375)
        (350 351 377 376)
        (351 352 378 377)
        (352 353 379 378)
        (353 354 380 379)
        (354 355 381 380)
        (355 356 382 381)
        (356 357 383 382)
        (357 358 384 383)
        (358 359 385 384)
        (359 360 386 385)
        (360 361 387 386)
        (361 362 388 387)
        (362 363 389 388)
        (364 365 391 390)
        (365 366 392 391)
        (366 367 393 392)
        (367 368 394 393)
        (368 369 395 394)
        (369 370 396 395)
        (370 371 397 396)
        (371 372 398 397)
        (372 373 399 398)
        (373 374 400 399)
        (374 375 401 400)
        (375 376 402 401)
        (376 377 403 402)
        (377 378 404 403)
        (378 379 405 404)
        (379 380 406 405)
        (380 381 407 406)
        (381 382 408 407)
        (382 383 409 408)
        (383 384 410 409)
        (384 385 411 410)
        (385 386 412 411)
        (386 387 413 412)
        (387 388 414 413)
        (388 389 415 414)
        );
    }
    base_bottom
    {
        type wall;
        faces
        (
        (0 1 105 104)
        (1 2 106 105)
        (2 3 107 106)
        (3 4 108 107)
        (4 5 109 108)
        (5 6 110 109)
        (6 7 111 110)
        (7 8 112 111)
        (8 9 113 112)
        (9 10 114 113)
        (10 11 115 114)
        (11 12 116 115)
        (12 13 117 116)
        (13 14 118 117)
        (14 15 119 118)
        (15 16 120 119)
        (16 17 121 120)
        (17 18 122 121)
        (18 19 123 122)
        (19 20 124 123)
        (20 21 125 124)
        (21 22 126 125)
        (22 23 127 126)
        (23 24 128 127)
        (24 25 129 128)
        (104 105 209 208)
        (105 106 210 209)
        (106 107 211 210)
        (107 108 212 211)
        (108 109 213 212)
        (109 110 214 213)
        (110 111 215 214)
        (111 112 216 215)
        (112 113 217 216)
        (113 114 218 217)
        (114 115 219 218)
        (115 116 220 219)
        (116 117 221 220)
        (117 118 222 221)
        (118 119 223 222)
        (119 120 224 223)
        (120 121 225 224)
        (121 122 226 225)
        (122 123 227 226)
        (123 124 228 227)
        (124 125 229 228)
        (125 126 230 229)
        (126 127 231 230)
        (127 128 232 231)
        (128 129 233 232)
        (208 209 313 312)
        (209 210 314 313)
        (210 211 315 314)
        (211 212 316 315)
        (212 213 317 316)
        (213 214 318 317)
        (214 215 319 318)
        (215 216 320 319)
        (216 217 321 320)
        (217 218 322 321)
        (218 219 323 322)
        (219 220 324 323)
        (220 221 325 324)
        (221 222 326 325)
        (222 223 327 326)
        (223 224 328 327)
        (224 225 329 328)
        (225 226 330 329)
        (226 227 331 330)
        (227 228 332 331)
        (228 229 333 332)
        (229 230 334 333)
        (230 231 335 334)
        (231 232 336 335)
        (232 233 337 336)
        );
    }
    top_wall
    {
        type wall;
        faces
        (
        (78 182 183 79)
        (79 183 184 80)
        (80 184 185 81)
        (81 185 186 82)
        (82 186 187 83)
        (83 187 188 84)
        (84 188 189 85)
        (85 189 190 86)
        (86 190 191 87)
        (87 191 192 88)
        (88 192 193 89)
        (89 193 194 90)
        (90 194 195 91)
        (91 195 196 92)
        (92 196 197 93)
        (93 197 198 94)
        (94 198 199 95)
        (95 199 200 96)
        (96 200 201 97)
        (97 201 202 98)
        (98 202 203 99)
        (99 203 204 100)
        (100 204 205 101)
        (101 205 206 102)
        (102 206 207 103)
        (182 286 287 183)
        (183 287 288 184)
        (184 288 289 185)
        (185 289 290 186)
        (186 290 291 187)
        (187 291 292 188)
        (188 292 293 189)
        (189 293 294 190)
        (190 294 295 191)
        (191 295 296 192)
        (192 296 297 193)
        (193 297 298 194)
        (194 298 299 195)
        (195 299 300 196)
        (196 300 301 197)
        (197 301 302 198)
        (198 302 303 199)
        (199 303 304 200)
        (200 304 305 201)
        (201 305 306 202)
        (202 306 307 203)
        (203 307 308 204)
        (204 308 309 205)
        (205 309 310 206)
        (206 310 311 207)
        (286 390 391 287)
        (287 391 392 288)
        (288 392 393 289)
        (289 393 394 290)
        (290 394 395 291)
        (291 395 396 292)
        (292 396 397 293)
        (293 397 398 294)
        (294 398 399 295)
        (295 399 400 296)
        (296 400 401 297)
        (297 401 402 298)
        (298 402 403 299)
        (299 403 404 300)
        (300 404 405 301)
        (301 405 406 302)
        (302 406 407 303)
        (303 407 408 304)
        (304 408 409 305)
        (305 409 410 306)
        (306 410 411 307)
        (307 411 412 308)
        (308 412 413 309)
        (309 413 414 310)
        (310 414 415 311)
        );
    }
    side_walls
    {
        type wall;
        faces
        (
        (0 104 130 26)
        (25 51 155 129)
        (26 130 156 52)
        (51 77 181 155)
        (52 156 182 78)
        (77 103 207 181)
        (104 208 234 130)
        (129 155 259 233)
        (130 234 260 156)
        (155 181 285 259)
        (156 260 286 182)
        (181 207 311 285)
        (208 312 338 234)
        (233 259 363 337)
        (234 338 364 260)
        (259 285 389 363)
        (260 364 390 286)
        (285 311 415 389)
        );
    }
);

mergePatchPairs
(
);