/*--------------------------------*- C++ -*----------------------------------*\
| =========                 |                                                 |
| \\      /  F ield         | OpenFOAM: The Open Source CFD Toolbox           |
|  \\    /   O peration     | Version:  v2012                                 |
|   \\  /    A nd           | Website:  www.openfoam.com                      |
|    \\/     M anipulation  |                                                 |
\*---------------------------------------------------------------------------*/
FoamFile
{
    version     2.0;
    format      ascii;
    class       volScalarField;
    location    "2000";
    object      alphat;
}
// * * * * * * * * * * * * * * * * * * * * * * * * * * * * * * * * * * * * * //

dimensions      [1 -1 -1 0 0 0 0];


internalField   nonuniform List<scalar> 
6250
(
0.00034534437
0.00034537281
0.00034548404
0.00034565188
0.00034584172
0.0003459855
0.00034591217
0.00034523572
0.00034317774
0.00032404403
0.0002998758
0.00027874311
0.00026023368
0.00023299376
0.00017816581
0.00012058967
7.1537652e-05
3.7725237e-05
1.8232123e-05
8.2662348e-06
3.5151816e-06
1.3552762e-06
4.4898278e-07
1.4612214e-07
8.855558e-08
0.00034567022
0.00034577857
0.00034600224
0.00034630349
0.00034655897
0.00034649901
0.00034554325
0.00034258742
0.00032778828
0.00030606392
0.00028862366
0.00026356099
0.00021734213
0.00016417663
0.00011174938
6.7941741e-05
3.7095383e-05
1.8524102e-05
8.6680331e-06
3.8736631e-06
1.6294153e-06
5.8442256e-07
1.4409602e-07
2.6078183e-08
1.3737474e-08
0.00034556058
0.00034571289
0.00034598691
0.00034627456
0.00034629879
0.00034548351
0.00034274403
0.00033629932
0.00032366448
0.00030211865
0.00026984125
0.000227262
0.00017773612
0.00012719503
8.2342619e-05
4.7978497e-05
2.5313988e-05
1.2379674e-05
5.8638424e-06
2.7779928e-06
1.2445239e-06
4.3006309e-07
8.0839802e-08
1.0118305e-08
6.3023265e-09
0.00034525521
0.00034542657
0.00034569002
0.00034581697
0.00034531791
0.00034326137
0.00033810068
0.00032765871
0.00030947207
0.00028162243
0.00024385336
0.00019835987
0.000149667
0.00010349918
6.4958661e-05
3.6853277e-05
1.9117972e-05
9.4789524e-06
4.7901693e-06
2.294111e-06
1.080935e-06
3.9087731e-07
6.5115754e-08
7.5430805e-09
4.9356012e-09
0.00034489073
0.00034505367
0.00034523512
0.00034505159
0.00034376424
0.00034010159
0.00033219415
0.0003177844
0.00029483428
0.00026243612
0.00022162878
0.0001756096
0.0001291054
8.7102624e-05
5.3427051e-05
2.9765881e-05
1.5466083e-05
8.0260732e-06
4.1061904e-06
2.1127406e-06
1.074098e-06
3.7759753e-07
5.9407629e-08
6.6992358e-09
4.4176565e-09
0.00034446544
0.00034458354
0.0003445924
0.00034393303
0.00034161237
0.00033608208
0.00032531976
0.00030723929
0.00028042019
0.00024490147
0.0002026267
0.00015723685
0.0001132377
7.4865415e-05
4.5066678e-05
2.4880375e-05
1.3220988e-05
7.3065201e-06
3.7547803e-06
2.1063031e-06
1.1074297e-06
3.7433383e-07
5.6702542e-08
6.0479433e-09
3.8982872e-09
0.00034397729
0.00034401095
0.00034374976
0.00034245353
0.00033889717
0.0003313436
0.00031777568
0.00029644222
0.00026658312
0.00022901313
0.00018624087
0.00014201743
0.00010048863
6.5273439e-05
3.8731922e-05
2.1438775e-05
1.1840902e-05
6.44686e-06
3.6740172e-06
2.170193e-06
1.1573568e-06
3.7798903e-07
5.5524642e-08
5.5636657e-09
3.5043813e-09
0.00034342367
0.00034332971
0.00034270059
0.00034062369
0.00033568358
0.00032604964
0.00030983651
0.00028571132
0.00025352928
0.0002146896
0.00017201396
0.00012918638
8.9984951e-05
5.7563561e-05
3.3871145e-05
1.9040643e-05
1.1036591e-05
6.1015952e-06
3.7283933e-06
2.2710087e-06
1.2180253e-06
3.8408632e-07
5.4576282e-08
5.1152846e-09
3.219835e-09
0.00034279
0.00034252327
0.00034143226
0.00033845346
0.00033203439
0.00032033997
0.00030170498
0.00027523782
0.00024132271
0.00020177232
0.00015955144
0.00011819779
8.1169392e-05
5.1281093e-05
3.0142543e-05
1.739877e-05
1.0144905e-05
6.0346775e-06
3.861861e-06
2.3954381e-06
1.2863985e-06
3.9187255e-07
5.3936395e-08
4.7354662e-09
2.9944385e-09
0.00034205835
0.00034157475
0.00033993671
0.00033596114
0.00032801595
0.00031433676
0.00029353114
0.00026513216
0.00022995522
0.00019008929
0.00014853619
0.00010866544
7.3679132e-05
4.6137331e-05
2.7308063e-05
1.6311138e-05
9.6206921e-06
6.1360574e-06
4.0484768e-06
2.5403435e-06
1.3647665e-06
4.0603909e-07
5.5019641e-08
4.6106813e-09
2.8116287e-09
0.00034121262
0.00034047127
0.00033821341
0.00033317387
0.00032369678
0.00030814638
0.00028542662
0.00025545612
0.00021938807
0.00017948483
0.00013872496
0.00010031922
6.7275104e-05
4.1939355e-05
2.5196886e-05
1.5650062e-05
9.469973e-06
6.3528649e-06
4.2766386e-06
2.7049124e-06
1.4532755e-06
4.2421021e-07
5.6773274e-08
4.5459815e-09
2.6625207e-09
0.00034023897
0.00033920374
0.00033626746
0.00033012316
0.00031914151
0.00030185615
0.0002774694
0.0002462361
0.00020956588
0.00016982139
0.00012992893
9.2965244e-05
6.1791582e-05
3.8543587e-05
2.3669142e-05
1.4894482e-05
9.5760045e-06
6.6582556e-06
4.5411962e-06
2.8885353e-06
1.5514858e-06
4.454631e-07
5.8992861e-08
4.5236669e-09
2.539712e-09
0.00033912623
0.00033776685
0.00033410846
0.00032684238
0.00031440852
0.00029553534
0.00026971099
0.00023747515
0.000200427
0.00016098038
0.00012200083
8.6460789e-05
5.7105477e-05
3.5831842e-05
2.2610088e-05
1.4435809e-05
9.8691873e-06
7.0338087e-06
4.8392342e-06
3.0906066e-06
1.6590005e-06
4.6945315e-07
6.161132e-08
4.5358156e-09
2.4375535e-09
0.00033786646
0.00033615916
0.00033174961
0.0003233652
0.0003095493
0.00028923793
0.00026218382
0.00022916272
0.00019191077
0.00015286236
0.00011482638
8.0699508e-05
5.3122161e-05
3.3708519e-05
2.1939525e-05
1.4368897e-05
1.0306958e-05
7.4669594e-06
5.1679769e-06
3.3083781e-06
1.7643926e-06
4.9493122e-07
6.4464977e-08
4.5721142e-09
2.3518424e-09
0.00033645501
0.00033438262
0.00032920661
0.00031972425
0.00030460823
0.00028300512
0.00025490644
0.00022128043
0.00018396011
0.00014538283
0.00010831093
7.5585912e-05
4.9732224e-05
3.2024143e-05
2.161884e-05
1.4604231e-05
1.0859905e-05
7.9500739e-06
5.5254391e-06
3.5409598e-06
1.8726669e-06
5.2192678e-07
6.7542527e-08
4.6293786e-09
2.2796515e-09
0.00033489032
0.00033244212
0.00032649669
0.00031595016
0.00029962275
0.00027686741
0.00024788726
0.00021380543
0.00017652234
0.00013847015
0.000102378
7.1046933e-05
4.686513e-05
3.0729022e-05
2.1203474e-05
1.5072794e-05
1.1511395e-05
8.4787335e-06
5.9105088e-06
3.788638e-06
1.987539e-06
5.5085254e-07
7.08895e-08
4.707547e-09
2.2189287e-09
0.00033317366
0.0003303449
0.00032363775
0.000312071
0.00029462387
0.00027084666
0.0002411273
0.0002067122
0.00016954774
0.00013205798
9.6949407e-05
6.6982015e-05
4.4362304e-05
2.9831823e-05
2.108755e-05
1.5740184e-05
1.2246417e-05
9.0494057e-06
6.3223136e-06
4.0515716e-06
2.1095665e-06
5.819093e-07
7.4530073e-08
4.8061917e-09
2.1681051e-09
0.00033130878
0.00032810006
0.00032064781
0.00030811202
0.00028963684
0.00026495774
0.00023462216
0.00019997361
0.00016298915
0.00012608518
9.1955028e-05
6.3313881e-05
4.2155663e-05
2.927996e-05
2.1327599e-05
1.6577226e-05
1.3051466e-05
9.6585382e-06
6.759708e-06
4.3294783e-06
2.2387811e-06
6.1513816e-07
7.8468822e-08
4.9243927e-09
2.1259272e-09
0.00032930149
0.00032571803
0.0003175445
0.00030409562
0.00028468187
0.00025920995
0.00022836373
0.00019356284
0.00015680587
0.00012050859
8.7369619e-05
6.0072746e-05
4.0427587e-05
2.9073286e-05
2.1894141e-05
1.7560957e-05
1.3915395e-05
1.0302473e-05
7.2210671e-06
4.621588e-06
2.374857e-06
6.5047159e-07
8.2696882e-08
5.0608572e-09
2.0913177e-09
0.00032715925
0.00032321016
0.0003143447
0.00030004135
0.00027977477
0.00025360808
0.00022234077
0.00018745102
0.00015095104
0.00011525517
8.3053679e-05
5.6926872e-05
3.9061916e-05
2.9274694e-05
2.2751598e-05
1.8665426e-05
1.4826869e-05
1.0977326e-05
7.704363e-06
4.9267747e-06
2.5172679e-06
6.877843e-07
8.7198494e-08
5.2141919e-09
2.0633964e-09
0.00032489078
0.0003205883
0.00031106428
0.00029596602
0.0002749275
0.00024815323
0.00021653966
0.00018160941
0.00014538428
0.000110285
7.9013167e-05
5.4092021e-05
3.8063414e-05
2.9261089e-05
2.3475045e-05
1.9863072e-05
1.5779e-05
1.1679299e-05
8.2069993e-06
5.2434584e-06
2.6652386e-06
7.2688119e-07
9.1949709e-08
5.3829129e-09
2.0415451e-09
0.00032250572
0.00031786446
0.00030771799
0.00029188394
0.00027014876
0.00024284368
0.00021094607
0.00017601352
0.00014008158
0.00010560113
7.5326513e-05
5.1774292e-05
3.745074e-05
2.92814e-05
2.4233764e-05
2.1125469e-05
1.6761675e-05
1.240365e-05
8.7255708e-06
5.5694214e-06
2.8176324e-06
7.674638e-07
9.6913866e-08
5.5650405e-09
2.0251399e-09
0.00032001426
0.00031505061
0.0003043193
0.00028780703
0.00026544441
0.00023767521
0.00020554362
0.0001706337
0.00013499271
0.00010109088
7.166011e-05
4.9805742e-05
3.7282066e-05
2.9507801e-05
2.5063463e-05
2.2364522e-05
1.776207e-05
1.3144285e-05
9.2555273e-06
5.9016957e-06
2.9729357e-06
8.0912669e-07
1.0204093e-07
5.7581248e-09
2.0136299e-09
0.00031742691
0.00031215838
0.00030088043
0.00028374508
0.00026081782
0.00023264143
0.00020031426
0.00016543982
0.00013007769
9.6726024e-05
6.8127743e-05
4.8159747e-05
3.7453982e-05
2.992247e-05
2.5923499e-05
2.3244182e-05
1.875295e-05
1.3895176e-05
9.7910105e-06
6.2360002e-06
3.1288112e-06
8.5122168e-07
1.0725002e-07
5.9585852e-09
2.006566e-09
0.0003147542
0.00030919896
0.00029741228
0.00027970596
0.00025627039
0.00022773479
0.00019524171
0.0001604135
0.00012534061
9.260314e-05
6.5058836e-05
4.6928856e-05
3.7832172e-05
3.0481649e-05
2.6803765e-05
2.4109267e-05
1.9720837e-05
1.4642972e-05
1.0324391e-05
6.5672397e-06
3.2823804e-06
8.9291504e-07
1.1243497e-07
6.1616391e-09
2.0032767e-09
0.00031200653
0.00030618296
0.00029392459
0.00027569592
0.00025180208
0.00022294742
0.00019031175
0.0001555404
0.00012077455
8.869469e-05
6.2464507e-05
4.6127572e-05
3.7980953e-05
3.1146572e-05
2.770901e-05
2.4971473e-05
2.0659932e-05
1.5377012e-05
1.0848007e-05
6.890419e-06
3.4309282e-06
9.3339407e-07
1.1748996e-07
6.3623636e-09
2.0029438e-09
0.00030919397
0.00030312031
0.00029042589
0.00027171976
0.00024741148
0.00021826986
0.00018550449
0.00015077867
0.00011626305
8.4636207e-05
6.0105632e-05
4.5796748e-05
3.799731e-05
3.1883816e-05
2.8640115e-05
2.5834482e-05
2.156717e-05
1.6089845e-05
1.1355346e-05
7.2011702e-06
3.571986e-06
9.7196082e-07
1.223321e-07
6.5568895e-09
2.0047544e-09
0.00030632619
0.00030002025
0.00028692366
0.00026778102
0.000243096
0.00021369198
0.00018080236
0.00014611073
0.00011184133
8.0780923e-05
5.8096458e-05
4.5755233e-05
3.8182841e-05
3.2674564e-05
2.9587204e-05
2.6695013e-05
2.2440222e-05
1.6776334e-05
1.1841505e-05
7.4963099e-06
3.7044056e-06
1.008229e-06
1.268975e-07
6.7418352e-09
2.0079361e-09
0.00030341233
0.00029689129
0.00028342436
0.00026388218
0.00023885256
0.00020920524
0.00017619698
0.00014155084
0.00010760584
7.7369679e-05
5.6502253e-05
4.5905311e-05
3.8518303e-05
3.3512629e-05
3.0539882e-05
2.7545438e-05
2.3276796e-05
1.7433061e-05
1.230333e-05
7.774072e-06
3.8278071e-06
1.0419956e-06
1.3115377e-07
6.915211e-09
2.0118617e-09
0.00030046098
0.00029374119
0.00027993353
0.0002600249
0.00023467792
0.00020480276
0.00017168365
0.00013710478
0.0001035473
7.4403557e-05
5.5327588e-05
4.6222595e-05
3.8983809e-05
3.4396697e-05
3.1489573e-05
2.8377692e-05
2.4075414e-05
1.8058298e-05
1.2739299e-05
8.0338916e-06
3.9419571e-06
1.0731939e-06
1.3509019e-07
7.0761729e-09
2.0160827e-09
0.00029748011
0.000290577
0.00027645585
0.00025621001
0.00023056789
0.00020047375
0.00016723512
0.00013267604
9.9301619e-05
7.1639559e-05
5.4636867e-05
4.6711612e-05
3.9554715e-05
3.5314465e-05
3.2439305e-05
2.9192959e-05
2.4798773e-05
1.8648898e-05
1.3148853e-05
8.275619e-06
4.0469334e-06
1.1018392e-06
1.3870697e-07
7.224465e-09
2.0203172e-09
0.00029447708
0.00028740503
0.00027299522
0.00025243754
0.00022651742
0.00019620675
0.0001628335
0.00012826777
9.5114111e-05
6.9164889e-05
5.4284547e-05
4.7361962e-05
4.0214058e-05
3.6257561e-05
3.3389883e-05
2.9986592e-05
2.5419776e-05
1.9200495e-05
1.3531517e-05
8.4992634e-06
4.1427926e-06
1.1279369e-06
1.4200303e-07
7.3598467e-09
2.0243618e-09
0.00029145864
0.00028423091
0.00026955478
0.00024870695
0.00022252175
0.00019199517
0.00015848569
0.00012396051
9.127465e-05
6.7089501e-05
5.4154339e-05
4.764e-05
4.0948285e-05
3.7231348e-05
3.4337113e-05
3.0759197e-05
2.6012071e-05
1.971534e-05
1.3886924e-05
8.7053022e-06
4.2299627e-06
1.1515916e-06
1.4498954e-07
7.48258e-09
2.0280343e-09
0.00028843088
0.00028105961
0.00026613707
0.00024501748
0.00021857752
0.000187839
0.00015421425
0.00011983151
8.7875458e-05
6.5417761e-05
5.4204629e-05
4.7849499e-05
4.1741395e-05
3.8231268e-05
3.5277636e-05
3.1512276e-05
2.658117e-05
2.019715e-05
1.4216536e-05
8.8949234e-06
4.3092918e-06
1.1730406e-06
1.4769549e-07
7.5936797e-09
2.0311924e-09
0.00028539931
0.00027789548
0.00026274407
0.00024136805
0.00021468079
0.00018373039
0.00014998497
0.00011568036
8.4775606e-05
6.419552e-05
5.4429279e-05
4.8168381e-05
4.258107e-05
3.9246172e-05
3.6207712e-05
3.2246943e-05
2.7129819e-05
2.0649586e-05
1.4522801e-05
9.0698272e-06
4.3818464e-06
1.1925986e-06
1.5016096e-07
7.6946967e-09
2.0337847e-09
0.00028236884
0.00027474228
0.00025937723
0.00023775685
0.00021082496
0.00017965029
0.00014573673
0.00011135508
8.1845873e-05
6.3407826e-05
5.482451e-05
4.8592893e-05
4.3472354e-05
4.0265012e-05
3.7115009e-05
3.2962135e-05
2.7659604e-05
2.1075975e-05
1.4808355e-05
9.2317747e-06
4.4487702e-06
1.2105999e-06
1.5242899e-07
7.7873921e-09
2.0358592e-09
0.00027934383
0.0002716032
0.0002560374
0.00023418153
0.00020700363
0.00017559074
0.00014149632
0.00010714407
7.922023e-05
6.2906764e-05
5.5374675e-05
4.9114761e-05
4.4401719e-05
4.1283734e-05
3.8003745e-05
3.3658792e-05
2.817179e-05
2.147932e-05
1.5075832e-05
9.3826359e-06
4.5108913e-06
1.2273013e-06
1.5453341e-07
7.8732023e-09
2.037508e-09
0.00027632808
0.00026848093
0.00025272504
0.00023063979
0.00020321354
0.00017155965
0.00013732927
0.00010324789
7.6969911e-05
6.2613879e-05
5.6062406e-05
4.9724372e-05
4.5359137e-05
4.2300165e-05
3.8877029e-05
3.4338317e-05
2.8667619e-05
2.1862308e-05
1.5327622e-05
9.5240286e-06
4.5689791e-06
1.2429259e-06
1.565031e-07
7.9533759e-09
2.038837e-09
0.00027332491
0.00026537767
0.00024944034
0.0002271301
0.00019945545
0.00016757481
0.00013329576
9.973516e-05
7.5095823e-05
6.2504541e-05
5.6873395e-05
5.041112e-05
4.6338609e-05
4.3312951e-05
3.973639e-05
3.5001971e-05
2.9148337e-05
2.2227318e-05
1.5565808e-05
9.6573308e-06
4.6236878e-06
1.25766e-06
1.5836213e-07
8.0289534e-09
2.0399356e-09
0.00027033717
0.00026229523
0.00024618329
0.00022365073
0.00019572608
0.00016361744
0.00012925256
9.6498144e-05
7.3636488e-05
6.2577069e-05
5.7795933e-05
5.1167431e-05
4.7333065e-05
4.4319512e-05
4.0582336e-05
3.5650822e-05
2.9615183e-05
2.2576483e-05
1.5792213e-05
9.7837305e-06
4.6755738e-06
1.2716631e-06
1.6013121e-07
8.1008413e-09
2.0408909e-09
0.00026736727
0.00025923502
0.00024295339
0.00022019813
0.00019201252
0.00015963367
0.00012501374
9.3393002e-05
7.2607424e-05
6.282707e-05
5.8128506e-05
5.1982878e-05
4.8358314e-05
4.5321744e-05
4.1414984e-05
3.6285529e-05
3.006926e-05
2.2911672e-05
1.6008414e-05
9.9042373e-06
4.7251008e-06
1.2850661e-06
1.6182729e-07
8.1698058e-09
2.0418036e-09
0.00026441721
0.00025619803
0.00023974965
0.00021676813
0.00018830619
0.00015562932
0.0001207906
9.0530008e-05
7.1880432e-05
6.3235277e-05
5.8520031e-05
5.286046e-05
4.940705e-05
4.6308728e-05
4.2232635e-05
3.6906645e-05
3.0511562e-05
2.3234459e-05
1.6215703e-05
1.0019663e-05
4.7726401e-06
1.2979719e-06
1.6346353e-07
8.2364246e-09
2.0427338e-09
0.00026148861
0.00025318492
0.00023657086
0.00021335782
0.00018460908
0.00015165038
0.00011678427
8.7995978e-05
7.1367535e-05
6.3782162e-05
5.8989434e-05
5.3783761e-05
5.0471066e-05
4.7285726e-05
4.3036192e-05
3.7514789e-05
3.0942951e-05
2.3546162e-05
1.6415144e-05
1.0130666e-05
4.8184932e-06
1.3104653e-06
1.6505089e-07
8.301168e-09
2.043717e-09
0.00025858273
0.00025019605
0.00023341606
0.00020996671
0.00018093201
0.0001477487
0.00011308794
8.5808319e-05
7.1033954e-05
6.4452568e-05
5.9538024e-05
5.4742378e-05
5.154468e-05
4.8255081e-05
4.3826968e-05
3.811069e-05
3.1364195e-05
2.3847893e-05
1.6607614e-05
1.0237778e-05
4.8629116e-06
1.3226156e-06
1.6659831e-07
8.3644285e-09
2.0447922e-09
0.00025570057
0.00024723166
0.0002302846
0.00020659577
0.00017728409
0.00014393327
0.00010970662
8.396547e-05
7.0869373e-05
6.5235647e-05
6.0162215e-05
5.5729895e-05
5.262418e-05
4.9217355e-05
4.4605973e-05
3.8695104e-05
3.1775986e-05
2.4140576e-05
1.6793803e-05
1.0341377e-05
4.9061397e-06
1.334487e-06
1.6811384e-07
8.4265522e-09
2.0459885e-09
0.00025284284
0.00024429174
0.00022717516
0.0002032396
0.00017362958
0.00013998068
0.00010646888
8.2528533e-05
7.0877104e-05
6.6124025e-05
6.0855907e-05
5.674175e-05
5.3706984e-05
5.0172419e-05
4.5373857e-05
3.9268714e-05
3.2178955e-05
2.442501e-05
1.6974336e-05
1.044187e-05
4.9482811e-06
1.3461118e-06
1.696018e-07
8.4877297e-09
2.0473245e-09
0.00025000998
0.0002413759
0.00022408529
0.00019988903
0.0001699388
0.00013587662
0.00010335237
8.1451141e-05
7.1056231e-05
6.7109895e-05
6.1615186e-05
5.7774388e-05
5.4789169e-05
5.1119597e-05
4.6130985e-05
3.983208e-05
3.2573655e-05
2.470189e-05
1.7149745e-05
1.0539574e-05
4.9894553e-06
1.3575216e-06
1.7106613e-07
8.5481281e-09
2.0488115e-09
0.00024720216
0.00023848345
0.00022101224
0.00019653886
0.00016622358
0.00013180651
0.00010046412
8.0630891e-05
7.1394427e-05
6.8177963e-05
6.2448976e-05
5.8823333e-05
5.5859332e-05
5.2056387e-05
4.6877569e-05
4.0385744e-05
3.2960573e-05
2.4971773e-05
1.7320415e-05
1.0634807e-05
5.0297929e-06
1.3687502e-06
1.7251114e-07
8.6079266e-09
2.0504575e-09
0.00024441931
0.00023561355
0.00021795407
0.0001931907
0.00016251935
0.00012791732
9.7869342e-05
8.0006942e-05
7.1874364e-05
6.9007332e-05
6.334268e-05
5.9894163e-05
5.6924222e-05
5.2982614e-05
4.7613579e-05
4.0930117e-05
3.3340142e-05
2.5235148e-05
1.7486704e-05
1.0727814e-05
5.0693984e-06
1.3798262e-06
1.7394046e-07
8.6672872e-09
2.0522806e-09
0.0002416612
0.0002327654
0.00021491025
0.000189852
0.00015886561
0.0001242835
9.5583545e-05
7.9553297e-05
7.2477846e-05
6.9542176e-05
6.4285634e-05
6.0995093e-05
5.7987408e-05
5.3898499e-05
4.8338918e-05
4.1465462e-05
3.3712736e-05
2.5492491e-05
1.7648998e-05
1.0818726e-05
5.1083192e-06
1.3907621e-06
1.7535569e-07
8.7262848e-09
2.0542937e-09
0.00023892751
0.00022993842
0.00021188128
0.00018652958
0.00015527153
0.00012091403
9.3607692e-05
7.9260618e-05
7.3192848e-05
7.0124824e-05
6.5266607e-05
6.2120401e-05
5.9050821e-05
5.4804845e-05
4.9053674e-05
4.1991965e-05
3.4078658e-05
2.5744203e-05
1.7807588e-05
1.0907671e-05
5.1465984e-06
1.4015682e-06
1.7675803e-07
8.7849603e-09
2.0564902e-09
0.00023621776
0.00022713164
0.00020886402
0.00018320022
0.00015156607
0.00011766881
9.1995213e-05
7.9130284e-05
7.4011648e-05
7.0761737e-05
6.6278964e-05
6.3263481e-05
6.011447e-05
5.5702441e-05
4.9758136e-05
4.250979e-05
3.4438069e-05
2.5990483e-05
1.7962823e-05
1.0994829e-05
5.1843023e-06
1.4122608e-06
1.7814947e-07
8.8433881e-09
2.0588635e-09
0.00023353127
0.00022434339
0.000205852
0.00017983725
0.00014769759
0.00011450415
9.0724515e-05
7.916286e-05
7.4928782e-05
7.1454612e-05
6.731839e-05
6.4419206e-05
6.1177308e-05
5.6591721e-05
5.0452655e-05
4.3019139e-05
3.4791169e-05
2.6231668e-05
1.8114858e-05
1.1080309e-05
5.2214741e-06
1.4228512e-06
1.7953142e-07
8.9016227e-09
2.061412e-09
0.00023086707
0.00022157153
0.00020283995
0.00017644032
0.00014379416
0.00011150709
8.9712234e-05
7.9352647e-05
7.5939422e-05
7.2202364e-05
6.8381609e-05
6.5583771e-05
6.2237961e-05
5.7472763e-05
5.1137545e-05
4.3520247e-05
3.5138176e-05
2.6468043e-05
1.8263836e-05
1.1164189e-05
5.2581438e-06
1.4333468e-06
1.8090474e-07
8.959695e-09
2.0641317e-09
0.000228224
0.00021881409
0.00019982651
0.00017302995
0.00013998791
0.0001087503
8.8898253e-05
7.9690806e-05
7.70387e-05
7.3002924e-05
6.9465894e-05
6.6754168e-05
6.3295021e-05
5.8345378e-05
5.1813013e-05
4.4013342e-05
3.547928e-05
2.6699855e-05
1.8409906e-05
1.1246548e-05
5.2943392e-06
1.4437539e-06
1.8227019e-07
9.0176298e-09
2.0670171e-09
0.00022560092
0.00021606983
0.00019681452
0.00016963472
0.00013636096
0.00010626293
8.8254433e-05
8.0168338e-05
7.8221682e-05
7.3853544e-05
7.056839e-05
6.792653e-05
6.4347281e-05
5.9209967e-05
5.2479242e-05
4.4498524e-05
3.5814538e-05
2.6927373e-05
1.8553251e-05
1.1327474e-05
5.3300909e-06
1.4540797e-06
1.8362858e-07
9.0754548e-09
2.0700633e-09
0.00022299683
0.00021333846
0.00019381001
0.00016628252
0.00013295368
0.00010404763
8.7769852e-05
8.0774978e-05
7.947662e-05
7.4765802e-05
7.1686182e-05
6.9089348e-05
6.5391283e-05
6.0065643e-05
5.31362e-05
4.4975886e-05
3.6144117e-05
2.7150685e-05
1.869396e-05
1.1407024e-05
5.3654192e-06
1.4643289e-06
1.8498045e-07
9.1331846e-09
2.0732626e-09
0.00022041083
0.00021061937
0.00019081062
0.00016292558
0.00012972314
0.00010212541
8.7442313e-05
8.149952e-05
8.0622324e-05
7.5734496e-05
7.2820509e-05
7.0244339e-05
6.6425085e-05
6.0911226e-05
5.378371e-05
4.5445514e-05
3.6468127e-05
2.7369888e-05
1.8832106e-05
1.1485247e-05
5.40034e-06
1.4745053e-06
1.863263e-07
9.190841e-09
2.0766156e-09
0.00021784158
0.00020790917
0.00018779517
0.00015943105
0.00012655344
0.0001005335
8.7272897e-05
8.2327427e-05
8.1310808e-05
7.6752359e-05
7.3986404e-05
7.1395936e-05
6.7447634e-05
6.1745643e-05
5.4421491e-05
4.5907425e-05
3.6786671e-05
2.7585081e-05
1.8967749e-05
1.1562168e-05
5.4348554e-06
1.484608e-06
1.8766593e-07
9.2484206e-09
2.0801289e-09
0.00021528715
0.00020520293
0.00018474786
0.00015580936
0.00012345687
9.9232147e-05
8.7259166e-05
8.3250492e-05
8.20271e-05
7.7807616e-05
7.5179656e-05
7.2547043e-05
6.8459062e-05
6.2568181e-05
5.5049209e-05
4.636156e-05
3.7099814e-05
2.7796343e-05
1.9100923e-05
1.1637793e-05
5.4689552e-06
1.4946319e-06
1.8899853e-07
9.3058805e-09
2.0837921e-09
0.00021274526
0.00020249677
0.00018167017
0.00015216374
0.00012051271
9.8156123e-05
8.7394576e-05
8.4262804e-05
8.2780122e-05
7.8893089e-05
7.6393622e-05
7.369834e-05
6.9459932e-05
6.3378565e-05
5.5666617e-05
4.68079e-05
3.740755e-05
2.8003698e-05
1.9231641e-05
1.1712117e-05
5.502631e-06
1.5045731e-06
1.9032352e-07
9.3631846e-09
2.0875909e-09
0.00021021384
0.00019978922
0.00017857637
0.00014859067
0.00011777879
9.7261162e-05
8.7671011e-05
8.5359581e-05
8.3575006e-05
8.0004357e-05
7.7622726e-05
7.4849058e-05
7.0450653e-05
6.4176818e-05
5.6273608e-05
4.7246416e-05
3.7709864e-05
2.8207163e-05
1.9359911e-05
1.1785141e-05
5.5358749e-06
1.5144279e-06
1.9164031e-07
9.4203016e-09
2.0915172e-09
0.00020769141
0.00019708157
0.00017548634
0.00014515378
0.00011528018
9.6525271e-05
8.8080602e-05
8.6536583e-05
8.4414012e-05
8.1138375e-05
7.8862685e-05
7.5997836e-05
7.143134e-05
6.4963092e-05
5.6870188e-05
4.7677098e-05
3.8006757e-05
2.8406762e-05
1.9485749e-05
1.1856866e-05
5.5686811e-06
1.5241928e-06
1.9294833e-07
9.4771994e-09
2.095562e-09
0.0002051774
0.00019437732
0.00017242041
0.00014188844
0.00011302158
9.5939431e-05
8.8616388e-05
8.7789832e-05
8.5297641e-05
8.2292787e-05
8.011015e-05
7.7143189e-05
7.2401851e-05
6.5737526e-05
5.7456421e-05
4.8099983e-05
3.8298251e-05
2.8602532e-05
1.9609178e-05
1.1927303e-05
5.6010471e-06
1.5338656e-06
1.9424716e-07
9.5338518e-09
2.0997153e-09
0.00020267147
0.00019167749
0.00016936581
0.00013878219
0.00011101188
9.5501414e-05
8.9272398e-05
8.9115469e-05
8.6225548e-05
8.3465579e-05
8.1362311e-05
7.8283669e-05
7.3361902e-05
6.6500218e-05
5.8032419e-05
4.851514e-05
3.8584373e-05
2.8794516e-05
1.973023e-05
1.1996466e-05
5.632974e-06
1.5434448e-06
1.9553651e-07
9.5902388e-09
2.1039685e-09
0.00020017113
0.00018896909
0.00016621766
0.00013573168
0.00010928922
9.5213605e-05
9.0043609e-05
9.0509695e-05
8.7196619e-05
8.4655126e-05
8.2616911e-05
7.9417994e-05
7.4311128e-05
6.7251221e-05
5.8598309e-05
4.8922647e-05
3.8865162e-05
2.8982762e-05
1.984894e-05
1.2064375e-05
5.6644647e-06
1.5529299e-06
1.9681619e-07
9.6463433e-09
2.1083123e-09
0.00019767194
0.00018623787
0.00016295055
0.0001327202
0.00010783839
9.5077227e-05
9.092464e-05
9.1965725e-05
8.8216746e-05
8.5858895e-05
8.3866821e-05
8.0544031e-05
7.5249188e-05
6.799063e-05
5.9154201e-05
4.9322585e-05
3.9140668e-05
2.9167325e-05
1.9965349e-05
1.2131053e-05
5.6955263e-06
1.5623219e-06
1.9808622e-07
9.7021572e-09
2.1127368e-09
0.0001951694
0.00018347894
0.00015962147
0.00012980548
0.00010661217
9.508944e-05
9.1906171e-05
9.322928e-05
8.9290919e-05
8.7081014e-05
8.5107436e-05
8.165929e-05
7.6175638e-05
6.8718574e-05
5.9700191e-05
4.9715052e-05
3.9410965e-05
2.9348281e-05
2.0079515e-05
1.2196536e-05
5.7261724e-06
1.5716236e-06
1.9934697e-07
9.7576941e-09
2.1172407e-09
0.0001926606
0.0001806973
0.00015630512
0.0001270473
0.00010556975
9.5243656e-05
9.2975536e-05
9.4080016e-05
9.0411692e-05
8.8334668e-05
8.6343684e-05
8.2762608e-05
7.7089714e-05
6.943499e-05
6.0236497e-05
5.0100177e-05
3.9676139e-05
2.9525709e-05
2.0191497e-05
1.2260857e-05
5.7564108e-06
1.5808362e-06
2.0059846e-07
9.8129561e-09
2.1218263e-09
0.00019014496
0.00017790417
0.00015306137
0.00012448124
0.00010468655
9.5532281e-05
9.4125811e-05
9.4948064e-05
9.1567985e-05
8.961584e-05
8.7578837e-05
8.3854139e-05
7.7990845e-05
7.0139762e-05
6.076326e-05
5.0478096e-05
3.9936276e-05
2.9699678e-05
2.0301337e-05
1.2324034e-05
5.7862442e-06
1.5899589e-06
2.018405e-07
9.8679257e-09
2.1264844e-09
0.00018762418
0.0001751135
0.00014993033
0.00012212217
0.00010395018
9.5948069e-05
9.5351806e-05
9.584299e-05
9.2752911e-05
9.0918253e-05
8.8813984e-05
8.4934554e-05
7.8878839e-05
7.0832785e-05
6.1280565e-05
5.0848925e-05
4.019146e-05
2.9870255e-05
2.0409077e-05
1.238609e-05
5.8156795e-06
1.5989928e-06
2.0307315e-07
9.9225972e-09
2.1312053e-09
0.00018510187
0.00017233949
0.00014693609
0.00011997251
0.00010335504
9.6484577e-05
9.6649413e-05
9.6770974e-05
9.3962264e-05
9.2236537e-05
9.0048741e-05
8.6004519e-05
7.975393e-05
7.1513879e-05
6.1788434e-05
5.1212762e-05
4.0441777e-05
3.003751e-05
2.0514763e-05
1.2447049e-05
5.844725e-06
1.6079394e-06
2.0429655e-07
9.9769713e-09
2.1359844e-09
0.00018258227
0.00016959137
0.000144087
0.00011803031
0.0001028989
9.7136213e-05
9.8015179e-05
9.7735416e-05
9.5193234e-05
9.3566505e-05
9.1282043e-05
8.7064341e-05
8.0616286e-05
7.2183205e-05
6.228695e-05
5.1569706e-05
4.0687318e-05
3.0201522e-05
2.0618448e-05
1.2506942e-05
5.8733896e-06
1.6168004e-06
2.0551082e-07
1.0031048e-08
2.1408171e-09
0.00018005491
0.00016678518
0.00014128312
0.00011633231
0.00010258285
9.7898234e-05
9.9446028e-05
9.8737882e-05
9.6443705e-05
9.4904852e-05
9.2512598e-05
8.8114038e-05
8.1466116e-05
7.2840993e-05
6.2776247e-05
5.1919865e-05
4.0928175e-05
3.0362369e-05
2.0720187e-05
1.2565799e-05
5.9016832e-06
1.6255774e-06
2.0671612e-07
1.0084829e-08
2.1456986e-09
0.00017750695
0.00016389712
0.00013850714
0.00011487061
0.00010240762
9.8766492e-05
0.00010093909
9.9778841e-05
9.7711935e-05
9.6248866e-05
9.3739103e-05
8.915346e-05
8.2303636e-05
7.3487475e-05
6.3256488e-05
5.226336e-05
4.1164444e-05
3.0520137e-05
2.0820037e-05
1.2623651e-05
5.9296166e-06
1.6342728e-06
2.0791267e-07
1.0138319e-08
2.1506248e-09
0.00017493161
0.00016095385
0.00013579743
0.00011361491
0.00010237217
9.9737172e-05
0.00010249158
0.00010085825
9.8996352e-05
9.7596158e-05
9.4960332e-05
9.0182449e-05
8.3128956e-05
7.4122866e-05
6.3727853e-05
5.2600326e-05
4.1396231e-05
3.0674912e-05
2.0918057e-05
1.2680532e-05
5.9572015e-06
1.642889e-06
2.0910072e-07
1.0191524e-08
2.1555919e-09
0.00017233026
0.00015800163
0.00013320316
0.000112535
0.00010247392
0.00010080661
0.00010410069
0.00010197543
0.00010029571
9.8944804e-05
9.6175275e-05
9.1200885e-05
8.3942041e-05
7.474733e-05
6.4190523e-05
5.293091e-05
4.1623645e-05
3.0826781e-05
2.1014307e-05
1.2736475e-05
5.9844493e-06
1.6514284e-06
2.1028054e-07
1.0244451e-08
2.1605961e-09
0.00016971061
0.00015508414
0.00013075998
0.00011161019
0.00010270939
0.00010197055
0.00010576127
0.00010313611
0.00010160769
0.00010028834
9.7382025e-05
9.2208345e-05
8.4743215e-05
7.5361111e-05
6.4644692e-05
5.3255262e-05
4.1846799e-05
3.0975833e-05
2.1108849e-05
1.2791516e-05
6.0113742e-06
1.6598947e-06
2.1145252e-07
1.0297112e-08
2.1656331e-09
0.00016708419
0.00015223539
0.00012848765
0.00011082861
0.0001030739
0.00010322034
0.00010719606
0.00010434656
0.00010293759
0.00010162206
9.8578086e-05
9.3204381e-05
8.5532723e-05
7.5964469e-05
6.5090556e-05
5.357354e-05
4.2065818e-05
3.112217e-05
2.1201753e-05
1.2845697e-05
6.0379936e-06
1.6682924e-06
2.1261729e-07
1.0349533e-08
2.1707049e-09
0.00016446417
0.00014947961
0.00012639449
0.00011018411
0.00010356147
0.00010454478
0.00010823943
0.00010560041
0.00010429786
0.00010295079
9.9762233e-05
9.4188274e-05
8.6310665e-05
7.6557669e-05
6.5528334e-05
5.3885909e-05
4.2280828e-05
3.126589e-05
2.1293085e-05
1.2899056e-05
6.0643197e-06
1.6766243e-06
2.1377513e-07
1.0401731e-08
2.1758155e-09
0.00016186398
0.00014683306
0.00012448185
0.00010967356
0.00010416622
0.00010593829
0.00010929314
0.00010688771
0.00010568511
0.00010427806
0.00010093486
9.5159168e-05
8.7076926e-05
7.7140933e-05
6.5958251e-05
5.4192534e-05
4.2491944e-05
3.1407076e-05
2.1382898e-05
1.2951617e-05
6.0903601e-06
1.6848919e-06
2.1492617e-07
1.0453704e-08
2.1809606e-09
0.0001592964
0.00014430608
0.00012274731
0.00010929521
0.00010488274
0.00010739665
0.00011036641
0.0001082021
0.00010709369
0.00010560534
0.00010209662
9.6116869e-05
8.7831395e-05
7.7714413e-05
6.6380517e-05
5.4493581e-05
4.2699279e-05
3.1545804e-05
2.1471239e-05
1.3003406e-05
6.1161247e-06
1.6930974e-06
2.1607071e-07
1.050546e-08
2.1861351e-09
0.00015677316
0.0001419049
0.00012118663
0.00010904782
0.00010570613
0.0001089165
0.00011146568
0.00010953969
0.00010851862
0.00010693252
0.00010324799
9.706162e-05
8.8574088e-05
7.8278227e-05
6.679531e-05
5.4789204e-05
4.2902942e-05
3.1682151e-05
2.1558154e-05
1.3054449e-05
6.1416236e-06
1.7012436e-06
2.1720904e-07
1.0557011e-08
2.1913382e-09
0.00015430462
0.00013963271
0.00011979494
0.00010893024
0.00010663202
0.00011049503
0.00011259496
0.00011089791
0.00010995593
0.00010825877
0.00010438936
9.7993745e-05
8.9305129e-05
7.8832502e-05
6.7202794e-05
5.5079554e-05
4.3103041e-05
3.1816193e-05
2.1643693e-05
1.3104773e-05
6.1668663e-06
1.7093325e-06
2.1834141e-07
1.0608364e-08
2.1965685e-09
0.00015186365
0.00013744105
0.00011858341
0.00010894178
0.00010765649
0.00011212975
0.00011375658
0.00011227487
0.00011140241
0.000109583
0.00010552085
9.8913575e-05
9.0024722e-05
7.9377393e-05
6.7603126e-05
5.536477e-05
4.3299685e-05
3.1948005e-05
2.1727903e-05
1.3154403e-05
6.191862e-06
1.7173664e-06
2.1946806e-07
1.0659528e-08
2.2018242e-09
0.00014942556
0.00013529593
0.00011755572
0.00010908173
0.00010877596
0.00011381836
0.00011495183
0.00011366907
0.00011285562
0.0001109046
0.00010664191
9.9821236e-05
9.0733095e-05
7.9913089e-05
6.7996467e-05
5.5644992e-05
4.3492977e-05
3.2077662e-05
2.1810831e-05
1.3203365e-05
6.2166196e-06
1.7253473e-06
2.2058924e-07
1.0710512e-08
2.2071043e-09
0.00014700881
0.0001332292
0.00011669403
0.00010934845
0.00010998712
0.00011555861
0.00011618139
0.00011507925
0.00011431328
0.00011222208
0.00010775274
0.00010071697
9.1430452e-05
8.0439754e-05
6.8382945e-05
5.5920329e-05
4.3683007e-05
3.2205232e-05
2.189252e-05
1.3251683e-05
6.2411475e-06
1.7332773e-06
2.2170518e-07
1.0761323e-08
2.2124077e-09
0.0001446372
0.00013127045
0.0001159836
0.00010973965
0.00011128678
0.00011734825
0.00011744562
0.00011650426
0.00011577325
0.00011353413
0.00010885335
0.00010160104
9.2116961e-05
8.0957463e-05
6.8762584e-05
5.6190827e-05
4.3869834e-05
3.2330767e-05
2.1973007e-05
1.3299375e-05
6.2654525e-06
1.7411577e-06
2.2281605e-07
1.0811966e-08
2.2177331e-09
0.00014233378
0.00012944098
0.00011541413
0.00011025269
0.00011267182
0.00011918497
0.00011874457
0.00011794291
0.0001172337
0.00011483973
0.00010994356
0.00010247362
9.2792861e-05
8.1466338e-05
6.9135462e-05
5.6456549e-05
4.4053512e-05
3.2454312e-05
2.2052321e-05
1.3346459e-05
6.2895393e-06
1.7489897e-06
2.2392194e-07
1.0862446e-08
2.2230797e-09
0.00014011848
0.00012775398
0.00011497905
0.00011088455
0.0001141383
0.00012106293
0.00012008979
0.00011939473
0.00011868492
0.0001161358
0.00011102311
0.00010333496
9.3458392e-05
8.1966569e-05
6.9501725e-05
5.6717592e-05
4.4234103e-05
3.257591e-05
2.2130489e-05
1.3392947e-05
6.3134114e-06
1.7567737e-06
2.2502287e-07
1.091276e-08
2.2284456e-09
0.00013800742
0.00012621645
0.00011467434
0.00011163201
0.00011568199
0.00012297745
0.00012147837
0.00012085648
0.00012012753
0.00011742077
0.00011209159
0.00010418526
9.4113809e-05
8.2458381e-05
6.9861551e-05
5.6974077e-05
4.4411686e-05
3.2695611e-05
2.2207542e-05
1.3438856e-05
6.3370755e-06
1.7645114e-06
2.2611907e-07
1.0962916e-08
2.2338292e-09
0.00013601308
0.00012483137
0.00011449746
0.00011249061
0.00011729263
0.00012446879
0.0001229088
0.00012234136
0.0001215639
0.00011869385
0.00011314844
0.00010502456
9.4759352e-05
8.2942011e-05
7.0215132e-05
5.7226145e-05
4.4586353e-05
3.2813479e-05
2.228352e-05
1.3484209e-05
6.3605396e-06
1.7722048e-06
2.2721078e-07
1.1012929e-08
2.2392346e-09
0.00013414478
0.00012359919
0.00011444656
0.00011345541
0.00011896335
0.00012579116
0.00012437439
0.0001238543
0.00012299735
0.00011995485
0.00011419309
0.00010585283
9.5395242e-05
8.3417709e-05
7.0562673e-05
5.7473937e-05
4.4758198e-05
3.2929574e-05
2.2358458e-05
1.3529022e-05
6.3838079e-06
1.7798545e-06
2.2829804e-07
1.1062798e-08
2.2446622e-09
0.00013240919
0.00012251887
0.00011452001
0.00011452173
0.00012069045
0.00012712313
0.00012586818
0.00012539133
0.00012443013
0.00012120439
0.00011522523
0.00010666996
9.6021657e-05
8.3885725e-05
7.0904379e-05
5.7717598e-05
4.4927311e-05
3.3043949e-05
2.2432385e-05
1.3573309e-05
6.4068855e-06
1.7874616e-06
2.2938097e-07
1.1112525e-08
2.2501082e-09
0.00013081089
0.00012158855
0.00011471627
0.00011568524
0.00012247098
0.00012847244
0.00012738616
0.00012694867
0.00012586195
0.00012244297
0.0001162448
0.00010747589
9.6638729e-05
8.4346274e-05
7.1240444e-05
5.7957266e-05
4.5093781e-05
3.3156659e-05
2.2505333e-05
1.3617087e-05
6.4297796e-06
1.7950281e-06
2.3045981e-07
1.116212e-08
2.2555711e-09
0.00012935282
0.00012080601
0.00011503373
0.00011694198
0.0001243025
0.0001298448
0.00012892572
0.00012852146
0.00012729297
0.00012367121
0.00011725196
0.00010827063
9.7246568e-05
8.4799545e-05
7.1571051e-05
5.8193077e-05
4.5257697e-05
3.3267761e-05
2.2577336e-05
1.3660374e-05
6.4524976e-06
1.8025559e-06
2.3153481e-07
1.121159e-08
2.2610506e-09
0.0001280367
0.00012016888
0.0001154707
0.0001182883
0.00012618287
0.00013124421
0.00013048498
0.00013010587
0.00012872266
0.00012488961
0.00011824698
0.00010905427
9.7845295e-05
8.524571e-05
7.1896369e-05
5.8425161e-05
4.5419146e-05
3.3377312e-05
2.2648429e-05
1.370319e-05
6.4750471e-06
1.8100469e-06
2.3260618e-07
1.1260945e-08
2.2665461e-09
0.00012686334
0.00011967481
0.00011602537
0.00011972086
0.00012811012
0.00013267338
0.00013206249
0.00013169881
0.00013015016
0.00012609844
0.00011923017
0.00010982697
9.8435051e-05
8.568493e-05
7.2216554e-05
5.8653643e-05
4.5578215e-05
3.3485368e-05
2.2718647e-05
1.3745553e-05
6.4974353e-06
1.817503e-06
2.3367417e-07
1.1310194e-08
2.2720574e-09
0.00012583289
0.00011932152
0.00011669587
0.00012123649
0.00013008231
0.00013413437
0.00013365787
0.00013329707
0.00013157429
0.00012729779
0.00012020183
0.00011058896
9.9015998e-05
8.6117367e-05
7.2531755e-05
5.887864e-05
4.5734987e-05
3.3591984e-05
2.2788022e-05
1.3787483e-05
6.5196691e-06
1.8249261e-06
2.3473901e-07
1.1359345e-08
2.2775844e-09
0.00012494509
0.00011910688
0.0001174802
0.00012283221
0.00013209755
0.00013562885
0.00013527044
0.00013489814
0.00013299384
0.00012848763
0.00012116225
0.00011134046
9.9588318e-05
8.6543179e-05
7.2842113e-05
5.9100267e-05
4.5889542e-05
3.3697214e-05
2.2856589e-05
1.3828995e-05
6.5417552e-06
1.8323178e-06
2.3580089e-07
1.1408408e-08
2.2831269e-09
0.00012419935
0.00011902887
0.0001183763
0.00012450512
0.00013415366
0.00013715847
0.00013689877
0.00013650013
0.00013440773
0.00012966775
0.00012211163
0.00011208173
0.00010015221
8.6962527e-05
7.3147764e-05
5.9318629e-05
4.6041957e-05
3.3801109e-05
2.2924377e-05
1.3870107e-05
6.5636998e-06
1.8396797e-06
2.3686004e-07
1.145739e-08
2.2886849e-09
0.00012359495
0.00011908555
0.00011938187
0.00012625168
0.00013624571
0.00013873547
0.000138542
0.00013809334
0.00013581342
0.00013083801
0.00012305021
0.00011281301
0.00010070786
8.7375571e-05
7.3448839e-05
5.953383e-05
4.6192305e-05
3.3903717e-05
2.2991416e-05
1.3910834e-05
6.5855089e-06
1.8470135e-06
2.3791664e-07
1.15063e-08
2.2942586e-09
0.00012313102
0.00011927507
0.00012049439
0.00012806826
0.00013836997
0.00014035655
0.00014019832
0.00013967943
0.00013720964
0.00013199805
0.0001239782
0.00011353454
0.00010125548
8.7782468e-05
7.3745465e-05
5.9745965e-05
4.6340654e-05
3.4005084e-05
2.3057734e-05
1.3951192e-05
6.6071884e-06
1.8543206e-06
2.3897089e-07
1.1555145e-08
2.2998479e-09
0.00012280665
0.00011959559
0.00012171119
0.00012995133
0.00014052361
0.00014201996
0.00014186597
0.00014125901
0.00013859568
0.00013314751
0.00012489572
0.00011424658
0.00010179526
8.8183365e-05
7.4037748e-05
5.995512e-05
4.6487063e-05
3.4105166e-05
2.3123351e-05
1.3991191e-05
6.628741e-06
1.8616018e-06
2.4002287e-07
1.1603929e-08
2.3054536e-09
0.0001226209
0.00012004527
0.00012302948
0.00013189757
0.00014270434
0.00014372253
0.000143545
0.0001428325
0.00013997114
0.00013428602
0.00012580283
0.00011494934
0.00010232741
8.8578437e-05
7.4325879e-05
6.016148e-05
4.6631492e-05
3.4203107e-05
2.3188193e-05
1.4030825e-05
6.6501569e-06
1.8688537e-06
2.4107214e-07
1.1652633e-08
2.3110751e-09
0.0001225728
0.00012062228
0.00012444642
0.00013390385
0.0001449102
0.00014546183
0.00014523521
0.00014440021
0.00014133577
0.00013541333
0.00012669952
0.000115643
0.00010285214
8.8967862e-05
7.4609965e-05
6.0365037e-05
4.6773987e-05
3.4299783e-05
2.3252298e-05
1.4070091e-05
6.6714372e-06
1.8760762e-06
2.421186e-07
1.1701252e-08
2.3167109e-09
0.00012266137
0.00012132478
0.00012595911
0.00013596732
0.00014713978
0.00014723487
0.00014693633
0.00014596246
0.00014268945
0.00013652923
0.0001275858
0.0001163277
0.00010336962
8.9351785e-05
7.4890073e-05
6.0565818e-05
4.6914617e-05
3.4395294e-05
2.3315708e-05
1.4108999e-05
6.6925894e-06
1.8832712e-06
2.4316251e-07
1.1749796e-08
2.3223596e-09
0.00012288562
0.00012215088
0.00012756469
0.00013808529
0.00014939148
0.00014903949
0.00014864708
0.00014751924
0.00014403218
0.00013763364
0.00012846169
0.00011700359
0.00010388004
8.9730331e-05
7.5166276e-05
6.0763877e-05
4.705345e-05
3.4489701e-05
2.337846e-05
1.4147569e-05
6.7136223e-06
1.8904415e-06
2.4420426e-07
1.1798279e-08
2.3280209e-09
0.00012324454
0.00012309863
0.00012925982
0.00014025263
0.00015148405
0.00015087585
0.00015037181
0.00014907104
0.0001453638
0.00013872643
0.00012932719
0.00011767078
0.00010438352
9.0103611e-05
7.5438654e-05
6.0959284e-05
4.719055e-05
3.4583053e-05
2.3440589e-05
1.4185819e-05
6.7345439e-06
1.8975896e-06
2.4524418e-07
1.1846717e-08
2.3336967e-09
0.00012373705
0.00012416588
0.00013104064
0.00014246376
0.00015338141
0.00015274196
0.00015211682
0.00015061966
0.00014668421
0.00013980742
0.0001301823
0.00011832937
0.0001048802
9.0471734e-05
7.5707294e-05
6.115211e-05
4.732597e-05
3.467539e-05
2.3502119e-05
1.4223762e-05
6.7553583e-06
1.9047165e-06
2.4628243e-07
1.1895118e-08
2.3393893e-09
0.00012436195
0.00012535036
0.00013290358
0.00014471705
0.00015529595
0.00015463361
0.00015387969
0.00015216646
0.00014799377
0.00014087652
0.00013102701
0.00011897946
0.0001053702
9.0834808e-05
7.5972282e-05
6.134242e-05
4.7459759e-05
3.476674e-05
2.3563067e-05
1.4261406e-05
6.7760677e-06
1.9118227e-06
2.4731902e-07
1.1943483e-08
2.3450981e-09
0.00012511797
0.00012664966
0.00013484526
0.0001470102
0.00015723437
0.00015654806
0.00015565671
0.00015371185
0.00014929304
0.0001419338
0.00013186134
0.00011962114
0.00010585363
9.1192944e-05
7.6233705e-05
6.1530279e-05
4.7591958e-05
3.4857129e-05
2.3623448e-05
1.4298757e-05
6.7966738e-06
1.9189085e-06
2.4835403e-07
1.1991813e-08
2.3508223e-09
0.00012600369
0.00012806127
0.00013686227
0.00014934029
0.00015920598
0.00015848402
0.00015744195
0.00015525505
0.0001505825
0.00014297944
0.0001326853
0.00012025445
0.00010633059
9.1546239e-05
7.6491643e-05
6.1715745e-05
4.7722606e-05
3.4946577e-05
2.3683273e-05
1.4335822e-05
6.8171785e-06
1.9259745e-06
2.493875e-07
1.2040111e-08
2.3565622e-09
0.00012701757
0.00012958258
0.00013895143
0.00015170291
0.00016122225
0.0001604409
0.00015922766
0.00015679409
0.00015186247
0.00014401377
0.000133499
0.00012087947
0.00010680117
9.1894786e-05
7.6746176e-05
6.1898873e-05
4.7851738e-05
3.5035106e-05
2.3742554e-05
1.4372604e-05
6.8375834e-06
1.9330209e-06
2.5041945e-07
1.2088379e-08
2.3623178e-09
0.00012815793
0.00013121088
0.00014110937
0.00015409455
0.00016328281
0.00016241761
0.00016101413
0.0001583277
0.00015313297
0.00014503712
0.00013430261
0.00012149627
0.00010726545
9.223867e-05
7.6997373e-05
6.2079716e-05
4.7979387e-05
3.5122734e-05
2.3801302e-05
1.440911e-05
6.8578897e-06
1.9400478e-06
2.5144992e-07
1.2136615e-08
2.3680891e-09
0.0001294229
0.0001329433
0.00014333229
0.00015651255
0.00016538731
0.00016441365
0.00016280134
0.000159855
0.00015439382
0.00014604974
0.00013509633
0.00012210497
0.00010772351
9.2577965e-05
7.7245301e-05
6.2258321e-05
4.8105585e-05
3.5209479e-05
2.3859525e-05
1.4445344e-05
6.8780986e-06
1.9470555e-06
2.5247891e-07
1.2184822e-08
2.3738759e-09
0.0001308106
0.00013477726
0.00014561641
0.00015895458
0.00016753544
0.00016642877
0.00016458913
0.00016137535
0.00015564477
0.00014705175
0.00013588034
0.00012270568
0.00010817543
9.2912743e-05
7.749002e-05
6.2434735e-05
4.8230359e-05
3.5295356e-05
2.3917233e-05
1.448131e-05
6.8982113e-06
1.9540443e-06
2.5350644e-07
1.2233e-08
2.3796781e-09
0.00013231899
0.00013671002
0.0001479583
0.00016141852
0.00016972692
0.00016846286
0.00016637738
0.00016288828
0.00015688558
0.00014804324
0.00013665482
0.00012329854
0.00010862131
9.3243072e-05
7.7731584e-05
6.2608996e-05
4.8353736e-05
3.5380381e-05
2.3974434e-05
1.4517011e-05
6.9182286e-06
1.9610141e-06
2.5453253e-07
1.2281148e-08
2.3854956e-09
0.00013394596
0.00013873842
0.00015035479
0.00016390237
0.00017196152
0.00017051578
0.00016816594
0.00016439341
0.00015811602
0.00014902423
0.0001374199
0.00012388368
0.00010906123
9.3569017e-05
7.7970043e-05
6.2781141e-05
4.8475739e-05
3.5464565e-05
2.4031135e-05
1.4552451e-05
6.9381514e-06
1.9679651e-06
2.5555718e-07
1.2329268e-08
2.3913282e-09
0.0001356892
0.00014085931
0.00015280284
0.00016640418
0.00017423904
0.00017258744
0.00016995466
0.00016589045
0.0001593359
0.00014999472
0.00013817568
0.0001244612
0.00010949527
9.3890643e-05
7.8205442e-05
6.2951202e-05
4.8596387e-05
3.5547921e-05
2.4087342e-05
1.4587632e-05
6.9579802e-06
1.9748973e-06
2.5658038e-07
1.2377358e-08
2.3971757e-09
0.00013754612
0.00014306964
0.00015529949
0.00016892193
0.0001765593
0.00017467769
0.00017174342
0.00016737916
0.00016054504
0.0001509547
0.00013892226
0.00012503123
0.00010992354
9.4208011e-05
7.8437825e-05
6.3119206e-05
4.87157e-05
3.5630458e-05
2.4143061e-05
1.4622557e-05
6.9777152e-06
1.9818107e-06
2.5760211e-07
1.2425418e-08
2.4030381e-09
0.00013951399
0.00014536635
0.0001578418
0.00017145351
0.00017892212
0.0001767864
0.00017353209
0.00016885937
0.00016174333
0.00015190416
0.0001396597
0.00012559384
0.0001103461
9.4521178e-05
7.866723e-05
6.328518e-05
4.8833692e-05
3.5712184e-05
2.4198295e-05
1.4657228e-05
6.9973566e-06
1.9887051e-06
2.5862236e-07
1.2473447e-08
2.408915e-09
0.00014158997
0.00014774638
0.00016042682
0.00017399663
0.00018132732
0.00017891342
0.00017532055
0.00017033089
0.00016293063
0.00015284309
0.00014038808
0.00012614912
0.00011076304
9.4830197e-05
7.8893694e-05
6.3449147e-05
4.8950376e-05
3.5793106e-05
2.4253048e-05
1.4691644e-05
7.0169041e-06
1.9955804e-06
2.5964109e-07
1.2521442e-08
2.4148063e-09
0.00014377106
0.00015020643
0.00016305049
0.00017654348
0.00018377542
0.00018105479
0.00017710802
0.00017179361
0.00016410688
0.00015377146
0.00014110742
0.00012669715
0.0001111744
9.5135117e-05
7.911725e-05
6.3611127e-05
4.9065764e-05
3.5873228e-05
2.4307322e-05
1.4725808e-05
7.0363574e-06
2.0024362e-06
2.6065825e-07
1.2569403e-08
2.4207117e-09
0.00014605401
0.00015274278
0.00016570786
0.00017908617
0.0001862663
0.00018320824
0.00017889358
0.00017324739
0.00016527204
0.00015468929
0.00014181779
0.00012723799
0.00011158026
9.5435984e-05
7.9337927e-05
6.3771138e-05
4.9179864e-05
3.5952555e-05
2.4361119e-05
1.4759719e-05
7.0557158e-06
2.0092723e-06
2.6167379e-07
1.2617326e-08
2.4266309e-09
0.00014843537
0.00015535157
0.00016839445
0.0001816226
0.00018879896
0.00018537646
0.00018067702
0.00017469198
0.00016642609
0.00015559659
0.00014251921
0.00012777168
0.00011198067
9.5732837e-05
7.9555751e-05
6.3929195e-05
4.9292685e-05
3.6031089e-05
2.4414439e-05
1.4793377e-05
7.0749783e-06
2.0160882e-06
2.6268764e-07
1.2665208e-08
2.4325638e-09
0.00015091143
0.00015802878
0.00017110619
0.00018415118
0.00019137186
0.000187561
0.00018245877
0.00017612731
0.00016756896
0.00015649337
0.00014321173
0.00012829829
0.00011237567
9.6025712e-05
7.9770746e-05
6.4085311e-05
4.9404232e-05
3.6108831e-05
2.4467281e-05
1.482678e-05
7.0941435e-06
2.0228832e-06
2.636997e-07
1.2713045e-08
2.4385096e-09
0.00015347826
0.00016077039
0.00017383939
0.00018667052
0.00019398601
0.00018976309
0.00018423827
0.00017755307
0.00016870066
0.0001573797
0.00014389541
0.00012881787
0.00011276531
9.6314643e-05
7.9982934e-05
6.4239497e-05
4.9514508e-05
3.6185782e-05
2.4519645e-05
1.4859927e-05
7.1132108e-06
2.0296571e-06
2.6470992e-07
1.2760834e-08
2.4444674e-09
0.00015613169
0.00016357223
0.00017659
0.00018917643
0.00019640987
0.00019198444
0.00018602311
0.00017896993
0.00016982083
0.00015825548
0.00014457028
0.00012933045
0.00011314962
9.6599657e-05
8.0192332e-05
6.4391765e-05
4.9623522e-05
3.6261945e-05
2.4571534e-05
1.4892821e-05
7.1321809e-06
2.0364101e-06
2.6571835e-07
1.2808577e-08
2.4504385e-09
0.00015886726
0.00016642985
0.0001793532
0.00019166302
0.00019847916
0.00019422299
0.00018782831
0.00018038188
0.00017092925
0.00015912032
0.00014523625
0.00012983606
0.00011352864
9.6880773e-05
8.0398956e-05
6.4542125e-05
4.9731279e-05
3.6337323e-05
2.462295e-05
1.4925462e-05
7.1510524e-06
2.0431415e-06
2.6672488e-07
1.2856274e-08
2.4564253e-09
0.00016167117
0.00016932152
0.00018212953
0.00019412851
0.00020052043
0.00019647386
0.00018965222
0.00018179216
0.00017202667
0.00015997398
0.00014589319
0.0001303347
0.00011390239
9.7158018e-05
8.060282e-05
6.4690583e-05
4.9837779e-05
3.6411914e-05
2.4673887e-05
1.4957843e-05
7.1698217e-06
2.0498499e-06
2.6772931e-07
1.2903912e-08
2.4624259e-09
0.00016453502
0.00017224154
0.00018491523
0.00019657148
0.00020253541
0.00019873403
0.00019149089
0.00018320228
0.00017311423
0.00016081652
0.00014654094
0.00013082633
0.00011427089
9.7431416e-05
8.0803934e-05
6.483714e-05
4.9943018e-05
3.6485711e-05
2.4724339e-05
1.4989962e-05
7.1884866e-06
2.0565347e-06
2.6873152e-07
1.2951487e-08
2.4684384e-09
0.00016745194
0.00017518702
0.00018770595
0.00019899066
0.00020452506
0.00020100212
0.00019334111
0.00018461243
0.00017419286
0.00016164817
0.00014717942
0.00013131088
0.00011463415
9.7700973e-05
8.1002302e-05
6.4981794e-05
5.0046991e-05
3.6558706e-05
2.47743e-05
1.5021813e-05
7.2070452e-06
2.0631951e-06
2.6973142e-07
1.2998994e-08
2.4744624e-09
0.0001704154
0.00017815391
0.00019049126
0.00020137467
0.00020649503
0.00020327711
0.00019520036
0.00018602219
0.00017526319
0.00016246927
0.00014780861
0.00013178828
0.00011499212
9.7966686e-05
8.1197925e-05
6.5124541e-05
5.014969e-05
3.6630893e-05
2.4823766e-05
1.5053395e-05
7.2254954e-06
2.0698303e-06
2.7072887e-07
1.3046426e-08
2.4804972e-09
0.00017341906
0.00018113769
0.00019326506
0.00020372231
0.00020844527
0.00020555847
0.00019706676
0.00018743091
0.00017632556
0.00016328014
0.00014842857
0.00013225847
0.00011534476
9.8228537e-05
8.1390794e-05
6.5265373e-05
5.0251107e-05
3.6702263e-05
2.4872732e-05
1.5084703e-05
7.243835e-06
2.0764394e-06
2.7172375e-07
1.3093778e-08
2.4865417e-09
0.00017645673
0.00018413379
0.00019602403
0.00020603582
0.00021037381
0.0002078467
0.00019893944
0.00018883785
0.00017737994
0.00016408098
0.00014903937
0.00013272142
0.00011569203
9.8486501e-05
8.1580895e-05
6.5404278e-05
5.0351232e-05
3.6772809e-05
2.492119e-05
1.5115734e-05
7.262061e-06
2.0830214e-06
2.7271589e-07
1.3141042e-08
2.492596e-09
0.00017952241
0.00018713771
0.00019876552
0.00020831666
0.0002122791
0.00021013878
0.00020081634
0.00019024317
0.00017842702
0.00016487219
0.00014964114
0.00013317713
0.0001160339
9.8740556e-05
8.1768212e-05
6.5541244e-05
5.045005e-05
3.6842518e-05
2.4969131e-05
1.514648e-05
7.2801697e-06
2.0895747e-06
2.7370506e-07
1.3188206e-08
2.4986568e-09
0.00018261027
0.0001901451
0.00020148723
0.00021056568
0.0002141595
0.00021240617
0.00020269934
0.00019164328
0.00017946481
0.00016565363
0.00015023407
0.00013362567
0.00011637035
9.8990667e-05
8.1952722e-05
6.5676256e-05
5.0547555e-05
3.6911386e-05
2.5016556e-05
1.5176943e-05
7.2981629e-06
2.0961003e-06
2.7469141e-07
1.3235276e-08
2.5047245e-09
0.00018571458
0.0001931512
0.00020418563
0.00021278107
0.00021600756
0.00021395112
0.0002045831
0.00019307313
0.000180501
0.00016642485
0.00015081753
0.00013406685
0.00011670132
9.9236797e-05
8.21344e-05
6.5809303e-05
5.0643743e-05
3.6979415e-05
2.5063466e-05
1.5207125e-05
7.3160394e-06
2.1025974e-06
2.7567485e-07
1.3282257e-08
2.5108066e-09
0.00018882836
0.00019614277
0.00020684239
0.00021496783
0.00021782325
0.0002154629
0.00020645801
0.00019452601
0.00018154091
0.00016718747
0.00015139125
0.00013450041
0.00011702673
9.9478917e-05
8.2313224e-05
6.5940363e-05
5.0738598e-05
3.7046589e-05
2.5109849e-05
1.5237014e-05
7.3337905e-06
2.1090628e-06
2.7665485e-07
1.3329123e-08
2.5169003e-09
0.00019194457
0.00019911437
0.00020945817
0.00021712376
0.00021960701
0.00021694424
0.00020831951
0.00019599146
0.00018258545
0.00016794346
0.00015195554
0.00013492613
0.00011734644
9.9716973e-05
8.2489164e-05
6.6069411e-05
5.0832092e-05
3.7112886e-05
2.5155684e-05
1.5266597e-05
7.3514106e-06
2.1154947e-06
2.7763117e-07
1.3375858e-08
2.5229998e-09
0.00019505629
0.00020206146
0.00021203335
0.00021924734
0.00022135923
0.00021839655
0.00021016487
0.00019746113
0.00018363337
0.00016869441
0.00015251113
0.00013534396
0.00011766027
9.9950866e-05
8.2662168e-05
6.619641e-05
5.0924195e-05
3.7178277e-05
2.5200953e-05
1.5295862e-05
7.3688941e-06
2.1218911e-06
2.7860354e-07
1.3422451e-08
2.5291033e-09
0.00019815702
0.00020498017
0.00021456813
0.00022133754
0.00022308018
0.00021982052
0.00021199983
0.00019893119
0.00018467999
0.00016943963
0.00015305855
0.00013575408
0.00011796814
0.00010018049
8.2832172e-05
6.6321318e-05
5.1014876e-05
3.7242743e-05
2.5245642e-05
1.5324803e-05
7.3862389e-06
2.1282515e-06
2.7957185e-07
1.3468894e-08
2.5352087e-09
0.00020124073
0.00020786724
0.00021706243
0.00022339314
0.00022476867
0.000221214
0.00021346232
0.00020039599
0.0001857407
0.00017018261
0.00015359792
0.00013615637
0.00011826993
0.00010040574
8.2999101e-05
6.6444091e-05
5.1104112e-05
3.7306272e-05
2.5289749e-05
1.5353419e-05
7.4034439e-06
2.1345754e-06
2.8053607e-07
1.3515191e-08
2.5413207e-09
0.00020430194
0.00021071978
0.00021951586
0.00022541267
0.000226423
0.00022257506
0.00021458821
0.00020184524
0.00018682584
0.00017092978
0.00015413034
0.00013655054
0.00011856538
0.00010062648
8.3162878e-05
6.6564682e-05
5.1191872e-05
3.7368843e-05
2.533326e-05
1.5381701e-05
7.420501e-06
2.1408597e-06
2.8149571e-07
1.3561324e-08
2.5474417e-09
0.00020733569
0.0002135352
0.00022192776
0.00022739483
0.00022804253
0.00022390409
0.00021568286
0.00020327135
0.00018792305
0.00017168288
0.00015465795
0.00013693693
0.00011885428
0.00010084253
8.3323404e-05
6.668303e-05
5.127811e-05
3.7430421e-05
2.5376146e-05
1.5409628e-05
7.4373985e-06
2.1471003e-06
2.8245016e-07
1.3607261e-08
2.5535654e-09
0.00021033753
0.00021631117
0.00022429738
0.00022933874
0.00022962723
0.00022520167
0.00021674856
0.00020467347
0.00018902149
0.00017243904
0.00015518184
0.00013731628
0.00011913664
0.00010105372
8.3480552e-05
6.6799053e-05
5.136277e-05
3.7490963e-05
2.5418375e-05
1.543718e-05
7.4541288e-06
2.1532947e-06
2.8339908e-07
1.3652982e-08
2.5596853e-09
0.00021330352
0.00021904556
0.00022662403
0.00023124383
0.00023117707
0.00022646781
0.00021778571
0.00020590579
0.00019011411
0.00017320093
0.0001557029
0.00013768891
0.00011941249
0.00010125993
8.3634192e-05
6.6912662e-05
5.1445797e-05
3.7550436e-05
2.5459932e-05
1.5464351e-05
7.4706894e-06
2.1594424e-06
2.843424e-07
1.3698489e-08
2.565804e-09
0.00021623012
0.00022173645
0.000228907
0.00023310955
0.00023269147
0.00022770136
0.00021879303
0.00020673047
0.00019118857
0.00017398505
0.00015622783
0.00013805578
0.00011968156
0.0001014609
8.3784164e-05
6.7023765e-05
5.1527134e-05
3.7608806e-05
2.5500796e-05
1.5491129e-05
7.4870705e-06
2.1655398e-06
2.8527957e-07
1.3743761e-08
2.5719271e-09
0.00021911424
0.0002243821
0.00023114563
0.00023493534
0.00023416995
0.00022890215
0.00021977078
0.00020752607
0.00019223631
0.00017477806
0.0001567581
0.00013841891
0.00011994422
0.00010165643
8.3930275e-05
6.7132239e-05
5.1606703e-05
3.7666018e-05
2.5540926e-05
1.5517484e-05
7.5032553e-06
2.1715805e-06
2.8620966e-07
1.3788753e-08
2.5780474e-09
0.00022195314
0.00022698095
0.00023333927
0.00023672076
0.00023561233
0.00023007057
0.00022071958
0.00020829506
0.00019325791
0.00017556898
0.00015728998
0.00013877881
0.00012020104
0.00010184652
8.4072356e-05
6.7237939e-05
5.1684406e-05
3.7722005e-05
2.5580277e-05
1.554339e-05
7.5192323e-06
2.1775613e-06
2.8713218e-07
1.3833439e-08
2.5841562e-09
0.00022474443
0.00022953161
0.00023548734
0.00023846553
0.00023701865
0.00023120684
0.0002216395
0.00020903821
0.00019409537
0.00017634903
0.00015782773
0.0001391371
0.00012045236
0.00010203113
8.421025e-05
6.7340723e-05
5.1760147e-05
3.7776708e-05
2.5618815e-05
1.5568829e-05
7.5349932e-06
2.1834793e-06
2.8804676e-07
1.3877805e-08
2.5902568e-09
0.00022748602
0.00023203284
0.00023758935
0.00024016945
0.00023838885
0.00023231076
0.00022253009
0.00020975534
0.00019467285
0.00017710707
0.00015837834
0.00013949812
0.00012069922
0.00010221019
8.4343739e-05
6.7440428e-05
5.1833819e-05
3.7830061e-05
2.56565e-05
1.5593776e-05
7.5505217e-06
2.1893286e-06
2.889525e-07
1.3921817e-08
2.5963515e-09
0.00023017612
0.00023448356
0.00023964488
0.00024183235
0.00023972286
0.00023338231
0.00022339157
0.00021044664
0.0001952255
0.00017783808
0.00015892998
0.00013986133
0.0001209428
0.00010238401
8.447268e-05
6.7536867e-05
5.1905287e-05
3.7881973e-05
2.5693269e-05
1.5618191e-05
7.5657955e-06
2.1951015e-06
2.8984825e-07
1.3965417e-08
2.6024322e-09
0.00023281317
0.00023688285
0.00024165358
0.00024345415
0.00024102073
0.0002344217
0.00022422448
0.00021111267
0.00019575537
0.00017854202
0.00015947374
0.00014022328
0.00012118327
0.00010255301
8.4597082e-05
6.7629881e-05
5.1974404e-05
3.7932339e-05
2.5729053e-05
1.5642031e-05
7.580795e-06
2.2007913e-06
2.9073303e-07
1.4008558e-08
2.6084891e-09
0.00023539588
0.00023922993
0.0002436152
0.00024503484
0.00024228261
0.00023542931
0.00022502931
0.00021175387
0.00019626347
0.00017917109
0.00016000524
0.00014058232
0.00012141984
0.00010271713
8.4716932e-05
6.7719363e-05
5.2041042e-05
3.7981065e-05
2.5763795e-05
1.5665267e-05
7.595505e-06
2.2063932e-06
2.9160617e-07
1.4051211e-08
2.6145214e-09
0.00023792316
0.00024152417
0.00024552956
0.00024657449
0.00024350873
0.00023640538
0.00022580605
0.00021237
0.00019675007
0.00017955646
0.00016051512
0.00014094779
0.0001216561
0.00010287678
8.4832056e-05
6.7805135e-05
5.210507e-05
3.8028058e-05
2.5797434e-05
1.5687861e-05
7.6099039e-06
2.2118994e-06
2.9246651e-07
1.4093329e-08
2.6205317e-09
0.00024039411
0.00024376505
0.00024739657
0.00024807322
0.00024469927
0.00023735004
0.00022655481
0.00021296135
0.00019721503
0.00017992096
0.00016099982
0.00014131023
0.00012189151
0.00010303266
8.4942558e-05
6.788705e-05
5.2166332e-05
3.8073204e-05
2.5829891e-05
1.5709762e-05
7.6239629e-06
2.2172997e-06
2.9331249e-07
1.4134839e-08
2.6265112e-09
0.00024280805
0.00024595222
0.00024921622
0.00024953119
0.00024585445
0.00023826355
0.00022727596
0.00021352843
0.0001976588
0.00018026646
0.00016146008
0.00014166294
0.00012212336
0.00010318466
8.5048586e-05
6.7965041e-05
5.2224687e-05
3.8116381e-05
2.5861081e-05
1.5730918e-05
7.6376556e-06
2.2225851e-06
2.941428e-07
1.4175677e-08
2.6324497e-09
0.00024516444
0.00024808542
0.00025098855
0.0002509486
0.00024697453
0.00023914624
0.00022796996
0.00021407179
0.00019808192
0.00018059404
0.00016189733
0.00014200263
0.00012234909
0.00010333213
8.5150149e-05
6.8039083e-05
5.2280025e-05
3.8157475e-05
2.5890921e-05
1.5751278e-05
7.6509557e-06
2.2277463e-06
2.9495604e-07
1.4215778e-08
2.6383399e-09
0.00024746292
0.00025016452
0.00025271369
0.00025232571
0.00024805986
0.00023999857
0.00022863737
0.00021459197
0.00019848494
0.00018090442
0.00016231531
0.00014232883
0.00012256632
0.00010347375
8.5246922e-05
6.8109112e-05
5.2332273e-05
3.8196401e-05
2.5919344e-05
1.5770801e-05
7.663841e-06
2.2327756e-06
2.9575105e-07
1.4255086e-08
2.6441741e-09
0.00024970326
0.0002521895
0.00025439183
0.00025366284
0.00024911083
0.00024082097
0.00022927858
0.00021508924
0.00019886804
0.0001811981
0.00016261464
0.00014263807
0.00012277948
0.00010361051
8.5338727e-05
6.8174956e-05
5.2381335e-05
3.823309e-05
2.5946298e-05
1.5789452e-05
7.6762921e-06
2.2376657e-06
2.9652671e-07
1.4293553e-08
2.6499503e-09
0.00025188539
0.00025416044
0.00025602323
0.00025496034
0.00025012786
0.00024161385
0.0002298939
0.00021556376
0.00019923137
0.00018147507
0.00016282672
0.00014292668
0.00012298875
0.00010374347
8.5425818e-05
6.8236517e-05
5.2427103e-05
3.8267466e-05
2.597173e-05
1.5807196e-05
7.6882867e-06
2.2424081e-06
2.9728171e-07
1.4331117e-08
2.6556632e-09
0.00025400933
0.00025607752
0.00025760822
0.00025621862
0.00025111134
0.00024237757
0.00023048363
0.00021601586
0.0001995753
0.00018173535
0.0001630234
0.00014319464
0.00012318918
0.00010387159
8.5508313e-05
6.8293837e-05
5.2469513e-05
3.8299459e-05
2.5995589e-05
1.5823998e-05
7.6998045e-06
2.2469952e-06
2.9801485e-07
1.4367719e-08
2.6613019e-09
0.00025607525
0.000257941
0.00025914718
0.00025743808
0.00025206168
0.0002431125
0.00023104815
0.00021644598
0.00019990028
0.0001819793
0.00016320579
0.00014344354
0.00012337816
0.0001039933
8.5585918e-05
6.8346934e-05
5.2508548e-05
3.8329022e-05
2.6017831e-05
1.5839831e-05
7.7108307e-06
2.2514212e-06
2.987252e-07
1.440331e-08
2.6668574e-09
0.00025808342
0.00025975124
0.00026064052
0.00025861916
0.0002529793
0.00024381907
0.00023158792
0.00021685462
0.00020020679
0.00018220738
0.00016337461
0.00014367502
0.0001235549
0.00010410744
8.5658178e-05
6.8395744e-05
5.2544207e-05
3.8356137e-05
2.6038434e-05
1.5854677e-05
7.7213546e-06
2.2556815e-06
2.9941201e-07
1.4437852e-08
2.6723224e-09
0.00026003418
0.00026150866
0.00026208871
0.00025976234
0.00025386467
0.00024449776
0.00023210346
0.0002172423
0.00020049527
0.00018242005
0.00016353042
0.00014389037
0.00012371939
0.00010421341
8.5724706e-05
6.8440165e-05
5.2576489e-05
3.8380808e-05
2.6057394e-05
1.5868532e-05
7.7313701e-06
2.2597732e-06
3.000747e-07
1.4471312e-08
2.6776901e-09
0.000261928
0.00026321375
0.00026349226
0.00026086809
0.00025471827
0.00024514907
0.00023259529
0.00021760951
0.0002007662
0.00018261778
0.00016367368
0.00014409057
0.00012387191
0.000104311
8.578527e-05
6.8480122e-05
5.2605406e-05
3.8403059e-05
2.6074726e-05
1.58814e-05
7.7408769e-06
2.2636948e-06
3.0071296e-07
1.4503672e-08
2.682954e-09
0.00026376539
0.00026486707
0.00026485172
0.00026193695
0.00025554063
0.00024577353
0.00023306393
0.00021795675
0.00020102002
0.00018280101
0.00016380484
0.00014427639
0.0001240128
0.00010440017
8.5839773e-05
6.8515586e-05
5.2630986e-05
3.8422931e-05
2.6090461e-05
1.58933e-05
7.7498805e-06
2.2674469e-06
3.0132676e-07
1.4534922e-08
2.6881085e-09
0.00026554697
0.00026646923
0.00026616766
0.00026296947
0.00025633228
0.0002463717
0.00023350991
0.0002182845
0.00020125721
0.00018297019
0.00016392429
0.00014444827
0.00012414231
0.00010448103
8.5888258e-05
6.8546601e-05
5.2653292e-05
3.8440484e-05
2.6104643e-05
1.5904258e-05
7.7583917e-06
2.271032e-06
3.0191631e-07
1.4565066e-08
2.6931484e-09
0.0002672734
0.00026802088
0.00026744073
0.00026396623
0.00025709379
0.00024694411
0.00023393377
0.00021859327
0.00020147822
0.00018312574
0.00016403239
0.00014460761
0.00012426107
0.00010455353
8.5930641e-05
6.8573203e-05
5.2672409e-05
3.8455802e-05
2.6117336e-05
1.5914313e-05
7.7664287e-06
2.2744551e-06
3.0248224e-07
1.4594125e-08
2.6980698e-09
0.00026894541
0.00026952276
0.00026867156
0.00026492783
0.00025782574
0.00024749134
0.00023433601
0.0002188835
0.00020168343
0.00018326796
0.00016412953
0.00014471082
0.00012436777
0.00010462009
8.5967779e-05
6.8595566e-05
5.2688422e-05
3.8468974e-05
2.6128613e-05
1.5923513e-05
7.7740131e-06
2.2777225e-06
3.0302537e-07
1.4622132e-08
2.7028735e-09
0.00027056378
0.0002709756
0.00026986086
0.00026585491
0.00025852871
0.0002480139
0.00023471711
0.00021915557
0.00020187312
0.00018339706
0.00016421577
0.00014476841
0.00012446086
0.00010468127
8.6000508e-05
6.8614052e-05
5.2701467e-05
3.8480086e-05
2.6138542e-05
1.5931902e-05
7.7811647e-06
2.2808399e-06
3.0354641e-07
1.4649116e-08
2.7075599e-09
0.00027212934
0.00027238022
0.00027100932
0.00026674808
0.00025920327
0.00024851231
0.0002350775
0.00021940989
0.00020204769
0.0001835134
0.0001642912
0.0001448163
0.00012454081
0.00010473509
8.6028605e-05
6.8628922e-05
5.271173e-05
3.8489239e-05
2.6147187e-05
1.5939518e-05
7.7879011e-06
2.2838126e-06
3.0404604e-07
1.4675103e-08
2.7121268e-09
0.00027364297
0.00027373743
0.00027211769
0.00026760799
0.00025984998
0.00024898709
0.00023541766
0.00021964691
0.00020220756
0.00018361736
0.00016435616
0.00014485522
0.00012460879
0.00010478074
8.6051632e-05
6.8640242e-05
5.271937e-05
3.8496545e-05
2.6154615e-05
1.5946399e-05
7.7942397e-06
2.2866457e-06
3.0452496e-07
1.4700119e-08
2.7165731e-09
0.00027510557
0.00027504811
0.00027318671
0.00026843529
0.00026046942
0.00024943874
0.00023573809
0.00021986711
0.00020235322
0.00018370936
0.00016441106
0.00014488571
0.00012466588
0.00010481826
8.6069378e-05
6.864802e-05
5.2724508e-05
3.8502112e-05
2.6160892e-05
1.5952583e-05
7.8001972e-06
2.2893444e-06
3.0498383e-07
1.4724191e-08
2.7208994e-09
0.0002765181
0.00027631312
0.00027421713
0.00026923062
0.00026106216
0.00024986781
0.00023603931
0.00022007102
0.00020248513
0.00018378981
0.0001644563
0.00014490823
0.00012471297
0.00010484798
8.6081876e-05
6.8652302e-05
5.272725e-05
3.8506043e-05
2.6166091e-05
1.5958111e-05
7.8057906e-06
2.2919135e-06
3.054233e-07
1.4747346e-08
2.7251063e-09
0.00027788152
0.00027753337
0.00027520974
0.00026999463
0.00026162878
0.00025027485
0.00023632186
0.00022025914
0.00020260376
0.00018385915
0.00016449232
0.0001449232
0.00012475074
0.00010487033
8.60893e-05
6.8653198e-05
5.272771e-05
3.850844e-05
2.6170284e-05
1.5963023e-05
7.8110384e-06
2.2943586e-06
3.0584411e-07
1.4769615e-08
2.7291943e-09
0.00027919682
0.00027870978
0.0002761653
0.00027072798
0.00026216989
0.00025066044
0.00023658629
0.00022043199
0.00020270958
0.00018391782
0.00016451952
0.000144931
0.00012477978
0.00010488573
8.6091895e-05
6.8650869e-05
5.2726018e-05
3.8509407e-05
2.6173544e-05
1.5967364e-05
7.8159609e-06
2.2966859e-06
3.0624709e-07
1.4791033e-08
2.7331647e-09
0.00028046502
0.00027984328
0.00027708461
0.00027143136
0.00026268608
0.00025102514
0.00023683314
0.00022059007
0.00020280305
0.00018396624
0.00016453832
0.00014493202
0.0001248006
0.00010489458
8.6089931e-05
6.8645503e-05
5.2722317e-05
3.8509053e-05
2.6175947e-05
1.597118e-05
7.8205801e-06
2.2989023e-06
3.0663319e-07
1.4811638e-08
2.737019e-09
0.00028168714
0.00028093481
0.00027796846
0.00027210544
0.00026317798
0.00025136954
0.00023706297
0.0002207339
0.00020288466
0.00018400486
0.00016454912
0.00014492661
0.00012481367
0.00010489726
8.6083688e-05
6.8637303e-05
5.2716759e-05
3.8507491e-05
2.6177572e-05
1.5974517e-05
7.8249187e-06
2.3010148e-06
3.0700339e-07
1.4831475e-08
2.7407594e-09
0.00028286421
0.00028198531
0.00027881767
0.00027275091
0.00026364621
0.00025169422
0.00023727633
0.00022086399
0.00020295486
0.0001840341
0.00016455231
0.00014491512
0.00012481942
0.00010489414
8.6073448e-05
6.8626478e-05
5.27095e-05
3.8504832e-05
2.6178494e-05
1.5977423e-05
7.8289993e-06
2.3030309e-06
3.0735874e-07
1.4850587e-08
2.7443886e-09
0.00028399729
0.00028299576
0.00027963303
0.00027336847
0.0002640914
0.00025199977
0.00023747375
0.00022098083
0.00020301412
0.0001840544
0.00016454828
0.0001448979
0.00012481826
0.00010488559
8.6059485e-05
6.8613235e-05
5.2700694e-05
3.8501189e-05
2.6178787e-05
1.5979941e-05
7.832844e-06
2.3049577e-06
3.0770024e-07
1.4869019e-08
2.7479097e-09
0.00028508742
0.0002839671
0.00028041537
0.00027395882
0.00026451418
0.00025228677
0.00023765579
0.00022108494
0.0002030629
0.00018406617
0.00016453742
0.00014487529
0.00012481058
0.00010487193
8.6042068e-05
6.8597779e-05
5.2690493e-05
3.8496666e-05
2.6178524e-05
1.5982114e-05
7.8364738e-06
2.3068021e-06
3.0802886e-07
1.4886815e-08
2.7513262e-09
0.00028613565
0.00028490031
0.00028116552
0.00027452267
0.00026491519
0.0002525558
0.00023782297
0.00022117679
0.00020310167
0.00018406983
0.00016452009
0.00014484761
0.00012479677
0.00010485351
8.6021458e-05
6.8580307e-05
5.2679041e-05
3.8491367e-05
2.6177772e-05
1.5983982e-05
7.839908e-06
2.3085704e-06
3.0834553e-07
1.4904015e-08
2.7546416e-09
0.00028714305
0.00028579636
0.00028188429
0.00027506073
0.00026529505
0.00025280745
0.00023797583
0.0002212569
0.00020313086
0.0001840658
0.00016449666
0.00014481518
0.00012477717
0.00010483063
8.599791e-05
6.8561012e-05
5.2666476e-05
3.8485387e-05
2.6176592e-05
1.5985583e-05
7.8431648e-06
2.3102687e-06
3.0865111e-07
1.4920658e-08
2.7578597e-09
0.00028811067
0.0002866562
0.00028257252
0.00027557371
0.00026565441
0.00025304228
0.0002381149
0.00022132574
0.00020315094
0.00018405448
0.00016446749
0.00014477832
0.00012475217
0.00010480361
8.5971666e-05
6.8540075e-05
5.2652932e-05
3.8478815e-05
2.6175042e-05
1.5986948e-05
7.8462606e-06
2.3119024e-06
3.089464e-07
1.4936782e-08
2.7609842e-09
0.00028903957
0.00028748082
0.00028323103
0.00027606232
0.00026599387
0.00025326087
0.00023824071
0.0002213838
0.00020316233
0.00018403625
0.00016443294
0.00014473733
0.00012472209
0.00010477276
8.5942964e-05
6.8517672e-05
5.2638531e-05
3.8471736e-05
2.6173175e-05
1.598811e-05
7.8492105e-06
2.3134767e-06
3.0923213e-07
1.495242e-08
2.7640188e-09
0.0002899308
0.00028827118
0.00028386065
0.00027652725
0.00026631408
0.00025346377
0.00023835377
0.00022143155
0.00020316546
0.00018401152
0.00016439334
0.0001446925
0.00012468727
0.00010473835
8.5912029e-05
6.849397e-05
5.2623391e-05
3.8464224e-05
2.6171039e-05
1.5989095e-05
7.8520286e-06
2.3149963e-06
3.09509e-07
1.4967603e-08
2.7669671e-09
0.00029078542
0.00028902824
0.0002844622
0.00027696923
0.00026661564
0.00025365156
0.00023845459
0.00022146946
0.00020316077
0.00018398065
0.00016434902
0.00014464414
0.00012464805
0.00010470068
8.5879077e-05
6.8469124e-05
5.2607618e-05
3.8456353e-05
2.6168679e-05
1.5989929e-05
7.8547275e-06
2.3164655e-06
3.0977765e-07
1.4982362e-08
2.7698327e-09
0.00029160447
0.00028975295
0.0002850365
0.00027738893
0.00026689916
0.00025382477
0.00023854367
0.00022149799
0.00020314867
0.00018394402
0.00016430032
0.00014459252
0.00012460475
0.00010466002
8.5844317e-05
6.8443284e-05
5.2591314e-05
3.8448186e-05
2.6166135e-05
1.5990635e-05
7.8573189e-06
2.3178884e-06
3.1003866e-07
1.4996724e-08
2.7726189e-09
0.00029238898
0.00029044627
0.00028558436
0.00027778707
0.00026716527
0.00025398395
0.00023862152
0.00022151758
0.00020312956
0.000183902
0.00016424755
0.0001445379
0.00012455766
0.00010461662
8.5807948e-05
6.841659e-05
5.2574575e-05
3.8439785e-05
2.6163444e-05
1.5991234e-05
7.8598136e-06
2.3192686e-06
3.1029259e-07
1.5010715e-08
2.7753291e-09
0.00029313999
0.00029110914
0.00028610658
0.00027816431
0.00026741454
0.00025412965
0.0002386886
0.00022152867
0.00020310384
0.00018385492
0.00016419102
0.00014448056
0.00012450711
0.00010457075
8.5770156e-05
6.8389173e-05
5.2557487e-05
3.8431205e-05
2.6160639e-05
1.5991746e-05
7.8622218e-06
2.3206097e-06
3.1053997e-07
1.502436e-08
2.7779664e-09
0.00029385852
0.00029174249
0.00028660397
0.00027852135
0.00026764759
0.00025426239
0.00023874541
0.00022153171
0.00020307189
0.00018380314
0.00016413102
0.00014442075
0.00012445337
0.00010452264
8.5731122e-05
6.8361159e-05
5.2540131e-05
3.8422497e-05
2.6157753e-05
1.5992188e-05
7.8645526e-06
2.3219149e-06
3.1078128e-07
1.5037682e-08
2.7805339e-09
0.00029454556
0.00029234725
0.00028707731
0.00027885885
0.00026786498
0.00025438268
0.00023879241
0.0002215271
0.0002030341
0.00018374699
0.00016406785
0.00014435871
0.00012439673
0.00010447253
8.5691018e-05
6.8332662e-05
5.2522584e-05
3.8413707e-05
2.6154812e-05
1.5992576e-05
7.8668147e-06
2.3231873e-06
3.1101698e-07
1.5050703e-08
2.7830347e-09
0.00029520213
0.00029292432
0.00028752738
0.00027917747
0.0002680673
0.00025449104
0.00023883005
0.00022151526
0.00020299083
0.0001836868
0.00016400178
0.00014429468
0.00012433747
0.00010442065
8.5650004e-05
6.8303793e-05
5.2504915e-05
3.8404881e-05
2.6151843e-05
1.5992925e-05
7.8690164e-06
2.3244297e-06
3.112475e-07
1.5063443e-08
2.7854715e-09
0.00029582919
0.00029347461
0.00028795495
0.00027947787
0.0002682551
0.00025458797
0.00023885879
0.0002214966
0.00020294243
0.00018362286
0.00016393309
0.00014422889
0.00012427585
0.00010436721
8.5608235e-05
6.8274653e-05
5.2487191e-05
3.8396057e-05
2.6148871e-05
1.5993249e-05
7.871165e-06
2.325645e-06
3.1147327e-07
1.5075923e-08
2.7878472e-09
0.00029642772
0.000293999
0.00028836077
0.00027976069
0.00026842895
0.00025467395
0.00023887906
0.0002214715
0.00020288926
0.00018355549
0.00016386203
0.00014416156
0.00012421211
0.00010431241
8.5565855e-05
6.8245339e-05
5.2469472e-05
3.8387273e-05
2.6145917e-05
1.5993561e-05
7.8732678e-06
2.3268356e-06
3.1169466e-07
1.5088161e-08
2.7901644e-09
0.00029699867
0.00029449835
0.0002887456
0.00028002656
0.00026858939
0.00025474947
0.00023889129
0.00022144033
0.00020283165
0.00018348499
0.00016378886
0.0001440929
0.00012414651
0.00010425645
8.5523003e-05
6.8215941e-05
5.2451813e-05
3.8378563e-05
2.6143003e-05
1.5993873e-05
7.8753315e-06
2.3280041e-06
3.1191205e-07
1.5100175e-08
2.7924258e-09
0.00029754298
0.00029497354
0.00028911016
0.00028027609
0.00026873695
0.00025481499
0.00023889589
0.00022140348
0.00020276992
0.00018341163
0.00016371381
0.0001440231
0.00012407928
0.00010419952
8.5479807e-05
6.8186542e-05
5.2434268e-05
3.8369958e-05
2.6140147e-05
1.5994196e-05
7.8773623e-06
2.3291526e-06
3.121258e-07
1.5111982e-08
2.794634e-09
0.00029806156
0.00029542539
0.00028945517
0.00028050991
0.00026887216
0.00025487097
0.00023889326
0.0002213613
0.00020270439
0.00018333568
0.00016363713
0.00014395236
0.00012401065
0.00010414179
8.5436389e-05
6.8157221e-05
5.2416885e-05
3.8361489e-05
2.6137366e-05
1.599454e-05
7.8793661e-06
2.3302834e-06
3.1233623e-07
1.5123598e-08
2.7967912e-09
0.00029855532
0.00029585473
0.00028978134
0.00028072859
0.00026899551
0.00025491786
0.00023888381
0.00022131414
0.00020263536
0.00018325742
0.00016355903
0.00014388087
0.00012394082
0.00010408344
8.5392866e-05
6.8128051e-05
5.2399708e-05
3.8353181e-05
2.6134677e-05
1.5994914e-05
7.8813485e-06
2.3313986e-06
3.1254367e-07
1.513504e-08
2.7989e-09
0.00029902513
0.00029626236
0.00029008935
0.00028093273
0.00026910752
0.00025495608
0.00023886791
0.00022126232
0.00020256314
0.0001831771
0.00016347972
0.00014380881
0.00012387
0.00010402462
8.5349345e-05
6.8099101e-05
5.2382779e-05
3.834506e-05
2.6132096e-05
1.5995328e-05
7.8833147e-06
2.3325001e-06
3.1274841e-07
1.5146321e-08
2.8009626e-09
0.00029947187
0.00029664908
0.00029037988
0.00028112288
0.00026920867
0.00025498607
0.00023884593
0.00022120619
0.000202488
0.00018309495
0.00016339943
0.00014373633
0.00012379839
0.00010396549
8.5305929e-05
6.8070434e-05
5.2366138e-05
3.8337148e-05
2.6129634e-05
1.599579e-05
7.8852698e-06
2.3335897e-06
3.1295076e-07
1.5157456e-08
2.8029813e-09
0.00029989636
0.00029701566
0.00029065358
0.00028129962
0.00026929942
0.00025500823
0.00023881823
0.00022114605
0.00020241021
0.00018301122
0.00016331833
0.0001436636
0.00012372618
0.0001039062
8.5262712e-05
6.804211e-05
5.2349818e-05
3.8329468e-05
2.6127307e-05
1.5996307e-05
7.8872183e-06
2.3346693e-06
3.1315098e-07
1.5168458e-08
2.8049581e-09
0.00030029945
0.00029736284
0.00029091111
0.00028146348
0.00026938025
0.00025502296
0.00023878517
0.00022108221
0.00020233005
0.00018292613
0.00016323662
0.00014359078
0.00012365354
0.00010384686
8.5219786e-05
6.8014183e-05
5.2333854e-05
3.8322037e-05
2.6125124e-05
1.5996886e-05
7.8891646e-06
2.3357405e-06
3.1334934e-07
1.5179341e-08
2.8068953e-09
0.00030068193
0.00029769137
0.00029115308
0.00028161498
0.0002694516
0.00025503065
0.00023874707
0.00022101497
0.00020224777
0.0001828399
0.00016315448
0.00014351801
0.00012358063
0.00010378763
8.5177232e-05
6.7986704e-05
5.2318276e-05
3.8314875e-05
2.6123098e-05
1.5997534e-05
7.8911128e-06
2.3368049e-06
3.1354609e-07
1.5190117e-08
2.8087948e-09
0.00030104458
0.00029800195
0.00029138011
0.00028175464
0.00026951391
0.00025503167
0.00023870427
0.0002209446
0.00020216361
0.00018275273
0.00016307209
0.00014344543
0.00012350763
0.0001037286
8.513513e-05
6.7959723e-05
5.230311e-05
3.8307997e-05
2.6121237e-05
1.5998257e-05
7.8930668e-06
2.337864e-06
3.1374146e-07
1.5200797e-08
2.8106586e-09
0.00030138816
0.00029829528
0.0002915928
0.00028188296
0.00026956759
0.0002550264
0.00023865708
0.00022087139
0.00020207782
0.00018266483
0.0001629896
0.00014337317
0.00012343467
0.00010366991
8.5093554e-05
6.7933281e-05
5.2288384e-05
3.8301419e-05
2.6119551e-05
1.599906e-05
7.8950301e-06
2.3389192e-06
3.1393567e-07
1.5211394e-08
2.8124885e-09
0.00030171341
0.00029857204
0.00029179171
0.00028200043
0.00026961307
0.00025501517
0.00023860581
0.0002207956
0.00020199061
0.00018257639
0.00016290717
0.00014330135
0.00012336191
0.00010361166
8.5052571e-05
6.7907419e-05
5.2274119e-05
3.8295153e-05
2.6118048e-05
1.5999949e-05
7.8970062e-06
2.3399718e-06
3.1412895e-07
1.5221916e-08
2.8142865e-09
0.00030202105
0.00029883288
0.00029197741
0.00028210751
0.00026965074
0.00025499834
0.00023855076
0.00022071749
0.0002019022
0.00018248758
0.00016282496
0.00014323009
0.00012328948
0.00010355394
8.5012244e-05
6.7882174e-05
5.2260338e-05
3.8289213e-05
2.6116736e-05
1.6000927e-05
7.8989981e-06
2.3410231e-06
3.1432149e-07
1.5232376e-08
2.8160542e-09
0.00030231178
0.00029907844
0.00029215044
0.00028220467
0.00026968099
0.00025497623
0.00023849221
0.00022063729
0.00020181281
0.0001823986
0.0001627431
0.00014315951
0.00012321751
0.00010349685
8.4972633e-05
6.7857581e-05
5.2247059e-05
3.8283608e-05
2.6115621e-05
1.6002e-05
7.9010089e-06
2.3420744e-06
3.1451348e-07
1.5242781e-08
2.8177935e-09
0.00030258628
0.00029930934
0.00029231134
0.00028229234
0.00026970418
0.00025494917
0.00023843043
0.00022055526
0.00020172264
0.00018230959
0.00016266174
0.00014308971
0.00012314611
0.00010344049
8.4933791e-05
6.783367e-05
5.2234299e-05
3.8278349e-05
2.6114708e-05
1.6003171e-05
7.9030412e-06
2.3431266e-06
3.1470511e-07
1.5253143e-08
2.819506e-09
0.00030284518
0.00029952617
0.0002924606
0.00028237096
0.0002697207
0.00025491747
0.0002383657
0.00022047161
0.00020163188
0.00018222073
0.00016258099
0.00014302079
0.00012307541
0.00010338492
8.4895769e-05
6.7810469e-05
5.2222075e-05
3.8273444e-05
2.6114004e-05
1.6004443e-05
7.9050976e-06
2.3441809e-06
3.1489654e-07
1.5263468e-08
2.8211932e-09
0.00030308914
0.00029972951
0.00029259874
0.00028244094
0.00026973088
0.00025488143
0.00023829828
0.00022038657
0.00020154072
0.00018213216
0.00016250098
0.00014295284
0.0001230055
0.00010333023
8.4858613e-05
6.7788005e-05
5.2210399e-05
3.8268902e-05
2.6113513e-05
1.6005821e-05
7.9071803e-06
2.3452382e-06
3.1508794e-07
1.5273766e-08
2.8228567e-09
0.00030331876
0.00029991992
0.00029272622
0.00028250268
0.00026973507
0.00025484133
0.0002382284
0.00022030036
0.00020144933
0.00018204403
0.00016242183
0.00014288595
0.00012293648
0.00010327649
8.4822366e-05
6.7766299e-05
5.2199285e-05
3.8264728e-05
2.6113239e-05
1.6007305e-05
7.9092916e-06
2.3462994e-06
3.1527945e-07
1.5284044e-08
2.8244981e-09
0.00030353462
0.00030009794
0.00029284351
0.00028255658
0.00026973359
0.00025479746
0.00023815632
0.00022021316
0.00020135788
0.00018195648
0.00016234364
0.00014282021
0.00012286846
0.00010322377
8.4787065e-05
6.7745373e-05
5.2188742e-05
3.8260929e-05
2.6113186e-05
1.6008899e-05
7.9114334e-06
2.3473655e-06
3.1547122e-07
1.529431e-08
2.8261187e-09
0.00030373731
0.00030026409
0.00029295105
0.00028260302
0.00026972677
0.0002547501
0.00023808226
0.00022012519
0.00020126654
0.00018186964
0.00016226651
0.00014275569
0.00012280151
0.00010317212
8.4752745e-05
6.7725245e-05
5.2178779e-05
3.825751e-05
2.6113356e-05
1.6010604e-05
7.9136075e-06
2.3484371e-06
3.1566338e-07
1.530457e-08
2.8277199e-09
0.00030392736
0.00030041888
0.00029304929
0.00028264234
0.00026971492
0.00025469949
0.00023800645
0.00022003664
0.00020117547
0.00018178364
0.00016219056
0.00014269246
0.00012273572
0.0001031216
8.4719439e-05
6.7705929e-05
5.2169405e-05
3.8254473e-05
2.6113751e-05
1.6012423e-05
7.9158156e-06
2.3495151e-06
3.1585605e-07
1.5314831e-08
2.829303e-09
0.00030410531
0.00030056278
0.00029313863
0.00028267492
0.00026969833
0.00025464591
0.0002379291
0.00021994767
0.00020108481
0.00018169859
0.00016211585
0.00014263059
0.00012267116
0.00010307227
8.4687174e-05
6.7687442e-05
5.2160625e-05
3.8251822e-05
2.6114375e-05
1.6014357e-05
7.918059e-06
2.3506001e-06
3.1604936e-07
1.5325099e-08
2.8308694e-09
0.00030427167
0.00030069628
0.00029321948
0.00028270109
0.00026967729
0.00025458959
0.00023785043
0.00021985847
0.0002009947
0.00018161461
0.00016204249
0.00014257014
0.00012260791
0.00010302416
8.4655975e-05
6.7669794e-05
5.2152446e-05
3.8249561e-05
2.6115227e-05
1.6016407e-05
7.9203391e-06
2.3516927e-06
3.162434e-07
1.533538e-08
2.8324202e-09
0.00030442694
0.00030081982
0.00029329224
0.00028272118
0.00026965208
0.00025453078
0.00023777064
0.0002197692
0.00020090529
0.0001815318
0.00016197054
0.00014251118
0.00012254601
0.00010297732
8.4625865e-05
6.7652994e-05
5.2144869e-05
3.8247688e-05
2.611631e-05
1.6018574e-05
7.9226571e-06
2.3527935e-06
3.1643827e-07
1.5345679e-08
2.8339566e-09
0.00030457158
0.00030093383
0.00029335726
0.00028273552
0.00026962298
0.0002544697
0.00023768991
0.00021968003
0.00020081669
0.00018145026
0.00016190009
0.00014245374
0.00012248555
0.0001029318
8.4596863e-05
6.7637052e-05
5.2137899e-05
3.8246207e-05
2.6117623e-05
1.6020858e-05
7.925014e-06
2.353903e-06
3.1663408e-07
1.5356002e-08
2.8354798e-09
0.00030470605
0.00030103874
0.00029341493
0.0002827444
0.00026959025
0.00025440657
0.00023760844
0.00021959111
0.00020072904
0.00018137009
0.00016183121
0.00014239788
0.00012242656
0.00010288762
8.4568987e-05
6.7621973e-05
5.2131536e-05
3.8245116e-05
2.6119166e-05
1.6023261e-05
7.9274106e-06
2.3550217e-06
3.1683089e-07
1.5366352e-08
2.8369908e-09
0.00030483078
0.00030113495
0.00029346559
0.00028274813
0.00026955414
0.00025434161
0.00023752641
0.00021950258
0.00020064245
0.00018129138
0.00016176395
0.00014234365
0.00012236909
0.00010284481
8.4542249e-05
6.7607761e-05
5.2125781e-05
3.8244416e-05
2.612094e-05
1.6025782e-05
7.9298479e-06
2.3561501e-06
3.170288e-07
1.5376735e-08
2.8384906e-09
0.00030494621
0.00030122285
0.00029350959
0.000282747
0.00026951489
0.00025427504
0.00023744398
0.00021941459
0.00020055703
0.0001812142
0.00016169837
0.00014229107
0.0001223132
0.0001028034
8.4516661e-05
6.759442e-05
5.2120634e-05
3.8244105e-05
2.6122943e-05
1.602842e-05
7.9323263e-06
2.3572884e-06
3.1722786e-07
1.5387153e-08
2.8399802e-09
0.00030505274
0.00030130281
0.00029354723
0.00028274129
0.00026947275
0.00025420705
0.00023736134
0.00021932728
0.00020047288
0.00018113864
0.00016163454
0.0001422402
0.00012225892
0.00010276342
8.4492233e-05
6.758195e-05
5.2116092e-05
3.824418e-05
2.6125175e-05
1.6031177e-05
7.9348465e-06
2.3584371e-06
3.1742815e-07
1.5397611e-08
2.8414607e-09
0.00030515075
0.00030137519
0.00029357886
0.00028273128
0.00026942795
0.00025413783
0.00023727863
0.00021924077
0.00020039011
0.00018106478
0.0001615725
0.00014219105
0.00012220628
0.00010272488
8.4468971e-05
6.7570353e-05
5.2112154e-05
3.8244641e-05
2.6127634e-05
1.6034051e-05
7.9374087e-06
2.3595964e-06
3.1762971e-07
1.5408113e-08
2.8429327e-09
0.00030524063
0.00030144035
0.00029360476
0.00028271721
0.00026938071
0.00025406758
0.00023719602
0.00021915518
0.00020030881
0.00018099267
0.00016151229
0.00014214366
0.00012215532
0.0001026878
8.444688e-05
6.7559626e-05
5.2108817e-05
3.8245485e-05
2.6130317e-05
1.6037042e-05
7.9400134e-06
2.3607666e-06
3.1783261e-07
1.541866e-08
2.8443973e-09
0.00030532273
0.00030149861
0.00029362523
0.00028269936
0.00026933125
0.00025399648
0.00023711366
0.00021907064
0.00020022907
0.00018092238
0.00016145397
0.00014209805
0.00012210607
0.0001026522
8.4425963e-05
6.7549766e-05
5.2106075e-05
3.8246706e-05
2.6133224e-05
1.6040149e-05
7.9426606e-06
2.3619479e-06
3.1803689e-07
1.5429256e-08
2.8458552e-09
0.0003053974
0.00030155031
0.00029364057
0.00028267797
0.00026927979
0.0002539247
0.00023703168
0.00021898726
0.00020015097
0.00018085396
0.00016139755
0.00014205424
0.00012205854
0.00010261808
8.440622e-05
6.754077e-05
5.2103925e-05
3.8248303e-05
2.6136352e-05
1.604337e-05
7.9453505e-06
2.3631405e-06
3.1824258e-07
1.5439903e-08
2.8473072e-09
0.00030546498
0.00030159575
0.00029365105
0.00028265327
0.00026922651
0.00025385242
0.00023695023
0.00021890514
0.00020007459
0.00018078748
0.00016134308
0.00014201225
0.00012201275
0.00010258546
8.4387651e-05
6.7532632e-05
5.2102361e-05
3.8250271e-05
2.6139699e-05
1.6046706e-05
7.9480832e-06
2.3643445e-06
3.1844972e-07
1.5450604e-08
2.848754e-09
0.0003055258
0.00030163525
0.00029365694
0.0002826255
0.00026917164
0.0002537798
0.00023686944
0.00021882438
0.0002
0.00018072298
0.00016129058
0.00014197208
0.00012196873
0.00010255434
8.4370251e-05
6.7525346e-05
5.2101376e-05
3.8252604e-05
2.6143261e-05
1.6050154e-05
7.9508585e-06
2.3655601e-06
3.1865834e-07
1.546136e-08
2.8501963e-09
0.00030558016
0.00030166908
0.0002936585
0.00028259489
0.00026911534
0.000253707
0.00023678943
0.00021874509
0.00019992727
0.00018066049
0.00016124007
0.00014193376
0.00012192649
0.00010252471
8.4354018e-05
6.7518905e-05
5.2100963e-05
3.8255299e-05
2.6147035e-05
1.6053713e-05
7.9536762e-06
2.3667873e-06
3.1886846e-07
1.5472174e-08
2.8516347e-09
0.00030562836
0.00030169753
0.00029365597
0.00028256166
0.00026905783
0.00025363418
0.00023671033
0.00021866734
0.00019985647
0.00018060007
0.00016119159
0.00014189727
0.00012188603
0.00010249659
8.4338944e-05
6.75133e-05
5.2101115e-05
3.8258349e-05
2.6151018e-05
1.6057381e-05
7.9565361e-06
2.3680262e-06
3.1908011e-07
1.5483046e-08
2.8530699e-09
0.00030567071
0.00030172089
0.00029364962
0.00028252602
0.00026899926
0.00025356147
0.00023663225
0.00021859123
0.00019978764
0.00018054174
0.00016114513
0.00014186264
0.00012184736
0.00010246997
8.4325021e-05
6.7508522e-05
5.2101825e-05
3.8261749e-05
2.6155207e-05
1.6061157e-05
7.9594379e-06
2.3692768e-06
3.1929329e-07
1.5493978e-08
2.8545025e-09
0.00030570747
0.0003017394
0.00029363966
0.00028248818
0.00026893983
0.00025348904
0.00023655531
0.00021851684
0.00019972085
0.00018048554
0.00016110072
0.00014182985
0.00012181049
0.00010244485
8.4312241e-05
6.7504561e-05
5.2103083e-05
3.8265493e-05
2.6159598e-05
1.6065039e-05
7.9623812e-06
2.3705391e-06
3.1950802e-07
1.550497e-08
2.8559329e-09
0.00030573893
0.00030175333
0.00029362635
0.00028244833
0.0002688797
0.000253417
0.00023647961
0.00021844424
0.00019965614
0.00018043149
0.00016105837
0.00014179892
0.0001217754
0.00010242122
8.4300593e-05
6.7501406e-05
5.210488e-05
3.8269574e-05
2.6164187e-05
1.6069025e-05
7.9653655e-06
2.3718131e-06
3.197243e-07
1.5516025e-08
2.8573617e-09
0.00030576534
0.00030176293
0.00029360989
0.00028240669
0.00026881904
0.00025334551
0.00023640525
0.00021837351
0.00019959356
0.00018037962
0.00016101808
0.00014176982
0.00012174211
0.00010239906
8.4290064e-05
6.7499044e-05
5.2107207e-05
3.8273986e-05
2.6168971e-05
1.6073113e-05
7.9683903e-06
2.3730987e-06
3.1994214e-07
1.5527141e-08
2.8587894e-09
0.00030578696
0.00030176844
0.00029359052
0.00028236343
0.000268758
0.00025327468
0.00023633232
0.00021830471
0.00019953314
0.00018032994
0.00016097986
0.00014174256
0.00012171061
0.00010237838
8.4280643e-05
6.7497464e-05
5.2110053e-05
3.8278722e-05
2.6173944e-05
1.6077301e-05
7.971455e-06
2.3743958e-06
3.2016153e-07
1.5538321e-08
2.8602163e-09
0.00030580404
0.0003017701
0.00029356843
0.00028231875
0.00026869675
0.00025320464
0.00023626093
0.0002182379
0.00019947493
0.00018028246
0.00016094369
0.00014171712
0.00012168089
0.00010235916
8.4272314e-05
6.7496652e-05
5.2113409e-05
3.8283775e-05
2.6179103e-05
1.6081587e-05
7.974559e-06
2.3757044e-06
3.2038247e-07
1.5549563e-08
2.8616431e-09
0.00030581682
0.00030176813
0.00029354385
0.00028227282
0.00026863543
0.00025313551
0.00023619115
0.00021817313
0.00019941894
0.00018023721
0.00016090959
0.00014169349
0.00012165293
0.00010234138
8.4265064e-05
6.7496595e-05
5.2117264e-05
3.8289138e-05
2.6184443e-05
1.6085967e-05
7.9777018e-06
2.3770243e-06
3.2060495e-07
1.5560868e-08
2.8630697e-09
0.00030582554
0.00030176275
0.00029351697
0.00028222582
0.00026857419
0.0002530674
0.00023612307
0.00021811047
0.00019936522
0.00018019418
0.00016087755
0.00014167166
0.00012162674
0.00010232504
8.4258876e-05
6.749728e-05
5.2121608e-05
3.8294805e-05
2.618996e-05
1.6090442e-05
7.9808823e-06
2.3783554e-06
3.2082896e-07
1.5572237e-08
2.8644974e-09
0.00030583042
0.00030175419
0.00029348799
0.00028217793
0.00026851317
0.00025300042
0.00023605676
0.00021804995
0.00019931379
0.00018015338
0.00016084754
0.00014165161
0.00012160229
0.00010231011
8.425373e-05
6.7498686e-05
5.2126426e-05
3.8300764e-05
2.6195649e-05
1.6095007e-05
7.9841005e-06
2.3796977e-06
3.2105452e-07
1.5583669e-08
2.8659248e-09
0.00030583171
0.00030174268
0.00029345711
0.00028212932
0.00026845252
0.00025293469
0.00023599232
0.00021799164
0.00019926466
0.00018011483
0.00016081958
0.00014163333
0.00012157958
0.0001022966
8.4249636e-05
6.7500826e-05
5.2131726e-05
3.8307021e-05
2.6201511e-05
1.6099663e-05
7.987355e-06
2.3810508e-06
3.2128157e-07
1.5595167e-08
2.8673568e-09
0.00030582952
0.0003017283
0.00029342443
0.00028208004
0.00026839228
0.0002528702
0.0002359297
0.00021793548
0.00019921779
0.00018007845
0.0001607936
0.00014161676
0.00012155858
0.00010228441
8.4246478e-05
6.7503589e-05
5.2137426e-05
3.8313528e-05
2.6207526e-05
1.6104406e-05
7.990653e-06
2.3824181e-06
3.2151069e-07
1.5606748e-08
2.8687845e-09
0.00030582452
0.00030171175
0.00029339059
0.00028203075
0.00026833302
0.00025280751
0.0002358694
0.00021788191
0.00019917354
0.00018004454
0.00016076984
0.00014160209
0.00012153959
0.00010227401
8.4244779e-05
6.750746e-05
5.2143892e-05
3.8320504e-05
2.6213791e-05
1.6109257e-05
7.9939672e-06
2.3837868e-06
3.2173974e-07
1.5618349e-08
2.8702475e-09
0.00030581482
0.00030169107
0.00029335363
0.00028197944
0.00026827281
0.00025274473
0.00023580965
0.00021782928
0.00019913043
0.00018001183
0.00016074722
0.00014158845
0.00012152197
0.00010226403
8.4242667e-05
6.7510565e-05
5.2149662e-05
3.8327075e-05
2.6219954e-05
1.6114201e-05
7.9974839e-06
2.3852419e-06
3.2198306e-07
1.563051e-08
2.8716139e-09
0.00030580967
0.00030167558
0.00029332278
0.00028193516
0.00026822032
0.00025269006
0.0002357581
0.00021778464
0.00019909487
0.00017998605
0.00016073079
0.00014158018
0.00012150816
0.00010226004
8.4248418e-05
6.752156e-05
5.2162065e-05
3.8338131e-05
2.6228599e-05
1.6120198e-05
8.0010664e-06
2.3866871e-06
3.2222358e-07
1.5643024e-08
2.8735907e-09
0.00030574666
0.0003016039
0.00029323897
0.000281842
0.00026812345
0.00025259559
0.00023567114
0.00021770872
0.0001990318
0.00017993617
0.00016069337
0.00014155388
0.00012145533
0.00010222001
8.4223095e-05
6.7506507e-05
5.2154238e-05
3.8335142e-05
2.6228413e-05
1.6121332e-05
8.0030597e-06
2.3876487e-06
3.223974e-07
1.5652273e-08
2.8748369e-09
)
;

boundaryField
{
    inlet
    {
        type            calculated;
        value           nonuniform List<scalar> 
25
(
0.00034538775
0.00034538776
0.00034538777
0.00034538779
0.00034538781
0.00034538784
0.00034538787
0.0003453879
0.00034538793
0.00031764692
0.00028978147
0.000266333
0.00024696482
0.00023010291
0.00021441927
0.00020097745
0.00019059365
0.00018045256
0.00014849352
6.9756196e-05
2.4642359e-05
9.7137537e-06
4.3324354e-06
2.0722645e-06
9.991965e-07
)
;
    }
    outlet
    {
        type            calculated;
        value           nonuniform List<scalar> 
25
(
0.00030574665
0.00030160388
0.00029323895
0.00028184199
0.00026812344
0.00025259557
0.00023567113
0.0002177087
0.00019903179
0.00017993616
0.00016069336
0.00014155387
0.00012153008
0.00010246605
8.5050967e-05
7.000343e-05
5.4471001e-05
4.0262064e-05
2.756867e-05
1.6673739e-05
8.0030592e-06
2.3876485e-06
3.2239738e-07
1.5652272e-08
2.8748367e-09
)
;
    }
    wall
    {
        type            compressible::alphatWallFunction;
        Prt             0.85;
        value           uniform 0;
    }
    front
    {
        type            wedge;
    }
    back
    {
        type            wedge;
    }
    axis
    {
        type            empty;
    }
}


// ************************************************************************* //
