/*--------------------------------*- C++ -*----------------------------------*\
| =========                 |                                                 |
| \\      /  F ield         | OpenFOAM: The Open Source CFD Toolbox           |
|  \\    /   O peration     | Version:  v2012                                 |
|   \\  /    A nd           | Website:  www.openfoam.com                      |
|    \\/     M anipulation  |                                                 |
\*---------------------------------------------------------------------------*/
FoamFile
{
    version     2.0;
    format      ascii;
    class       volScalarField;
    location    "2000";
    object      k;
}
// * * * * * * * * * * * * * * * * * * * * * * * * * * * * * * * * * * * * * //

dimensions      [0 2 -2 0 0 0 0];


internalField   nonuniform List<scalar> 
6250
(
0.0083455592
0.0083464763
0.0083524828
0.0083620419
0.008374254
0.0083887098
0.0084043726
0.0084191555
0.0084297785
0.0084313927
0.0084201784
0.008390645
0.0083348368
0.0082416058
0.0080908404
0.0078503617
0.0074719147
0.0068982204
0.0061049877
0.0051473545
0.0041368013
0.0031599856
0.0023243493
0.002188764
0.0078379414
0.0082757536
0.0082810037
0.0082932953
0.0083123381
0.0083360545
0.0083624718
0.0083878867
0.0084066607
0.0084112152
0.0083936566
0.0083460792
0.0082587127
0.0081167478
0.007897165
0.0075629915
0.0070603657
0.006335162
0.0053899679
0.0043438342
0.003360644
0.0024729811
0.0015886698
0.00077009426
0.00037976396
0.0012523084
0.0081851823
0.0081931612
0.0082095065
0.0082335183
0.0082616516
0.0082895941
0.008310939
0.008317554
0.0083003482
0.0082501903
0.0081576176
0.0080103338
0.0077887412
0.00746092
0.0069794609
0.0062918271
0.0053903939
0.0043958301
0.00352232
0.0028294172
0.002105843
0.0011903854
0.00041036126
0.00014359741
0.00057593556
0.0080871285
0.0080970717
0.0081163317
0.0081426593
0.0081709193
0.0081945083
0.0082049493
0.0081928558
0.0081488673
0.0080637563
0.0079269123
0.0077231106
0.0074282777
0.0070060782
0.0064116535
0.0056214345
0.0047094302
0.0038893648
0.0033158416
0.002787703
0.002033226
0.0010550855
0.00031911485
0.00010659498
0.0004515303
0.0079893245
0.0080007012
0.0080219025
0.0080487278
0.0080742041
0.008089765
0.0080856851
0.0080522929
0.0079804926
0.0078609402
0.0076817885
0.0074254937
0.0070657407
0.0065676445
0.0059016417
0.0050928064
0.0042960687
0.0037337698
0.0033694764
0.0028641111
0.0020290752
0.00098892117
0.00028643353
9.4734634e-05
0.00040444735
0.0078921453
0.0079042215
0.0079259475
0.0079510836
0.0079709217
0.0079755481
0.0079547845
0.0078992205
0.0078000821
0.0076477463
0.0074293231
0.0071260737
0.0067122642
0.0061605192
0.0054674522
0.004715501
0.0041106346
0.0037993198
0.0035186245
0.0029792924
0.002053391
0.00096043966
0.00027151499
8.5736591e-05
0.00035709983
0.0077960129
0.0078081837
0.0078290788
0.0078505863
0.0078625967
0.0078544505
0.0078160356
0.0077383926
0.0076129922
0.0074299466
0.0071758382
0.0068321598
0.0063767693
0.0057954377
0.0051183891
0.0044804383
0.0040901466
0.0039443106
0.0037124227
0.0031147024
0.0021018139
0.00095590514
0.00026513875
7.9325019e-05
0.00032115876
0.0077014055
0.0077130798
0.007731897
0.0077481656
0.0077507696
0.0077287842
0.0076724602
0.0075733333
0.0074230955
0.0072117966
0.0069261967
0.0065495606
0.0060662687
0.005480018
0.0048580432
0.0043728278
0.0041929869
0.0041547364
0.0039359669
0.0032667679
0.0021672572
0.00096265778
0.00026179827
7.4175493e-05
0.00029518673
0.007608211
0.0076187836
0.0076343669
0.0076440616
0.0076361486
0.0075997963
0.0075257729
0.007406113
0.0072327828
0.0069960878
0.006683747
0.0062823158
0.0057853445
0.0052179395
0.004682988
0.0043687511
0.0043630051
0.004411978
0.0041814348
0.0034334729
0.0022452048
0.00097679409
0.00026069047
7.0038952e-05
0.00027460347
0.0075161295
0.0075250431
0.0075363931
0.0075384814
0.0075193538
0.0074685196
0.0073773391
0.0072383566
0.0070439328
0.0067850113
0.006451067
0.0060333846
0.0055369954
0.0050105742
0.0045876777
0.004450415
0.0045868263
0.0047062987
0.0044469662
0.0036171022
0.0023395847
0.0010041882
0.0002654747
6.8246504e-05
0.00025790221
0.0074249006
0.0074316681
0.0074379696
0.0074317118
0.0074010134
0.0073358897
0.0072283309
0.0070714269
0.0068581023
0.006580352
0.0062301928
0.0058049967
0.0053232892
0.0048582928
0.0045668922
0.0046066115
0.0048640506
0.0050344723
0.0047336665
0.003819211
0.0024499503
0.0010414538
0.00027341266
6.7316848e-05
0.00024427556
0.0073342925
0.0073385049
0.0073391262
0.0073240397
0.007281685
0.0072026913
0.0070797061
0.006906426
0.0066765386
0.0063835127
0.0060226673
0.0055987256
0.0051453285
0.0047596682
0.0046120169
0.0048150136
0.0051891997
0.0053932268
0.0050421204
0.0040401762
0.0025751158
0.0010866127
0.00028364576
6.7010862e-05
0.00023304952
0.0072441046
0.0072454388
0.0072399247
0.0072157495
0.007161867
0.0070695933
0.0069322607
0.0067442557
0.0065002447
0.0061955927
0.0058296581
0.0054157045
0.0050037447
0.0047131595
0.0047173903
0.0050720249
0.0055577426
0.0057798624
0.0053720886
0.0042796844
0.0027141417
0.001138735
0.00029584133
6.7212592e-05
0.00022370913
0.0071541837
0.0071524029
0.007140461
0.0071071254
0.007042012
0.0069371758
0.006786668
0.0065856643
0.0063300371
0.0060174701
0.0056520979
0.0052568874
0.0048992093
0.0047180906
0.0048808551
0.0053810107
0.0059667158
0.0061923915
0.0057219927
0.0045343872
0.0028593977
0.0011947166
0.00030920079
6.7769998e-05
0.00021587116
0.0070644243
0.0070593728
0.0070408545
0.0069984422
0.006922526
0.0068059398
0.0066434966
0.0064312736
0.0061665858
0.0058498685
0.0054907899
0.0051231784
0.0048324568
0.0047742167
0.0051019177
0.0057419289
0.0064133938
0.0066293528
0.0060907912
0.0048033902
0.0030122607
0.0012545731
0.00032366182
6.8636367e-05
0.00020926866
0.0069747636
0.0069663582
0.0069412387
0.0068899597
0.0068037697
0.0066763162
0.0065032254
0.0062815997
0.0060104421
0.005693384
0.0053463983
0.0050152427
0.0048034941
0.0048791629
0.0053706784
0.0061509795
0.0068934268
0.0070887722
0.0064778438
0.0050871574
0.0031752534
0.001319243
0.00033943689
6.9811129e-05
0.00020371445
0.0068851763
0.0068733976
0.0068417558
0.0067819211
0.0066860629
0.006548676
0.0063662589
0.0061370724
0.0058620621
0.0055485136
0.0052194805
0.0049336158
0.0048124949
0.0050327767
0.0056863259
0.0066042255
0.0074020921
0.0075681526
0.006882173
0.0053857767
0.003349173
0.0013891645
0.00035663776
7.1288248e-05
0.00019906543
0.0067956694
0.0067805519
0.006742552
0.0066745518
0.0065696889
0.0064233385
0.0062329391
0.0059980507
0.0057218255
0.0054156768
0.0051105323
0.0048789002
0.0048604203
0.0052352588
0.0060487548
0.0070966105
0.0079346264
0.0080646787
0.0073022281
0.005698644
0.0035339845
0.0014644048
0.00037528373
7.3054337e-05
0.00019520721
0.0067062762
0.0066878987
0.0066437734
0.0065680593
0.0064548974
0.0063005787
0.0061035553
0.0058648359
0.005590057
0.0052952668
0.005020141
0.0048520971
0.0049485068
0.0054859396
0.0064583585
0.0076228437
0.0084863449
0.0085753245
0.0077359314
0.0060245202
0.0037291105
0.0015447828
0.00039533092
7.5090452e-05
0.00019204145
0.0066170499
0.0065955274
0.0065455631
0.0064626329
0.0063419082
0.0061806331
0.0059783541
0.0057376879
0.0054670515
0.0051876784
0.0049489473
0.0048545718
0.0050793873
0.0057838429
0.0069121884
0.0081772011
0.0090528382
0.0090971123
0.0081809543
0.006361795
0.0039336762
0.0016299852
0.00041670262
7.7376067e-05
0.00018948777
0.0065280593
0.0065035347
0.0064480589
0.0063584446
0.0062309141
0.0060637049
0.0058575443
0.0056168235
0.0053530494
0.0050932133
0.0048973748
0.0048866769
0.0052487948
0.0061162538
0.0073928768
0.0087506553
0.0096273019
0.0096257075
0.00863416
0.0067082874
0.004146438
0.0017195421
0.00043928414
7.9889306e-05
0.00018748975
0.0064393845
0.0064120221
0.006351393
0.0062556502
0.006122084
0.0059499677
0.0057413001
0.0055024205
0.0052482517
0.0050121601
0.0048658662
0.0049482433
0.005453389
0.0064786351
0.0078936748
0.0093336212
0.01020242
0.010155583
0.0090913307
0.0070609925
0.0043656177
0.0018127506
0.00046290145
8.260096e-05
0.00018599042
0.0063511133
0.006321093
0.0062556905
0.0061543906
0.0060155659
0.0058395699
0.0056297688
0.0053946314
0.0051528435
0.0049448043
0.004855076
0.0050405587
0.0056912489
0.0068682834
0.0084079736
0.0099133934
0.010769974
0.010680016
0.0095471411
0.0074160295
0.0045888627
0.0019086537
0.00048731607
8.547478e-05
0.00018493943
0.0062633377
0.0062308505
0.0061610688
0.0060547925
0.0059114885
0.0057326372
0.0055230704
0.005293574
0.0050669582
0.0048913767
0.0048656748
0.005163022
0.0059601468
0.0072781194
0.0089218447
0.010461885
0.011316622
0.011187965
0.0099931601
0.0077674245
0.0048125101
0.0020057208
0.0005121435
8.845784e-05
0.00018429578
0.0061761513
0.0061413952
0.0060676375
0.0059569694
0.0058099634
0.0056292742
0.0054212997
0.0051993382
0.0049907228
0.0048521744
0.0048979134
0.0053140757
0.0062577398
0.0077024913
0.0094310453
0.010988158
0.011837392
0.011672214
0.010421582
0.0081085726
0.0050321114
0.0021019878
0.00053687921
9.1479466e-05
0.00018399807
0.0060896463
0.0060528236
0.0059754973
0.0058610221
0.0057110863
0.0055295676
0.0053245348
0.0051120122
0.0049243096
0.0048275975
0.0049520831
0.0054909855
0.0065762985
0.0081371568
0.0099328118
0.011494448
0.012330612
0.012129024
0.010827
0.0084339934
0.0052435821
0.0021955377
0.00056101882
9.4466858e-05
0.0001839714
0.0060039119
0.0059652266
0.0058847397
0.0057670391
0.0056149388
0.0054335897
0.0052328422
0.0050316772
0.0048678772
0.0048182266
0.0050288031
0.0056902398
0.0069100264
0.0085778722
0.01042442
0.011980114
0.012795468
0.012556647
0.011206258
0.0087398201
0.0054435003
0.0022847734
0.00058416936
9.7362856e-05
0.00018414131
0.005919033
0.0058786889
0.0057954478
0.005675098
0.0055215895
0.0053413968
0.0051462635
0.0049583627
0.0048214713
0.0048241043
0.0051267538
0.0059117527
0.0072578346
0.0090208307
0.010903524
0.01244372
0.013231508
0.012954481
0.011557963
0.009023978
0.0056302604
0.0023687407
0.0006060225
0.00010011746
0.000184437
0.0058350893
0.0057932891
0.0057076958
0.0055852657
0.0054310939
0.0052530288
0.0050648223
0.0048920985
0.0047852147
0.004845314
0.0052452434
0.0061547814
0.0076179545
0.0094636788
0.011368506
0.012884073
0.013638831
0.013322828
0.011882112
0.0092860188
0.0058034016
0.00244694
0.00062641622
0.0001027009
0.00018480099
0.0057521554
0.0057090988
0.0056215499
0.0054975993
0.0053434965
0.0051685162
0.004988547
0.0048329723
0.004759424
0.0048824389
0.0053840101
0.0064176962
0.0079882488
0.00990506
0.011818806
0.013300976
0.014018346
0.013662824
0.012179758
0.0095266665
0.0059628139
0.0025192115
0.00064529606
0.00010510059
0.00018519212
0.0056702999
0.0056261837
0.0055370687
0.0054121471
0.0052588337
0.0050878867
0.0049174801
0.0047811285
0.0047447612
0.0049367709
0.0055419216
0.0066982872
0.0083659885
0.010341932
0.01225376
0.013695136
0.014368577
0.013974838
0.012451659
0.0097465705
0.0061087513
0.0025855841
0.00066266022
0.00010731269
0.00018558454
0.0055895862
0.0055446027
0.0054543035
0.0053289498
0.0051771337
0.0050111584
0.0048516437
0.0047366459
0.0047414762
0.005007985
0.0057191975
0.0069944408
0.0087484024
0.010771844
0.012672131
0.014066151
0.014688424
0.014259047
0.012698202
0.0099460765
0.0062413465
0.0026460557
0.00067850093
0.00010933357
0.00018595959
0.0055100715
0.0054644091
0.0053732988
0.0052480403
0.0050984156
0.0049383378
0.004791047
0.004699589
0.0047495415
0.0050951455
0.005913741
0.0073001616
0.0091337272
0.011192647
0.013073351
0.014416008
0.014985041
0.014519214
0.012921968
0.010126688
0.0063613285
0.0027008625
0.00069286939
0.00011116708
0.00018630055
0.0054318078
0.0053856498
0.0052940926
0.0051694444
0.0050226915
0.0048694291
0.0047357212
0.0046701017
0.0047691157
0.0051977814
0.0061238715
0.0076134124
0.0095192992
0.011602547
0.013457131
0.014746513
0.015262224
0.014759065
0.013126253
0.010290764
0.0064700906
0.0027505606
0.00070590207
0.00011282821
0.00018659435
0.0053548415
0.0053083664
0.0052167169
0.0050931821
0.0049499709
0.0048044473
0.0046857472
0.0046485509
0.0048009547
0.0053152283
0.0063484143
0.0079334962
0.0099028668
0.012000343
0.013823362
0.015059048
0.015522416
0.014981695
0.013314192
0.010440867
0.006569324
0.0027958892
0.00071778882
0.00011433987
0.00018683625
0.0052792137
0.0052325951
0.0051411986
0.005019269
0.0048802618
0.0047434102
0.0046412134
0.0046353829
0.0048456267
0.0054469519
0.0065862095
0.0082595474
0.010285054
0.012385615
0.014170871
0.015354573
0.015767358
0.015189522
0.013488379
0.010579215
0.0066607496
0.00283763
0.00072873404
0.00011572811
0.00018703062
0.0052049609
0.005158367
0.0050675594
0.0049477159
0.0048135653
0.0046863185
0.0046021442
0.0046305898
0.0049026961
0.0055935154
0.0068362639
0.0085900797
0.010663608
0.012758743
0.014502175
0.015634775
0.015998748
0.015384599
0.01365101
0.010707862
0.006745632
0.0028763872
0.00073889878
0.00011701417
0.00018718588
0.0051321147
0.0050857087
0.0049958166
0.0048785284
0.0047498769
0.0046331703
0.0045685866
0.0046342289
0.0049720336
0.0057549418
0.0070974892
0.0089235207
0.011036959
0.013120232
0.014819235
0.015901393
0.016218233
0.015568727
0.013803908
0.01082845
0.0068250943
0.0029126831
0.00074842095
0.00011821654
0.00018731175
0.0050607026
0.0050146427
0.004925983
0.0048117083
0.0046891926
0.0045839842
0.004540664
0.0046465529
0.0050537816
0.0059307431
0.007368675
0.0092584773
0.011404187
0.013470532
0.015123441
0.016155953
0.016427312
0.01574347
0.0139486
0.010942321
0.0069000746
0.0029469541
0.00075741568
0.00011935062
0.00018741641
0.0049907478
0.0049451871
0.004858068
0.0047472567
0.0046315185
0.0045388246
0.0045186957
0.0046682497
0.0051477892
0.0061201091
0.0076484051
0.0095937293
0.011764744
0.013810064
0.015415907
0.016399761
0.016627291
0.01591018
0.014086378
0.011050599
0.0069713612
0.002979572
0.00076598187
0.00012042984
0.00018750785
0.0049222696
0.0048773565
0.0047920782
0.0046851754
0.0045768686
0.0044977774
0.0045031013
0.0046998935
0.0052530939
0.0063196417
0.0079311036
0.0099294272
0.012118079
0.014138898
0.015697452
0.016633898
0.016819276
0.01606999
0.014218316
0.011154213
0.0070396051
0.0030108425
0.00077420079
0.00012146557
0.0001875953
0.0048552838
0.0048111623
0.0047280183
0.004625464
0.0045252478
0.0044608727
0.0044938842
0.0047411574
0.0053699191
0.0065288105
0.0082177219
0.010266437
0.012463507
0.01445468
0.015968173
0.016859052
0.017004084
0.016223776
0.014345259
0.011253899
0.0071053293
0.0030410079
0.00078213585
0.00012246639
0.00018768428
0.0047898032
0.0047466131
0.0046658895
0.0045681182
0.0044766535
0.0044281279
0.0044910083
0.0047918219
0.0054984257
0.006747253
0.0085080397
0.010602485
0.012800974
0.014759246
0.016228838
0.017075931
0.017182398
0.016372242
0.014467881
0.011350251
0.0071689564
0.0030702669
0.00078983961
0.00012343927
0.00018777804
0.0047258371
0.0046837142
0.0046056909
0.0045131323
0.0044310887
0.0043995957
0.0044945765
0.0048519272
0.0056384541
0.0069744757
0.0088013511
0.010936132
0.013130663
0.015053836
0.016480302
0.017285238
0.017354829
0.016515967
0.014586721
0.011443727
0.0072308315
0.0030987814
0.00079735498
0.00012439003
0.00018788018
0.0046633923
0.0046224687
0.0045474198
0.0044605031
0.0043885751
0.0043753994
0.0045048515
0.0049215655
0.0057896738
0.0072098364
0.0090968409
0.011266525
0.013452803
0.015339292
0.016723328
0.017487621
0.017521911
0.01665543
0.01470219
0.011534637
0.007291277
0.0031266986
0.00080472057
0.00012532383
0.00018799336
0.0046024728
0.0045628774
0.0044910739
0.0044102366
0.0043491749
0.0043558931
0.004522517
0.0050003865
0.0059515634
0.0074525783
0.0093937305
0.011593131
0.013767612
0.015616264
0.016958579
0.017683656
0.017684119
0.016791052
0.014814665
0.011623335
0.0073504433
0.0031540954
0.00081195721
0.00012624349
0.00018811929
0.0045430807
0.00450494
0.0044366514
0.0043623405
0.0043129414
0.0043412882
0.0045478148
0.0050885382
0.0061236432
0.0077019982
0.0096917499
0.011915563
0.014074839
0.015885183
0.017186602
0.017873838
0.017841863
0.016923194
0.014924465
0.011710087
0.0074084934
0.0031810444
0.00081908385
0.00012715151
0.000188259
0.0044852159
0.0044486544
0.0043841487
0.0043168165
0.0042798947
0.0043315637
0.004580628
0.0051865901
0.0063055925
0.0079576598
0.0099920262
0.0122334
0.014372941
0.016146086
0.017407749
0.018058541
0.017995465
0.017052135
0.015031805
0.011795168
0.0074655998
0.0032076241
0.00082612108
0.00012805054
0.00018841325
0.0044288767
0.0043940168
0.0043335604
0.0042736635
0.0042500543
0.0043267265
0.0046209341
0.0052946296
0.0064960936
0.0082171607
0.010293139
0.012546521
0.014663696
0.016399601
0.017622478
0.018238122
0.018145201
0.017178106
0.015136879
0.01187877
0.0075218977
0.0032338988
0.00083308631
0.000128943
0.00018858368
0.0043740595
0.004341022
0.0042848807
0.0042328845
0.0042234632
0.0043268694
0.004668784
0.0054122796
0.006693663
0.0084785281
0.010594564
0.012854782
0.014947411
0.016646202
0.017831236
0.018412938
0.018291337
0.017301333
0.015239907
0.011960976
0.0075774488
0.0032598982
0.00083998737
0.00012983001
0.0001887715
0.0043207596
0.0042896642
0.0042381055
0.0041944949
0.0042002125
0.0043321856
0.0047242249
0.0055391736
0.0068979665
0.0087420154
0.010895168
0.013158019
0.015224278
0.016886234
0.018034404
0.018583317
0.01843412
0.017422014
0.015341055
0.012041887
0.0076323111
0.0032856462
0.00084683009
0.00013071218
0.0001889761
0.0042689712
0.0042399378
0.0041932368
0.0041585402
0.0041805785
0.0043431823
0.004786969
0.0056749103
0.0071086518
0.0090074551
0.011194249
0.013456143
0.015494473
0.017119964
0.018232283
0.018749527
0.018573744
0.017540257
0.015440552
0.012121653
0.007686572
0.0033111803
0.00085362406
0.00013159063
0.00018919687
0.0042186883
0.0041918379
0.0041502795
0.0041250661
0.0041647547
0.0043601126
0.0048570423
0.0058191482
0.0073253236
0.0092745071
0.011491323
0.013749113
0.015758187
0.017347627
0.018425119
0.018911798
0.018710405
0.017656259
0.015538474
0.012200354
0.007740286
0.0033365257
0.00086037594
0.00013246617
0.00018943368
0.0041699039
0.0041453592
0.0041092355
0.0040940921
0.0041527285
0.0043829048
0.0049348766
0.005971668
0.0075475628
0.0095427811
0.011786032
0.014036917
0.01601562
0.01756945
0.018613128
0.019070327
0.018844278
0.017770181
0.015634897
0.01227805
0.0077934895
0.0033616982
0.00086708989
0.00013333926
0.00018968615
0.0041226108
0.0041004954
0.0040701031
0.0040656272
0.0041444732
0.0044115374
0.0050208204
0.0061322928
0.0077749375
0.0098118971
0.012078095
0.01431955
0.016266973
0.017785659
0.018796506
0.019225279
0.018975495
0.017882152
0.01572991
0.012354798
0.0078462163
0.0033867122
0.00087376949
0.00013421027
0.00018995379
0.0040768008
0.0040572395
0.0040328809
0.0040396907
0.0041400321
0.0044461101
0.0051150407
0.0063008187
0.0080070038
0.010081492
0.012367223
0.014596733
0.016512411
0.017996613
0.018975448
0.019376779
0.019104127
0.01799232
0.015823612
0.012430668
0.0078985037
0.0034115828
0.00088041858
0.00013507963
0.00019023615
0.0040324653
0.0040155845
0.0039975722
0.0040163232
0.0041395163
0.0044867951
0.0052175941
0.006477035
0.0082435882
0.010352759
0.012653063
0.01486691
0.016751656
0.018202242
0.01915002
0.019524916
0.019230281
0.018100703
0.015916041
0.012505694
0.0079503742
0.0034363199
0.00088703971
0.00013594755
0.00019053252
0.0039895962
0.0039755265
0.0039641958
0.0039956545
0.0041431971
0.0045336394
0.0053283505
0.0066602068
0.0084835363
0.010625023
0.012935428
0.015130925
0.016984846
0.018402554
0.019320275
0.019669748
0.019354009
0.018207323
0.016007219
0.012579895
0.0080018415
0.003460931
0.00089363521
0.00013681435
0.00019084297
0.0039481864
0.0039370664
0.003932792
0.0039779283
0.0041514849
0.0045864695
0.0054468046
0.0068486778
0.0087245715
0.010898155
0.01321418
0.015389172
0.01721221
0.018597698
0.01948631
0.01981132
0.019475352
0.018312196
0.016097148
0.012653272
0.0080529006
0.0034854126
0.00090020412
0.00013768
0.00019116809
0.0039082304
0.0039002068
0.0039033935
0.003963241
0.0041644933
0.0046454427
0.005572591
0.0070421924
0.0089670642
0.011171069
0.013489137
0.015641819
0.017433944
0.018787863
0.019648253
0.019949695
0.019594351
0.018415333
0.016185822
0.012725809
0.008103533
0.0035097528
0.00090674269
0.00013854387
0.00019150695
0.0038697227
0.0038649486
0.003876015
0.0039515673
0.0041821782
0.0047108847
0.0057054873
0.0072405277
0.0092109914
0.011443092
0.013760158
0.015888967
0.017650211
0.01897323
0.019806258
0.020084977
0.01971103
0.018516735
0.016273232
0.01279749
0.0081537219
0.0035339417
0.00091324805
0.00013940542
0.00019185822
0.0038326576
0.0038312906
0.0038506646
0.0039428877
0.0042045438
0.004783038
0.0058453407
0.0074434482
0.0094561582
0.011713761
0.014027146
0.016130717
0.017861156
0.019153967
0.019960473
0.020217271
0.019825431
0.018616414
0.016359371
0.0128683
0.0082034501
0.003557969
0.00091971728
0.00014026418
0.00019222118
0.0037970293
0.0037992316
0.0038273559
0.0039372309
0.0042316709
0.004862034
0.0059920097
0.0076506906
0.009702304
0.011982732
0.014290028
0.016367177
0.018066929
0.019330226
0.020111039
0.020346683
0.019937613
0.018714394
0.016444242
0.012938231
0.0082527029
0.003581825
0.00092614756
0.00014111969
0.00019259499
0.003762832
0.0037687729
0.0038061151
0.0039346723
0.0042636887
0.0049479337
0.0061453344
0.0078619646
0.0099491559
0.012249732
0.014548744
0.016598466
0.018267682
0.01950215
0.020258078
0.020473314
0.020047643
0.018810713
0.016527859
0.013007281
0.0083014712
0.003605503
0.00093253679
0.00014197156
0.00019297874
0.0037300628
0.0037399246
0.003787018
0.0039353757
0.004300689
0.0050407496
0.0063051245
0.0080769596
0.010196454
0.012514538
0.014803242
0.016824704
0.018463573
0.019669884
0.020401712
0.020597262
0.020155586
0.01890541
0.016610244
0.013075456
0.0083497514
0.0036289986
0.00093888354
0.0001428195
0.00019337163
0.0036987241
0.0037127177
0.0037702662
0.0039396866
0.0043425875
0.0051404295
0.0064711528
0.0082953565
0.010443967
0.012776959
0.01505347
0.017046012
0.018654766
0.019833579
0.02054206
0.020718612
0.020261503
0.018998528
0.016691419
0.013142765
0.0083975427
0.0036523089
0.00094518675
0.00014366325
0.00019377283
0.0036688227
0.0036871841
0.0037559735
0.003947776
0.004389527
0.0052469235
0.0066431853
0.0085169476
0.010692179
0.013036781
0.015298656
0.017262341
0.018841372
0.019993367
0.020679229
0.020837448
0.020365455
0.01909011
0.016771414
0.013209226
0.0084448506
0.0036754346
0.00095144645
0.00014450269
0.00019418142
0.0036403652
0.0036633437
0.0037441434
0.0039596606
0.004441816
0.005360103
0.0068204512
0.0087407471
0.010941598
0.013293784
0.015538393
0.017473649
0.019023484
0.020149372
0.020813308
0.020953847
0.020467501
0.0191802
0.016850261
0.01327486
0.0084916873
0.0036983812
0.00095766423
0.00014533802
0.00019459728
0.003613356
0.0036412071
0.003734754
0.0039753471
0.0044997089
0.0054796633
0.0070017326
0.0089652641
0.011191911
0.01354781
0.01577317
0.017680088
0.019201238
0.0203017
0.020944413
0.021067889
0.020567699
0.019268841
0.016927989
0.013339684
0.0085380593
0.00372115
0.00096384025
0.00014616929
0.00019502063
0.0035877984
0.0036207839
0.003727809
0.0039948873
0.0045633605
0.0056053766
0.007186868
0.0091907983
0.011442159
0.013798702
0.016003211
0.017881825
0.019374796
0.020450487
0.02107265
0.021179651
0.020666102
0.019356068
0.01700462
0.013403709
0.0085839683
0.003743739
0.00096997351
0.00014699623
0.00019545062
0.0035636964
0.0036020895
0.0037233466
0.0040183718
0.0046328516
0.0057370628
0.0073757092
0.0094173471
0.011691739
0.014046342
0.016228651
0.018079007
0.019544317
0.020595877
0.02119813
0.021289209
0.020762764
0.019441921
0.017080181
0.013466953
0.0086294212
0.0037661501
0.00097606434
0.00014781876
0.00019588636
0.0035410569
0.0035851485
0.003721434
0.0040459144
0.0047082227
0.0058745631
0.0075680892
0.0096447713
0.011940235
0.014290644
0.016449593
0.018271774
0.019709981
0.020737975
0.021320955
0.021396643
0.020857742
0.01952644
0.0171547
0.013529431
0.008674426
0.0037883855
0.00098211322
0.0001486369
0.00019632744
0.0035198926
0.0035700016
0.0037221683
0.0040776329
0.0047894924
0.006017721
0.0077638131
0.0098728779
0.012187342
0.014531541
0.016666137
0.018460254
0.019871904
0.020876937
0.021441238
0.021502037
0.020951096
0.019609667
0.017228206
0.013591164
0.0087189914
0.0038104477
0.00098812067
0.00014945063
0.00019677343
0.0035002469
0.0035568416
0.0037258715
0.0041134347
0.0048766326
0.006166367
0.0079626618
0.010101461
0.012432822
0.014768975
0.016878378
0.018644568
0.020030202
0.0210129
0.021559093
0.021605479
0.02104289
0.019691648
0.017300732
0.013652172
0.0087631273
0.0038323402
0.00099408742
0.00015025999
0.00019722388
0.0034821676
0.0035457729
0.0037326942
0.0041534266
0.0049696141
0.0063203172
0.0081643991
0.010330325
0.01267648
0.015002894
0.017086409
0.018824843
0.020185
0.021145981
0.021674622
0.021707052
0.02113319
0.019772434
0.017372313
0.013712478
0.0088068458
0.0038540671
0.0010000144
0.00015106505
0.00019767843
0.0034656912
0.0035368187
0.0037426721
0.004197839
0.005068424
0.0064793749
0.0083687802
0.010559288
0.012918154
0.015233252
0.017290329
0.019001224
0.020336405
0.02127629
0.021787921
0.021806837
0.021222058
0.019852071
0.017442985
0.013772107
0.0088501599
0.0038756333
0.0010059029
0.0001518659
0.00019813674
0.0034508411
0.0035299707
0.0037558176
0.0042469207
0.0051730602
0.006643334
0.0085755618
0.0107882
0.013157708
0.015460002
0.017490237
0.019173867
0.02048451
0.021403921
0.021899075
0.021904908
0.021309555
0.019930608
0.017512783
0.013831083
0.0088930831
0.003897044
0.001011754
0.00015266265
0.00019859844
0.0034376357
0.0035252304
0.0037721734
0.0043008817
0.0052835211
0.0068119957
0.0087845925
0.011017477
0.01339499
0.015682531
0.017686086
0.019342826
0.020629463
0.021528982
0.022008171
0.022001334
0.02139574
0.020008093
0.017581744
0.013889433
0.0089356322
0.0039183062
0.0010175695
0.00015345546
0.00019906313
0.0034260944
0.0035226224
0.0037918168
0.0043598733
0.0053996979
0.0069846686
0.0089950477
0.011247698
0.013629839
0.015900419
0.01787781
0.019508152
0.020771363
0.021651566
0.022115289
0.022096185
0.021480667
0.020084571
0.017649908
0.013947189
0.0089778277
0.0039394301
0.0010233525
0.00015424474
0.00019953102
0.0034162434
0.0035221943
0.0038148476
0.0044239807
0.0055213263
0.0071603917
0.009205843
0.011478588
0.013862131
0.016114103
0.018065516
0.019669945
0.020910312
0.021771761
0.022220503
0.022189522
0.02156439
0.020160084
0.017717306
0.014004375
0.0090196838
0.0039604215
0.0010291042
0.00015503072
0.00020000248
0.0034081184
0.0035240131
0.0038413768
0.0044932475
0.0056481842
0.0073390384
0.009417226
0.011709364
0.014091753
0.016323814
0.018249388
0.019828276
0.021046402
0.021889648
0.022323881
0.022281401
0.021646953
0.020234669
0.017783967
0.014061009
0.0090612107
0.0039812838
0.0010348254
0.00015581339
0.00020047708
0.0034017644
0.0035281598
0.0038715203
0.0045676945
0.0057800831
0.0075204919
0.0096292146
0.011939523
0.014318614
0.016529682
0.018429538
0.019983281
0.021179743
0.022005314
0.022425489
0.022371874
0.021728397
0.020308359
0.017849918
0.014117113
0.0091024211
0.0040020225
0.0010405173
0.00015659288
0.00020095439
0.0033972366
0.003534726
0.0039053955
0.0046473301
0.0059168544
0.0077046222
0.0098417196
0.012168713
0.014542643
0.016731796
0.018606046
0.020135111
0.021310453
0.022118852
0.022525397
0.022460994
0.021808764
0.020381186
0.017915185
0.014172705
0.0091433272
0.0040226426
0.0010461814
0.00015736933
0.00020143432
0.0033945993
0.003543812
0.0039431194
0.0047321556
0.0060583376
0.0078912794
0.010054606
0.012396678
0.014763779
0.016930233
0.018779008
0.020283885
0.021438645
0.022230353
0.022623676
0.022548815
0.021888094
0.020453184
0.017979792
0.014227805
0.0091839401
0.004043149
0.0010518189
0.00015814289
0.00020191672
0.0033940231
0.0035556733
0.0039846979
0.0048221519
0.0062043707
0.0080802959
0.010267728
0.012623214
0.014981968
0.017125074
0.018948513
0.020429709
0.021564418
0.022339906
0.022720395
0.02263539
0.021966428
0.020524383
0.018043765
0.014282431
0.0092242705
0.004063546
0.0010574308
0.00015891366
0.00020240147
0.003395681
0.0035705339
0.0040301709
0.0049172878
0.0063547846
0.0082714919
0.010480944
0.012848166
0.015197181
0.017316471
0.019114581
0.020572658
0.021687857
0.022447589
0.022815623
0.022720773
0.022043809
0.020594816
0.018107128
0.014336601
0.0092643291
0.0040838383
0.0010630183
0.00015968178
0.00020288846
0.0033996205
0.0035884116
0.0040797348
0.0050175403
0.0065094038
0.0084646809
0.010694123
0.013071398
0.01540937
0.017504434
0.019277371
0.020712833
0.02180904
0.022553466
0.022909407
0.022805004
0.022120268
0.02066451
0.018169903
0.01439033
0.0093041259
0.0041040299
0.0010685826
0.00016044737
0.00020337757
0.0034058754
0.003609333
0.0041335694
0.0051228874
0.0066680457
0.0086596746
0.010907149
0.013292792
0.015618482
0.017689007
0.019437003
0.020850329
0.021928031
0.022657574
0.023001765
0.0228881
0.022195825
0.020733482
0.018232105
0.014443632
0.0093436684
0.0041241241
0.0010741243
0.0001612105
0.00020386871
0.0034144849
0.0036333499
0.0041918269
0.0052333011
0.0068305207
0.0088562861
0.011119924
0.013512246
0.015824471
0.017870247
0.019593579
0.02098524
0.022044908
0.022759964
0.023092733
0.022970084
0.022270496
0.020801745
0.018293745
0.014496515
0.0093829614
0.0041441227
0.001079644
0.00016197123
0.00020436179
0.003425502
0.0036605398
0.0042546332
0.0053487443
0.0069966641
0.0090545075
0.011333317
0.01372964
0.016026376
0.018047945
0.019747117
0.021117625
0.022159735
0.022860695
0.023182363
0.023050993
0.022344305
0.020869316
0.018354835
0.014548985
0.0094220078
0.0041640264
0.0010851416
0.00016272953
0.00020485663
0.0034389949
0.003691
0.0043220935
0.0054691692
0.007166296
0.0092541726
0.011546863
0.01394485
0.016224629
0.018222129
0.019897658
0.021247536
0.022272564
0.022959822
0.023270706
0.023130869
0.022417282
0.020936217
0.018415389
0.014601054
0.009460815
0.0041838386
0.0010906183
0.00016348552
0.00020535311
0.0034550463
0.0037248396
0.0043942769
0.0055943732
0.007338496
0.0094540866
0.011760619
0.014157816
0.016419462
0.018392967
0.020045291
0.021375037
0.022383452
0.023057401
0.023357814
0.023209756
0.022489461
0.021002471
0.018475426
0.014652735
0.0094993917
0.0042035634
0.0010960751
0.0001642394
0.00020585157
0.0034737507
0.0037621725
0.0044712179
0.005724111
0.0075128191
0.009653978
0.011974231
0.014368464
0.01661099
0.018560594
0.020190121
0.02150021
0.022492461
0.023153485
0.023443735
0.023287692
0.022560874
0.021068104
0.018534964
0.014704041
0.0095377431
0.0042232025
0.0011015124
0.0001649912
0.00020635209
0.0034952125
0.0038031132
0.0045529266
0.005858165
0.0076891436
0.0098539671
0.012187239
0.014576707
0.016799283
0.018725115
0.020332255
0.021623142
0.02259966
0.023248129
0.023528513
0.023364714
0.02263155
0.021133138
0.01859402
0.014754982
0.0095758764
0.0042427584
0.0011069306
0.00016574092
0.00020685428
0.003519543
0.0038477738
0.0046393967
0.0059963397
0.0078673579
0.010054061
0.012399356
0.014782591
0.01698427
0.018886584
0.020471777
0.021743917
0.022705119
0.023341388
0.023612191
0.023440859
0.022701518
0.021197598
0.018652614
0.014805575
0.0096138012
0.0042622354
0.0011123309
0.0001664887
0.00020735803
0.0035468589
0.0038962633
0.0047306097
0.0061384544
0.0080473452
0.010254206
0.012610352
0.01498598
0.017166066
0.019045077
0.020608768
0.021862616
0.022808906
0.023433316
0.023694814
0.023516161
0.022770808
0.021261507
0.018710765
0.014855834
0.0096515269
0.0042816378
0.0011177145
0.00016723467
0.00020786329
0.0035772806
0.0039486861
0.0048265376
0.0062843357
0.0082289793
0.010454316
0.01282004
0.015186782
0.017344756
0.019200671
0.020743303
0.021979311
0.022911088
0.023523967
0.023776424
0.023590654
0.022839447
0.021324889
0.018768493
0.014905774
0.0096890631
0.0043009699
0.0011230824
0.00016797897
0.00020837004
0.0036109313
0.0040051417
0.0049271432
0.0064338121
0.0084121248
0.010654298
0.013028265
0.015384924
0.0175204
0.01935344
0.020875455
0.022094073
0.023011726
0.023613394
0.023857062
0.023664371
0.022907461
0.021387766
0.018825815
0.014955408
0.009726419
0.0043202358
0.0011284358
0.00016872173
0.00020887823
0.0036479357
0.0040657243
0.0050323804
0.0065867112
0.0085966433
0.01085407
0.01323497
0.015580278
0.017693037
0.019503453
0.021005292
0.022206965
0.023110877
0.023701645
0.023936768
0.023737344
0.022974876
0.021450157
0.018882748
0.015004752
0.0097636033
0.0043394395
0.0011337757
0.00016946309
0.00020938785
0.003688419
0.0041305214
0.0051421929
0.0067428575
0.0087823948
0.011053557
0.013440066
0.015772773
0.017862701
0.019650773
0.021132875
0.022318045
0.023208595
0.023788766
0.024015579
0.023809603
0.023041718
0.021512085
0.01893931
0.015053816
0.0098006245
0.004358585
0.0011391032
0.00017020316
0.00020989891
0.0037325065
0.0041996135
0.0052565139
0.006902073
0.0089692462
0.011252734
0.013643399
0.015962361
0.018029426
0.01979546
0.021258266
0.022427367
0.023304928
0.023874797
0.02409353
0.023881177
0.023108008
0.021573567
0.018995515
0.015102614
0.0098374906
0.004377676
0.0011444192
0.00017094207
0.00021041139
0.0037803224
0.0042730734
0.0053752679
0.0070642013
0.0091571993
0.011452324
0.013844846
0.016148228
0.018193091
0.019937531
0.021381506
0.022534977
0.023399917
0.023959777
0.024170653
0.023952092
0.023173769
0.021634622
0.019051378
0.015151158
0.0098742093
0.0043967159
0.0011497247
0.00017167995
0.0002109253
0.0038319892
0.0043509644
0.005498368
0.0072290741
0.0093461366
0.011651897
0.014044214
0.016330783
0.018353739
0.020077023
0.021502638
0.022640915
0.023493598
0.024043737
0.024246976
0.024022371
0.023239021
0.021695266
0.019106914
0.015199458
0.009910788
0.0044157082
0.0011550205
0.0001724169
0.00021144065
0.0038876261
0.0044333396
0.005625713
0.0073965086
0.0095358955
0.0118512
0.014241325
0.016510241
0.01851146
0.020213996
0.021621707
0.022745216
0.023586004
0.024126705
0.024322523
0.024092034
0.023303776
0.021755504
0.019162127
0.015247518
0.0099472296
0.0044346544
0.0011603072
0.00017315299
0.00021195751
0.0039473483
0.0045202397
0.0057571856
0.0075663042
0.0097262782
0.012049908
0.014436178
0.016686746
0.018666353
0.02034852
0.021738764
0.02284792
0.023677163
0.024208702
0.024397304
0.024161083
0.023368027
0.021815279
0.019216978
0.015295311
0.0099835165
0.0044535463
0.0011655826
0.00017388794
0.00021247582
0.004011265
0.0046116913
0.0058926512
0.0077382467
0.009917081
0.012247782
0.014628749
0.016860398
0.018818516
0.020480674
0.021853867
0.022949066
0.023767102
0.024289745
0.024471334
0.024229529
0.023431789
0.021874649
0.019271496
0.015342849
0.01001965
0.004472383
0.0011708461
0.00017462167
0.00021299544
0.0040794784
0.0047077058
0.0060319593
0.007912124
0.010108178
0.01244457
0.014818995
0.017031268
0.018968035
0.020610535
0.021967076
0.023048694
0.023855846
0.024369854
0.024544626
0.024297389
0.023495081
0.021933636
0.019325703
0.015390149
0.010055642
0.0044911694
0.0011760991
0.00017535432
0.00021351625
0.0041520812
0.0048082778
0.0061749455
0.008087724
0.010299426
0.012640082
0.015006864
0.017199407
0.019114987
0.020738177
0.022078451
0.023146848
0.023943426
0.024449047
0.024617198
0.024364677
0.023557916
0.021992257
0.019379616
0.015437227
0.010091506
0.004509912
0.0011813433
0.0001760861
0.00021403822
0.0042291546
0.0049133775
0.0063213849
0.0082645853
0.010490283
0.012834385
0.015192317
0.017364846
0.019259435
0.020863668
0.022188048
0.02324357
0.02402987
0.024527347
0.024689067
0.024431408
0.023620307
0.022050524
0.019433248
0.015484098
0.010127252
0.0045286164
0.0011865804
0.00017681727
0.00021456152
0.0043107638
0.0050229436
0.006470996
0.0084422369
0.010680328
0.013027486
0.01537531
0.017527594
0.019401431
0.020987071
0.022295924
0.023338903
0.02411521
0.024604775
0.024760248
0.024497595
0.023682264
0.022108446
0.019486606
0.015530767
0.010162884
0.0045472853
0.0011918111
0.00017754793
0.00021508637
0.004396956
0.0051368912
0.0066235306
0.0086206582
0.01086955
0.013219134
0.015555776
0.017687654
0.019541013
0.02110844
0.022402132
0.02343289
0.024199477
0.024681355
0.024830759
0.024563248
0.023743796
0.022166028
0.019539696
0.01557724
0.010198406
0.0045659197
0.0011970356
0.0001782781
0.0002156127
0.0044877592
0.0052551136
0.0067787503
0.008799703
0.011057999
0.013409149
0.015733649
0.017845028
0.01967821
0.021227819
0.022506718
0.023525571
0.024282702
0.024757108
0.024900614
0.02462838
0.02380491
0.022223277
0.019592523
0.015623519
0.01023382
0.0045845206
0.0012022543
0.00017900781
0.00021614045
0.0045831811
0.0053774867
0.0069364326
0.0089792691
0.011245917
0.013597406
0.015908645
0.017999678
0.019813038
0.021345243
0.02260972
0.023616981
0.024364913
0.024832056
0.02496983
0.024693001
0.023865614
0.022280198
0.01964509
0.015669608
0.010269128
0.0046030889
0.0012074673
0.00017973708
0.00021666965
0.0046832105
0.0055038807
0.0070964393
0.0091592798
0.011433688
0.013783792
0.016080319
0.018151511
0.019945489
0.021460731
0.022711171
0.023707151
0.024446137
0.024906219
0.02503842
0.02475712
0.023925915
0.022336796
0.019697401
0.015715509
0.010304331
0.004621625
0.0012126747
0.00018046594
0.00021720029
0.0047878174
0.005634155
0.0072586092
0.0093396021
0.011620974
0.013968147
0.016248936
0.018300541
0.020075572
0.0215743
0.022811092
0.023796106
0.024526396
0.024979614
0.025106398
0.024820749
0.023985819
0.022393075
0.01974946
0.015761225
0.01033943
0.0046401295
0.0012178767
0.00018119439
0.00021773237
0.0048969507
0.0057681479
0.007422707
0.0095201167
0.01180751
0.014150362
0.016414641
0.018446819
0.020203311
0.021685968
0.022909503
0.023883867
0.024605708
0.025052258
0.025173775
0.024883894
0.024045333
0.022449041
0.01980127
0.015806758
0.010374427
0.0046586027
0.0012230733
0.00018192245
0.00021826587
0.005010545
0.0059057239
0.0075884726
0.0097006757
0.011993083
0.01433035
0.016577518
0.018590401
0.020328741
0.021795758
0.023006422
0.023970451
0.02468409
0.025124162
0.025240562
0.024946564
0.024104463
0.022504697
0.019852834
0.01585211
0.010409323
0.0046770449
0.0012282647
0.00018265013
0.0002188008
0.0051285145
0.0060467109
0.0077556623
0.0098811214
0.012177514
0.014508031
0.016737618
0.018731343
0.020451903
0.021903697
0.023101868
0.024055871
0.024761554
0.025195339
0.025306768
0.025008765
0.024163213
0.022560047
0.019904154
0.015897283
0.010444118
0.0046954564
0.0012334508
0.00018337742
0.00021933713
0.0052507627
0.0061908684
0.0079240648
0.0100613
0.01236065
0.014683331
0.01689497
0.018869693
0.02057284
0.022009815
0.023195859
0.024140142
0.02483811
0.025265796
0.025372398
0.025070503
0.024221587
0.022615093
0.019955232
0.015942278
0.010478814
0.0047138372
0.0012386317
0.00018410433
0.00021987486
0.0053771639
0.0063379473
0.0080934685
0.010241065
0.012542354
0.014856177
0.017049588
0.019005495
0.020691591
0.022114141
0.023288417
0.024223278
0.024913769
0.02533554
0.025437459
0.02513178
0.024279588
0.022669837
0.020006071
0.015987096
0.010513409
0.0047321874
0.0012438075
0.00018483086
0.00022041396
0.0055075409
0.0064876979
0.0082636652
0.010420277
0.012722499
0.015026496
0.017201479
0.019138782
0.020808195
0.022216707
0.023379562
0.024305292
0.024988538
0.025404578
0.025501954
0.0251926
0.024337217
0.022724281
0.02005667
0.016031737
0.010547905
0.0047505067
0.0012489779
0.00018555699
0.00022095443
0.0056416928
0.0066398613
0.0084344524
0.010598807
0.012900968
0.015194218
0.017350643
0.019269584
0.020922686
0.02231754
0.023469314
0.024386195
0.025062426
0.025472913
0.025565886
0.025252965
0.024394476
0.022778425
0.02010703
0.016076202
0.0105823
0.0047687947
0.0012541429
0.00018628271
0.00022149623
0.0057793974
0.0067941721
0.0086056353
0.010776534
0.013077648
0.015359272
0.017497076
0.019397924
0.021035095
0.022416668
0.023557692
0.024466002
0.025135439
0.025540551
0.025629257
0.025312876
0.024451365
0.022832269
0.02015715
0.01612049
0.010616595
0.0047870509
0.0012593023
0.00018700798
0.00022203936
0.0059204156
0.0069503718
0.0087770718
0.010953652
0.013252475
0.015521276
0.01764071
0.019523809
0.021145445
0.022514113
0.023644714
0.024544723
0.025207586
0.025607494
0.025692069
0.025372332
0.024507884
0.022885812
0.02020703
0.016164599
0.010650787
0.0048052746
0.0012644559
0.00018773279
0.00022258378
0.0060644962
0.0071082103
0.008948635
0.011130215
0.013425347
0.015680009
0.017781472
0.01964723
0.02125375
0.022609893
0.023730395
0.024622368
0.025278871
0.025673746
0.025754322
0.025431334
0.024564031
0.022939053
0.020256668
0.016208528
0.010684876
0.0048234648
0.0012696034
0.0001884571
0.00022312949
0.0062113769
0.0072674336
0.0091201504
0.011305878
0.01359611
0.015835637
0.017919351
0.019768185
0.02136002
0.022704024
0.023814748
0.024698947
0.025349299
0.025739308
0.025816017
0.025489881
0.024619805
0.02299199
0.020306062
0.016252276
0.01071886
0.0048416203
0.0012747445
0.00018918085
0.00022367645
0.0063607861
0.007427784
0.0092914222
0.01148036
0.013764638
0.015988247
0.018054358
0.01988668
0.021464266
0.022796516
0.023897782
0.024774467
0.025418875
0.025804182
0.025877153
0.02554797
0.024675204
0.02304462
0.020355209
0.016295839
0.010752735
0.0048597397
0.0012798787
0.00018990398
0.00022422461
0.0065124459
0.0075890047
0.0094622513
0.011653429
0.013930816
0.016137875
0.018186515
0.020002727
0.021566497
0.022887378
0.023979505
0.024848931
0.0254876
0.025868367
0.02593773
0.025605601
0.024730225
0.023096941
0.020404107
0.016339216
0.010786501
0.0048778219
0.0012850058
0.00019062645
0.00022477387
0.0066660731
0.0077508302
0.0096323728
0.011824595
0.014094149
0.016284675
0.01831584
0.020116328
0.021666721
0.022976618
0.024059922
0.024922343
0.025555476
0.025931864
0.025997744
0.02566277
0.024784867
0.023148952
0.020452756
0.016382405
0.010820157
0.0048958673
0.001290126
0.00019134831
0.00022532436
0.0068213794
0.0079129763
0.0098014332
0.01199325
0.014254083
0.016428801
0.018442338
0.020227456
0.021764933
0.023064241
0.024139037
0.024994706
0.025622503
0.025994672
0.026057195
0.025719476
0.024839126
0.023200648
0.020501151
0.016425404
0.0108537
0.0049138741
0.0012952387
0.00019206952
0.00022587629
0.0069785607
0.0080756058
0.0099687731
0.012159259
0.0144108
0.016570076
0.018565985
0.020336079
0.021861116
0.023150245
0.024216854
0.02506602
0.02568868
0.026056787
0.026116079
0.025775714
0.024892998
0.023252025
0.020549287
0.016468208
0.010887126
0.0049318395
0.001300343
0.00019278993
0.00022642951
0.0071373665
0.0082384036
0.010134226
0.012322536
0.014564357
0.016708397
0.018686757
0.020442173
0.021955246
0.02323462
0.024293371
0.025136285
0.025754004
0.026118206
0.026174391
0.025831479
0.024946478
0.023303079
0.02059716
0.016510812
0.010920432
0.0049497615
0.0013054384
0.00019350945
0.00022698382
0.0072974453
0.0084010165
0.01029771
0.012483013
0.01471475
0.016843698
0.018804635
0.020545717
0.022047297
0.02331735
0.024368579
0.025205497
0.025818472
0.026178923
0.026232126
0.025886766
0.02499956
0.023353804
0.020644766
0.016553213
0.010953615
0.0049676384
0.0013105243
0.00019422801
0.00022753918
0.0074584536
0.0085631921
0.010459495
0.012640713
0.014861639
0.016975862
0.018919592
0.020646695
0.022137246
0.023398413
0.024442466
0.025273647
0.025882077
0.026238934
0.026289277
0.025941569
0.02505224
0.023404194
0.0206921
0.016595407
0.010986669
0.0049854679
0.0013156002
0.00019494552
0.00022809555
0.0076200588
0.0087246967
0.01061946
0.012795549
0.015005045
0.017104821
0.0190316
0.020745093
0.022225071
0.023477788
0.024515015
0.025340726
0.025944812
0.026298231
0.026345838
0.025995881
0.02510451
0.023454246
0.020739156
0.016637388
0.011019593
0.0050032477
0.0013206653
0.00019566189
0.00022865282
0.0077819388
0.0088852971
0.010777366
0.012947419
0.015145068
0.017230549
0.019140639
0.020840897
0.022310754
0.023555452
0.024586208
0.025406718
0.026006664
0.026356804
0.0264018
0.026049694
0.025156363
0.023503951
0.020785929
0.01667915
0.011052381
0.0050209752
0.0013257188
0.00019637701
0.00022921099
0.0079437826
0.0090447696
0.010933018
0.013096242
0.015281754
0.017353043
0.019246704
0.020934099
0.022394275
0.023631381
0.024656023
0.025471607
0.026067622
0.026414642
0.026457154
0.026103
0.025207792
0.023553302
0.020832411
0.016720688
0.011085026
0.0050386468
0.0013307598
0.00019709071
0.00022976978
0.0081052937
0.0092029082
0.011086261
0.013241948
0.015415064
0.017472202
0.019349791
0.021024697
0.022475629
0.023705558
0.024724436
0.025535371
0.026127667
0.026471731
0.026511887
0.026155788
0.025258789
0.023602294
0.020878598
0.016762
0.011117531
0.0050562636
0.0013357887
0.00019780307
0.00023032919
0.008266194
0.0093595345
0.011236911
0.013384152
0.015544043
0.017586763
0.019450238
0.021112644
0.022554725
0.023777936
0.024791422
0.025597991
0.026186783
0.026528057
0.026565988
0.026208049
0.025309345
0.023650919
0.020924486
0.016803081
0.01114989
0.0050738239
0.0013408051
0.00019851416
0.00023088994
0.0084263111
0.0095148999
0.011384967
0.013522262
0.015668806
0.017697391
0.019547771
0.021197867
0.02263147
0.023848445
0.024856942
0.025659441
0.02624495
0.026583604
0.026619443
0.02625977
0.025359448
0.023699164
0.020970059
0.016843917
0.011182092
0.0050913203
0.0013458067
0.00019922359
0.00023145177
0.0085854264
0.0096686658
0.011530158
0.013656367
0.015789522
0.0178044
0.019642295
0.02128033
0.022705799
0.023917009
0.024920941
0.025719689
0.026302145
0.026638352
0.026672233
0.026310934
0.025409083
0.023747017
0.021015308
0.0168845
0.01121413
0.0051087487
0.0013507921
0.00019993115
0.00023201414
0.0087432954
0.0098205309
0.011672292
0.013786552
0.015906343
0.017907944
0.019733789
0.02136003
0.022777679
0.023983562
0.024983358
0.02577869
0.026358337
0.026692277
0.026724339
0.026361525
0.025458234
0.023794464
0.021060221
0.016924819
0.011245996
0.0051261041
0.0013557601
0.00020063664
0.00023257688
0.0088996633
0.0099702329
0.011811238
0.013912904
0.016019403
0.018008108
0.019822237
0.021436962
0.022847102
0.024048066
0.02504414
0.025836398
0.026413491
0.026745352
0.02677574
0.026411524
0.025506887
0.023841492
0.021104786
0.016964866
0.011277685
0.0051433843
0.0013607099
0.00020133997
0.0002331398
0.0090542776
0.010117546
0.0119469
0.014035452
0.016128611
0.018104429
0.019906887
0.021511249
0.022914019
0.024110438
0.025103219
0.02589276
0.026467567
0.026797546
0.02682641
0.02646091
0.025555026
0.02388809
0.021148996
0.017004634
0.011309191
0.0051605876
0.0013656416
0.00020204118
0.00023370334
0.0092068962
0.010262275
0.012079192
0.014154159
0.016233798
0.018196634
0.019987553
0.021582876
0.022978342
0.024170553
0.025160497
0.025947712
0.02652052
0.026848827
0.026876322
0.026509663
0.02560263
0.023934238
0.021192832
0.017044109
0.011340502
0.0051777066
0.0013705526
0.00020274001
0.00023426771
0.0093572914
0.010404248
0.012208038
0.014268986
0.016334953
0.018284982
0.020064804
0.021651717
0.023040031
0.024228318
0.025215869
0.026001171
0.026572294
0.026899152
0.026925444
0.026557752
0.025649675
0.023979914
0.021236274
0.01708327
0.011371603
0.0051947318
0.0013754401
0.00020343599
0.00023483235
0.0095052528
0.010543315
0.012333369
0.014379924
0.01643216
0.018369697
0.020138896
0.021717767
0.023099093
0.024283695
0.025269252
0.026053054
0.026622822
0.026948472
0.026973737
0.026605146
0.025696134
0.024025095
0.021279303
0.017122103
0.011402482
0.0052116571
0.0013803023
0.00020412881
0.00023539665
0.0096505886
0.010679345
0.012455137
0.014486994
0.01652551
0.018450849
0.020209719
0.02178066
0.023155562
0.024336647
0.025320564
0.026103275
0.026672033
0.026996734
0.027021159
0.026651813
0.025741979
0.02406976
0.021321902
0.017160594
0.011433132
0.0052284795
0.0013851388
0.00020481849
0.00023596085
0.0097931269
0.010812227
0.012573309
0.014590213
0.016615008
0.018528262
0.020276829
0.021839754
0.023209483
0.024387054
0.025369649
0.026151712
0.026719842
0.027043874
0.027067663
0.026697714
0.025787179
0.02411388
0.021364046
0.017198724
0.011463535
0.00524519
0.001389947
0.00020550475
0.00023652546
0.0099327155
0.010941865
0.012687858
0.014689596
0.01670066
0.018601955
0.02034051
0.021895751
0.023260763
0.024434883
0.025416396
0.026198233
0.026766142
0.027089816
0.027113192
0.026742803
0.025831693
0.024157421
0.021405704
0.017236464
0.011493669
0.0052617743
0.0013947222
0.0002061869
0.00023708983
0.010069221
0.011068181
0.01279877
0.014785165
0.016782513
0.018672051
0.020400996
0.02194894
0.023309436
0.024480165
0.025460774
0.026242745
0.02681083
0.027134475
0.02715768
0.026787028
0.02587548
0.024200347
0.021446845
0.017273788
0.011523515
0.0052782233
0.0013994622
0.00020686454
0.00023765315
0.01020253
0.01119111
0.012906038
0.014876953
0.016860634
0.018738651
0.020458322
0.021999174
0.02335508
0.024522934
0.025502727
0.026285145
0.0268538
0.02717776
0.027201054
0.026830331
0.025918494
0.024242619
0.021487439
0.017310674
0.011553058
0.0052945291
0.0014041648
0.00020753749
0.00023821573
0.010332545
0.0113106
0.013009667
0.014965004
0.016935086
0.018801777
0.020512362
0.022046225
0.023397407
0.024563186
0.025542151
0.026325278
0.026894913
0.027219564
0.027243234
0.02687265
0.025960682
0.024284194
0.021527448
0.017347087
0.01158227
0.0053106769
0.0014088258
0.00020820521
0.00023877778
0.010459186
0.011426614
0.013109669
0.015049366
0.017005921
0.018861465
0.020563181
0.022090353
0.023437028
0.024600934
0.025579057
0.026363063
0.026934041
0.027259767
0.027284124
0.026913909
0.026001981
0.024325017
0.021566822
0.017382987
0.011611119
0.0053266479
0.0014134395
0.00020886686
0.00023933856
0.010582388
0.011539125
0.013206066
0.015130088
0.017073203
0.018917788
0.020610916
0.022131757
0.023474185
0.024636271
0.025613532
0.026398506
0.026971108
0.027298264
0.027323626
0.026954027
0.026042326
0.024365032
0.021605515
0.017418332
0.011639573
0.0053424254
0.0014180011
0.00020952173
0.00023989717
0.010702103
0.011648117
0.013298884
0.015207228
0.017137009
0.018970852
0.020655697
0.022170528
0.023508883
0.024669074
0.025645627
0.026431625
0.027006076
0.027334977
0.027361653
0.026992923
0.026081647
0.024404183
0.021643479
0.017453085
0.011667607
0.0053579958
0.001422507
0.00021016937
0.00024045353
0.010818294
0.011753585
0.01338816
0.015280852
0.017197418
0.019020731
0.020697534
0.022206504
0.02354081
0.024698793
0.025675327
0.026462309
0.02703881
0.027369792
0.027398107
0.027030515
0.026119874
0.024442407
0.021680659
0.0174872
0.011695184
0.0053733392
0.0014269516
0.0002108091
0.00024100789
0.010930938
0.011855534
0.013473934
0.015351027
0.01725451
0.019067489
0.020736455
0.022239734
0.023570205
0.024726084
0.025702689
0.026490593
0.027069253
0.027402604
0.027432885
0.027066711
0.026156927
0.024479634
0.021716994
0.017520621
0.011722259
0.0053884306
0.0014313272
0.00021143983
0.00024155944
0.011040025
0.011953978
0.013556253
0.015417825
0.017308361
0.019111194
0.020772532
0.022270349
0.023597253
0.024751189
0.025727841
0.02651659
0.027097438
0.027433366
0.027465903
0.027101426
0.026192728
0.024515794
0.02175242
0.017553294
0.011748792
0.005403247
0.0014356273
0.00021206059
0.00024210723
0.011145552
0.012048937
0.013635171
0.015481317
0.017359051
0.019151928
0.020805864
0.022298482
0.023622079
0.024774226
0.025750899
0.02654043
0.027123452
0.027462086
0.027497113
0.027134589
0.026227205
0.024550821
0.021786877
0.017585165
0.011774739
0.0054177646
0.0014398449
0.00021267041
0.0002426506
0.01124753
0.012140441
0.013710742
0.01554158
0.017406664
0.019189787
0.020836564
0.022324253
0.023644783
0.024795267
0.025771942
0.026562217
0.0271474
0.027488821
0.027526512
0.027166159
0.026260303
0.024584656
0.02182031
0.017616188
0.011800063
0.0054319624
0.001443974
0.00021326846
0.00024318885
0.011345977
0.012228524
0.013783027
0.015598693
0.017451294
0.019224868
0.020864723
0.022347702
0.023665295
0.024814149
0.025790606
0.026581947
0.027169265
0.027513561
0.027554092
0.027196111
0.026291982
0.024617255
0.021852674
0.017646317
0.011824728
0.005445821
0.0014480091
0.00021385401
0.00024372179
0.011440919
0.012313228
0.01385209
0.015652739
0.01749303
0.019257259
0.020890398
0.02236883
0.023683566
0.024830864
0.025806987
0.026599648
0.027189036
0.027536272
0.027579816
0.027224414
0.026322207
0.024648577
0.021883924
0.017675511
0.011848699
0.0054593185
0.0014519436
0.00021442615
0.00024424893
0.01153239
0.012394601
0.013917998
0.0157038
0.01753196
0.019287036
0.020913643
0.022387675
0.023699682
0.024845593
0.025821471
0.026615442
0.027206814
0.027556991
0.027603678
0.027251042
0.026350948
0.024678587
0.021914022
0.01770373
0.011871941
0.0054724352
0.0014557715
0.00021498397
0.00024476928
0.01162043
0.012472692
0.013980821
0.01575196
0.017568171
0.019314277
0.020934525
0.022404316
0.023713764
0.024858472
0.025834213
0.026629457
0.027222738
0.027575816
0.027625716
0.027275996
0.026378187
0.02470726
0.021942941
0.017730947
0.011894428
0.0054851552
0.0014594881
0.00021552676
0.00024528199
0.011705084
0.01254756
0.014040632
0.015797301
0.017601747
0.019339062
0.020953124
0.022418849
0.023725922
0.024869598
0.025845305
0.026641802
0.027236937
0.027592868
0.027646008
0.02729931
0.026403929
0.024734586
0.021970662
0.017757138
0.011916141
0.0054974657
0.0014630894
0.00021605393
0.00024578642
0.011786406
0.012619262
0.014097502
0.015839907
0.017632773
0.019361475
0.02096953
0.02243137
0.023736251
0.02487905
0.025854819
0.02665257
0.027249528
0.027608269
0.027664653
0.027321043
0.026428202
0.024760573
0.021997181
0.017782293
0.011937065
0.0055093571
0.0014665725
0.00021656501
0.00024628193
0.011864449
0.012687862
0.014151506
0.015879859
0.017661335
0.019381605
0.020983832
0.022441971
0.023744835
0.024886899
0.025862823
0.026661845
0.027260617
0.027622136
0.027681756
0.027341277
0.026451059
0.024785249
0.022022509
0.017806413
0.011957196
0.0055208244
0.0014699356
0.00021705969
0.00024676792
0.011939275
0.012753425
0.014202719
0.015917242
0.017687522
0.019399542
0.020996124
0.022450742
0.023751751
0.024893211
0.025869382
0.026669704
0.027270298
0.027634576
0.027697425
0.027360101
0.026472565
0.024808658
0.022046672
0.01782951
0.011976537
0.0055318674
0.0014731783
0.00021753785
0.00024724389
0.012010945
0.012816019
0.014251217
0.015952139
0.017711421
0.019415376
0.021006494
0.022457764
0.023757072
0.024898052
0.025874562
0.026676226
0.027278662
0.027645692
0.027711763
0.027377608
0.026492796
0.024830855
0.022069709
0.01785161
0.011995101
0.0055424905
0.0014763015
0.00021799953
0.00024770934
0.012079527
0.012875713
0.014297077
0.015984635
0.017733122
0.019429199
0.021015029
0.022463118
0.023760874
0.024901491
0.025878427
0.026681476
0.02728579
0.027655581
0.027724872
0.027393897
0.026511835
0.024851909
0.022091671
0.017872748
0.012012912
0.0055527042
0.0014793081
0.00021844503
0.00024816392
0.012145088
0.012932577
0.014340377
0.016014812
0.017752712
0.019441097
0.021021812
0.022466871
0.023763189
0.024903513
0.025880923
0.026685276
0.027291682
0.027664254
0.027736796
0.027409033
0.026529757
0.024871884
0.022112612
0.017892968
0.012029997
0.0055625228
0.0014822019
0.00021887487
0.00024860772
0.012207699
0.012986686
0.014381193
0.016042754
0.017770277
0.019451153
0.021026912
0.022469069
0.023764035
0.024904115
0.025882077
0.026687697
0.027296374
0.027671722
0.027747546
0.027423052
0.02654661
0.024890836
0.022132582
0.017912308
0.012046385
0.0055719589
0.0014849863
0.00021928945
0.00024904076
0.012267433
0.013038112
0.014419605
0.016068544
0.017785901
0.019459444
0.021030394
0.022469762
0.023763461
0.024903385
0.025882026
0.026689007
0.027299981
0.027678082
0.027757184
0.027435993
0.026562436
0.024908807
0.022151621
0.017930805
0.0120621
0.005581025
0.0014876646
0.00021968915
0.00024946282
0.012324362
0.013086929
0.014455689
0.016092263
0.017799663
0.019466044
0.021032323
0.022469013
0.023761544
0.024901427
0.025880883
0.026689328
0.027302616
0.027683451
0.027765804
0.027447922
0.026577281
0.024925836
0.022169767
0.017948489
0.012077166
0.005589733
0.0014902401
0.00022007439
0.00024987384
0.012378562
0.013133213
0.014489522
0.016113988
0.017811641
0.019471027
0.021032769
0.022466895
0.023758372
0.024898338
0.025878735
0.026688745
0.027304373
0.027687938
0.027773512
0.027458923
0.026591205
0.02494197
0.022187057
0.017965393
0.012091605
0.0055980942
0.0014927159
0.00022044555
0.00025027384
0.012430109
0.013177038
0.01452118
0.016133797
0.017821909
0.019474464
0.021031804
0.022463487
0.02375403
0.024894204
0.02587566
0.02668733
0.027305336
0.02769164
0.027780411
0.027469087
0.026604281
0.024957262
0.022203532
0.017981549
0.01210544
0.0056061202
0.0014950951
0.00022080303
0.00025066288
0.012479076
0.013218479
0.014550739
0.016151764
0.017830542
0.01947643
0.021029504
0.022458868
0.023748601
0.024889105
0.025871732
0.026685154
0.027305582
0.027694644
0.027786591
0.027478501
0.026616584
0.024971775
0.022219241
0.017996994
0.012118698
0.0056138237
0.0014973813
0.00022114729
0.00025104103
0.012525542
0.013257611
0.014578271
0.016167963
0.017837615
0.019476999
0.021025946
0.02245312
0.023742165
0.024883117
0.02586702
0.026682283
0.027305183
0.027697027
0.027792139
0.027487251
0.026628191
0.02498557
0.022234236
0.018011769
0.012131406
0.0056212194
0.0014995785
0.00022147883
0.00025140837
0.012569581
0.013294508
0.014603849
0.016182468
0.0178432
0.019476246
0.021021206
0.022446318
0.023734798
0.024876311
0.025861591
0.026678784
0.027304207
0.027698862
0.027797131
0.027495412
0.026639173
0.024998715
0.022248571
0.018025919
0.012143598
0.0056283237
0.0015016913
0.00022179826
0.00025176507
0.012611268
0.013329242
0.014627546
0.016195349
0.01784737
0.019474246
0.021015361
0.02243854
0.023726573
0.024868756
0.025855511
0.026674719
0.027302717
0.027700217
0.027801635
0.027503056
0.026649598
0.025011269
0.022262302
0.018039489
0.012155306
0.005635154
0.0015037244
0.00022210621
0.00025211132
0.01265068
0.013361887
0.014649432
0.016206678
0.017850197
0.019471071
0.021008485
0.022429857
0.023717562
0.024860521
0.025848845
0.026670151
0.027300777
0.027701153
0.027805718
0.027510247
0.026659531
0.025023293
0.022275482
0.018052526
0.012166564
0.005641728
0.0015056829
0.00022240334
0.00025244735
0.01268789
0.013392515
0.014669577
0.016216524
0.017851752
0.019466794
0.02100065
0.022420344
0.023707833
0.024851671
0.025841654
0.026665139
0.027298445
0.027701731
0.027809438
0.027517045
0.026669028
0.025034841
0.02228816
0.018065071
0.012177406
0.0056480632
0.0015075718
0.00022269031
0.00025277347
0.012722972
0.013421196
0.014688051
0.016224956
0.017852104
0.019461486
0.020991928
0.022410068
0.023697453
0.024842269
0.025834
0.026659742
0.027295776
0.027702003
0.027812849
0.027523504
0.026678141
0.025045963
0.022300383
0.018077166
0.012187862
0.0056541765
0.0015093958
0.00022296778
0.00025308998
0.012755999
0.013448002
0.014704921
0.016232042
0.017851323
0.019455216
0.020982388
0.022399098
0.023686489
0.024832379
0.025825941
0.026654014
0.027292825
0.027702023
0.027816001
0.027529672
0.02668692
0.025056705
0.022312194
0.01808885
0.012197962
0.0056600837
0.0015111594
0.00022323634
0.00025339723
0.012787043
0.013473002
0.014720254
0.016237849
0.017849475
0.019448052
0.020972096
0.022387499
0.023675003
0.02482206
0.025817535
0.02664801
0.027289643
0.027701839
0.027818942
0.027535594
0.026695406
0.025067108
0.022323631
0.018100156
0.012207734
0.0056657996
0.0015128669
0.00022349659
0.00025369553
0.012816176
0.013496264
0.014734116
0.016242441
0.017846627
0.019440061
0.020961119
0.022375336
0.023663057
0.024811371
0.025808837
0.026641782
0.027286278
0.027701495
0.027821714
0.027541313
0.026703639
0.025077209
0.022334731
0.018111118
0.012217202
0.0056713382
0.0015145223
0.00022374907
0.00025398525
0.012843468
0.013517856
0.014746573
0.016245883
0.017842842
0.019431305
0.020949521
0.022362671
0.02365071
0.024800369
0.025799899
0.026635378
0.027282775
0.027701034
0.027824356
0.027546864
0.026711656
0.025087044
0.022345526
0.018121765
0.01222639
0.0056767122
0.0015161291
0.00022399428
0.00025426671
0.012868989
0.013537845
0.014757688
0.016248237
0.017838182
0.019421848
0.020937362
0.022349563
0.023638019
0.024789107
0.025790773
0.026628845
0.027279178
0.027700496
0.027826906
0.027552282
0.026719489
0.025096643
0.022356045
0.018132123
0.01223532
0.0056819333
0.0015176908
0.00022423269
0.00025454026
0.012892805
0.013556296
0.014767525
0.016249565
0.01783271
0.01941175
0.020924703
0.022336071
0.023625042
0.024777639
0.025781507
0.026622228
0.027275527
0.027699916
0.027829395
0.027557599
0.026727166
0.025106035
0.022366316
0.018142218
0.012244011
0.0056870127
0.0015192105
0.00022446476
0.0002548062
0.012914986
0.013573274
0.014776143
0.016249927
0.017826484
0.019401071
0.020911601
0.02232225
0.023611829
0.024766014
0.025772148
0.026615569
0.02727186
0.02769933
0.027831857
0.027562843
0.026734717
0.025115246
0.022376364
0.018152072
0.012252482
0.0056919606
0.0015206912
0.00022469088
0.00025506486
0.012935596
0.013588843
0.014783605
0.01624938
0.017819561
0.019389867
0.020898112
0.022308154
0.023598434
0.02475428
0.02576274
0.026608907
0.027268214
0.027698769
0.027834318
0.02756804
0.026742165
0.025124299
0.022386213
0.018161708
0.01226075
0.0056967865
0.0015221356
0.00022491146
0.00025531654
0.012954702
0.013603064
0.014789968
0.016247983
0.017811999
0.019378193
0.02088429
0.022293835
0.023584905
0.024742483
0.025753325
0.026602282
0.027264621
0.027698262
0.027836806
0.027573215
0.026749533
0.025133218
0.022395882
0.018171145
0.012268831
0.0057014993
0.0015235464
0.00022512686
0.00025556152
0.012972366
0.013615998
0.014795291
0.01624579
0.01780385
0.019366102
0.020870187
0.022279344
0.023571289
0.024730668
0.025743942
0.026595727
0.027261113
0.027697837
0.027839344
0.027578391
0.026756843
0.025142023
0.022405394
0.018180401
0.01227674
0.0057061076
0.0015249259
0.00022533741
0.0002558001
0.012988651
0.013627706
0.014799629
0.016242856
0.017795168
0.019353646
0.020855853
0.022264726
0.02355763
0.024718874
0.02573463
0.026589276
0.027257719
0.027697518
0.027841955
0.027583586
0.026764113
0.025150732
0.022414765
0.018189493
0.012284492
0.0057106192
0.0015262765
0.00022554346
0.00025603254
0.01300362
0.013638246
0.014803038
0.016239232
0.017786003
0.019340874
0.020841334
0.022250029
0.023543973
0.024707142
0.025725423
0.026582959
0.027254465
0.027697329
0.027844659
0.027588821
0.026771363
0.025159363
0.022424013
0.018198439
0.0122921
0.0057150417
0.0015276002
0.0002257453
0.00025625912
0.01301733
0.013647675
0.014805572
0.016234971
0.017776404
0.019327834
0.020826678
0.022235295
0.023530356
0.024695509
0.025716354
0.026576806
0.027251377
0.02769729
0.027847475
0.027594113
0.026778609
0.025167933
0.022433155
0.018207252
0.012299576
0.005719382
0.0015288992
0.00022594323
0.00025648008
0.013029843
0.01365605
0.014807282
0.01623012
0.017766419
0.019314571
0.020811927
0.022220566
0.023516819
0.024684009
0.025707455
0.026570844
0.027248476
0.027697422
0.02785042
0.027599477
0.026785866
0.025176457
0.022442206
0.018215948
0.012306932
0.0057236471
0.0015301755
0.00022613754
0.00025669567
0.013041214
0.013663424
0.014808219
0.016224728
0.017756093
0.019301129
0.020797123
0.02220588
0.023503397
0.024672675
0.025698754
0.026565096
0.027245786
0.027697743
0.02785351
0.027604928
0.026793148
0.02518495
0.02245118
0.01822454
0.012314179
0.0057278431
0.0015314308
0.00022632848
0.00025690613
0.0130515
0.013669851
0.014808433
0.016218841
0.01774547
0.019287549
0.020782306
0.022191276
0.023490125
0.024661538
0.025690279
0.026559587
0.027243324
0.027698268
0.027856759
0.02761048
0.02680047
0.025193425
0.02246009
0.018233042
0.012321328
0.0057319762
0.0015326669
0.00022651632
0.0002571117
0.013060755
0.013675383
0.014807973
0.016212504
0.017734593
0.019273873
0.020767515
0.022176788
0.023477035
0.024650626
0.025682054
0.026554336
0.02724111
0.027699013
0.027860181
0.027616145
0.026807842
0.025201894
0.02246895
0.018241464
0.01232839
0.0057360522
0.0015338856
0.00022670129
0.00025731259
0.013069033
0.013680071
0.014806883
0.01620576
0.017723501
0.019260138
0.020752783
0.02216245
0.023464157
0.024639967
0.025674103
0.026549365
0.027239158
0.027699991
0.027863788
0.027621934
0.026815277
0.02521037
0.022477771
0.018249818
0.012335374
0.0057400766
0.0015350883
0.00022688363
0.00025750903
0.013076386
0.013683963
0.01480521
0.01619865
0.017712234
0.01924638
0.020738147
0.022148292
0.02345152
0.024629585
0.025666446
0.02654469
0.027237485
0.027701215
0.02786759
0.027627859
0.026822786
0.025218863
0.022486564
0.018258116
0.012342288
0.0057440545
0.0015362768
0.00022706356
0.00025770122
0.013082865
0.013687108
0.014802997
0.016191215
0.017700829
0.019232634
0.020723637
0.022134344
0.023439149
0.024619504
0.025659104
0.026540328
0.027236102
0.027702696
0.027871597
0.027633928
0.026830377
0.025227383
0.02249534
0.018266367
0.012349142
0.0057479911
0.0015374523
0.00022724129
0.00025788938
0.013088518
0.013689551
0.014800287
0.016183493
0.017689321
0.019218933
0.020709285
0.022120634
0.023427069
0.024609744
0.025652095
0.026536293
0.027235024
0.027704444
0.027875819
0.027640151
0.02683806
0.02523594
0.022504109
0.018274582
0.012355944
0.0057518909
0.0015386163
0.00022741702
0.00025807369
0.013093393
0.013691338
0.01479712
0.016175521
0.017677744
0.019205308
0.020695117
0.022107187
0.023415303
0.024600325
0.025645435
0.0265326
0.02723426
0.027706468
0.027880263
0.027646534
0.026845844
0.025244543
0.022512881
0.018282768
0.012362702
0.0057557585
0.0015397701
0.00022759095
0.00025825436
0.013097536
0.013692513
0.014793536
0.016167335
0.01766613
0.019191789
0.020681163
0.022094028
0.023403872
0.024591266
0.025639139
0.02652926
0.027233821
0.027708775
0.027884937
0.027653086
0.026853736
0.0252532
0.022521663
0.018290936
0.012369422
0.0057595982
0.001540915
0.00022776327
0.00025843156
0.013100993
0.013693117
0.014789572
0.016158969
0.017654511
0.019178403
0.020667445
0.022081178
0.023392795
0.024582582
0.025633221
0.026526283
0.027233714
0.027711373
0.027889846
0.027659813
0.026861742
0.025261919
0.022530464
0.018299092
0.012376113
0.005763414
0.0015420521
0.00022793413
0.00025860548
0.013103807
0.013693191
0.014785266
0.016150455
0.017642915
0.019165177
0.020653989
0.022068658
0.02338209
0.024574289
0.025627693
0.026523681
0.027233948
0.027714269
0.027894997
0.02766672
0.026869871
0.025270707
0.022539292
0.018307245
0.01238278
0.0057672099
0.0015431826
0.00022810372
0.00025877629
0.013106019
0.013692774
0.014780652
0.016141824
0.017631371
0.019152136
0.020640815
0.022056488
0.023371774
0.0245664
0.025622565
0.02652146
0.02723453
0.027717466
0.027900394
0.027673813
0.026878126
0.025279571
0.022548154
0.018315402
0.01238943
0.0057709894
0.0015443076
0.0002282722
0.00025894415
0.013107672
0.013691906
0.014775765
0.016133107
0.017619904
0.019139303
0.020627945
0.022044684
0.023361861
0.024558928
0.025617849
0.026519628
0.027235464
0.02772097
0.027906042
0.027681097
0.026886514
0.025288516
0.022557057
0.018323569
0.012396069
0.0057747561
0.0015454281
0.00022843971
0.00025910924
0.013108803
0.013690621
0.014770636
0.016124332
0.017608539
0.019126699
0.020615396
0.022033264
0.023352365
0.024551884
0.025613551
0.026518193
0.027236756
0.027724785
0.027911943
0.027688574
0.02689504
0.025297549
0.022566007
0.018331753
0.012402702
0.0057785132
0.0015465451
0.0002286064
0.00025927171
0.01310945
0.013688956
0.014765298
0.016115526
0.0175973
0.019114345
0.020603187
0.022022242
0.023343298
0.024545276
0.02560968
0.026517158
0.02723841
0.027728914
0.027918102
0.02769625
0.026903707
0.025306674
0.022575009
0.01833996
0.012409335
0.0057822639
0.0015476595
0.00022877241
0.00025943171
0.013109651
0.013686945
0.01475978
0.016106714
0.01758621
0.019102259
0.020591334
0.022011631
0.023334671
0.024539115
0.025606242
0.02651653
0.027240429
0.027733359
0.02792452
0.027704126
0.026912519
0.025315896
0.022584069
0.018348195
0.012415973
0.005786011
0.0015487721
0.00022893787
0.00025958938
0.013109441
0.013684619
0.01475411
0.016097921
0.017575288
0.01909046
0.020579852
0.022001444
0.023326494
0.024533406
0.025603243
0.026516311
0.027242816
0.027738121
0.027931199
0.027712205
0.02692148
0.025325219
0.022593192
0.018356464
0.012422619
0.0057897573
0.0015498838
0.0002291029
0.00025974488
0.013108853
0.013682011
0.014748316
0.016089171
0.017564554
0.019078965
0.020568754
0.021991691
0.023318775
0.024528157
0.025600686
0.026516504
0.027245572
0.027743203
0.027938141
0.027720489
0.026930593
0.025334648
0.022602382
0.018364771
0.01242928
0.0057935055
0.0015509954
0.00022926761
0.00025989834
0.01310792
0.013679151
0.014742424
0.016080485
0.017554028
0.019067787
0.020558052
0.021982383
0.023311521
0.024523374
0.025598576
0.026517111
0.027248698
0.027748604
0.027945346
0.02772898
0.026939859
0.025344184
0.022611644
0.01837312
0.012435957
0.0057972579
0.0015521075
0.00022943212
0.00026004988
0.013106673
0.013676067
0.014736458
0.016071884
0.017543725
0.019056941
0.020547758
0.021973527
0.02330474
0.024519059
0.025596915
0.026518134
0.027252195
0.027754325
0.027952815
0.027737679
0.026949282
0.025353833
0.022620981
0.018381516
0.012442656
0.0058010167
0.0015532209
0.00022959653
0.00026019964
0.013105142
0.013672787
0.014730443
0.016063388
0.017533662
0.019046441
0.020537881
0.021965133
0.023298437
0.024515217
0.025595705
0.026519573
0.027256063
0.027760365
0.027960547
0.027746586
0.026958863
0.025363595
0.022630397
0.018389962
0.01244938
0.0058047842
0.0015543362
0.00022976094
0.00026034773
0.013103357
0.013669337
0.014724401
0.016055015
0.017523855
0.019036297
0.020528432
0.021957206
0.023292615
0.024511852
0.025594947
0.026521429
0.027260302
0.027766724
0.027968543
0.027755702
0.026968602
0.025373474
0.022639894
0.018398462
0.012456132
0.0058085623
0.0015554539
0.00022992544
0.00026049428
0.013101344
0.013665743
0.014718353
0.016046783
0.017514316
0.019026521
0.020519418
0.021949752
0.02328728
0.024508963
0.025594642
0.0265237
0.027264909
0.027773401
0.027976801
0.027765026
0.026978502
0.025383471
0.022649476
0.018407019
0.012462914
0.0058123529
0.0015565747
0.00023009012
0.00026063939
0.013099129
0.013662029
0.01471232
0.016038708
0.017505058
0.019017122
0.020510846
0.021942776
0.023282433
0.024506554
0.02559479
0.026526386
0.027269884
0.027780392
0.02798532
0.027774559
0.026988562
0.025393587
0.022659144
0.018415636
0.012469731
0.0058161576
0.0015576991
0.00023025505
0.00026078318
0.013096739
0.013658216
0.01470632
0.016030805
0.017496094
0.01900811
0.020502722
0.021936282
0.023278077
0.024504623
0.02559539
0.026529484
0.027275224
0.027787697
0.027994098
0.027784299
0.026998783
0.025403825
0.022668901
0.018424314
0.012476583
0.0058199781
0.0015588275
0.00023042031
0.00026092574
0.013094197
0.013654329
0.014700373
0.01602309
0.017487435
0.018999492
0.020495052
0.021930272
0.023274212
0.024503172
0.02559644
0.026532993
0.027280927
0.027795313
0.028003134
0.027794246
0.027009165
0.025414185
0.022678748
0.018433057
0.012483474
0.0058238157
0.0015599603
0.00023058597
0.00026106718
0.013091526
0.013650386
0.014694495
0.016015574
0.01747909
0.018991274
0.02048784
0.021924751
0.02327084
0.024502198
0.025597939
0.02653691
0.02728699
0.027803237
0.028012425
0.027804398
0.027019708
0.025424668
0.022688688
0.018441867
0.012490406
0.0058276717
0.0015610981
0.00023075209
0.00026120759
0.013088748
0.013646408
0.014688702
0.016008272
0.017471068
0.018983465
0.02048109
0.021919718
0.023267961
0.024501701
0.025599883
0.026541232
0.02729341
0.027811465
0.028021968
0.027814753
0.027030411
0.025435273
0.02269872
0.018450744
0.01249738
0.0058315475
0.001562241
0.00023091874
0.00026134706
0.013085883
0.013642414
0.01468301
0.016001194
0.017463379
0.018976068
0.020474805
0.021915175
0.023265573
0.024501679
0.02560227
0.026545955
0.027300182
0.027819995
0.028031762
0.027825311
0.027041273
0.025446003
0.022708847
0.018459691
0.012504398
0.005835444
0.0015633896
0.00023108597
0.00026148567
0.013082953
0.013638422
0.014677434
0.015994351
0.017456029
0.018969089
0.020468987
0.021911122
0.023263675
0.024502128
0.025605097
0.026551075
0.027307303
0.027828823
0.028041802
0.027836067
0.027052293
0.025456855
0.022719068
0.018468709
0.012511461
0.0058393622
0.001564544
0.00023125382
0.00026162352
0.013079974
0.013634447
0.014671986
0.015987754
0.017449026
0.018962531
0.020463638
0.021907559
0.023262266
0.024503046
0.02560836
0.026556588
0.027314768
0.027837943
0.028052085
0.027847021
0.027063469
0.02546783
0.022729385
0.018477798
0.012518571
0.0058433031
0.0015657046
0.00023142234
0.00026176067
0.013076966
0.013630507
0.01466668
0.015981412
0.017442375
0.018956398
0.020458759
0.021904485
0.023261342
0.024504429
0.025612053
0.026562488
0.027322573
0.027847353
0.028062608
0.027858169
0.027074801
0.025478927
0.022739797
0.01848696
0.012525729
0.0058472673
0.0015668716
0.00023159158
0.0002618972
0.013073944
0.013626616
0.014661528
0.015975333
0.017436082
0.018950693
0.020454349
0.021901898
0.023260901
0.024506273
0.025616173
0.026568772
0.027330712
0.027857048
0.028073367
0.027869509
0.027086286
0.025490146
0.022750305
0.018496195
0.012532935
0.0058512556
0.0015680453
0.00023176158
0.00026203318
0.013070926
0.013622789
0.01465654
0.015969525
0.017430152
0.018945418
0.02045041
0.021899796
0.02326094
0.024508574
0.025620714
0.026575433
0.027339181
0.027867021
0.028084357
0.027881037
0.027097923
0.025501485
0.022760908
0.018505504
0.012540191
0.0058552684
0.0015692257
0.00023193235
0.00026216868
0.013067927
0.013619038
0.014651727
0.015963996
0.017424588
0.018940573
0.02044694
0.021898177
0.023261454
0.024511326
0.025625671
0.026582466
0.027347974
0.02787727
0.028095576
0.027892751
0.027109708
0.025512943
0.022771606
0.018514886
0.012547497
0.0058593064
0.001570413
0.00023210394
0.00026230376
0.01306496
0.013615377
0.014647099
0.015958751
0.017419394
0.018936161
0.020443938
0.021897038
0.023262439
0.024514525
0.025631039
0.026589865
0.027357085
0.027887788
0.028107017
0.027904647
0.027121641
0.025524519
0.022782398
0.018524342
0.012554853
0.0058633699
0.0015716075
0.00023227637
0.00026243848
0.013062039
0.013611817
0.014642664
0.015953797
0.017414574
0.018932181
0.020441402
0.021896375
0.02326389
0.024518165
0.02563681
0.026597624
0.027366509
0.02789857
0.028118677
0.027916721
0.027133718
0.025536211
0.022793284
0.018533871
0.01256226
0.0058674592
0.0015728092
0.00023244966
0.0002625729
0.013059178
0.01360837
0.014638432
0.015949138
0.017410129
0.018928633
0.020439329
0.021896184
0.023265803
0.02452224
0.02564298
0.026605736
0.027376239
0.027909611
0.028130551
0.027928971
0.027145936
0.025548018
0.022804262
0.018543474
0.012569718
0.0058715745
0.0015740182
0.00023262383
0.00026270706
0.013056387
0.013605046
0.014634409
0.015944781
0.017406061
0.018925516
0.020437718
0.021896462
0.023268172
0.024526743
0.02564954
0.026614195
0.027386268
0.027920904
0.028142635
0.02794139
0.027158293
0.025559937
0.022815332
0.018553149
0.012577226
0.0058757161
0.0015752345
0.0002327989
0.00026284103
0.013053679
0.013601855
0.014630604
0.015940728
0.017402372
0.01892283
0.020436566
0.021897203
0.02327099
0.024531669
0.025656485
0.026622994
0.027396592
0.027932444
0.028154922
0.027953977
0.027170786
0.025571967
0.022826492
0.018562897
0.012584786
0.005879884
0.0015764582
0.00023297488
0.00026297484
0.013051065
0.013598806
0.014627021
0.015936984
0.017399063
0.018920574
0.020435867
0.021898402
0.023274253
0.024537011
0.025663807
0.026632126
0.027407202
0.027944225
0.028167408
0.027966727
0.027183412
0.025584105
0.02283774
0.018572715
0.012592396
0.0058840782
0.0015776894
0.00023315177
0.00026310855
0.013048554
0.013595907
0.014623669
0.015933551
0.017396134
0.018918744
0.02043562
0.021900055
0.023277953
0.024542761
0.025671499
0.026641584
0.027418092
0.027956241
0.028180088
0.027979635
0.027196168
0.025596349
0.022849076
0.018582605
0.012600056
0.0058882986
0.001578928
0.00023332959
0.00026324218
0.013046155
0.013593166
0.014620551
0.015930432
0.017393585
0.018917339
0.02043582
0.021902155
0.023282084
0.024548912
0.025679554
0.026651361
0.027429256
0.027968486
0.028192957
0.027992698
0.027209049
0.025608697
0.022860498
0.018592563
0.012607766
0.0058925453
0.001580174
0.00023350834
0.00026337578
0.013043878
0.013590592
0.014617673
0.01592763
0.017391416
0.018916357
0.020436461
0.021904696
0.023286639
0.024555457
0.025687964
0.026661448
0.027440686
0.027980953
0.028206008
0.02800591
0.027222054
0.025621146
0.022872004
0.018602591
0.012615525
0.005896818
0.0015814275
0.00023368801
0.00026350937
0.01304173
0.01358819
0.014615039
0.015925146
0.017389626
0.018915793
0.02043754
0.021907673
0.023291611
0.024562388
0.025696722
0.026671839
0.027452375
0.027993635
0.028219238
0.028019268
0.027235177
0.025633693
0.022883591
0.018612685
0.012623333
0.0059011165
0.0015826882
0.00023386863
0.00026364306
0.01303972
0.013585967
0.014612654
0.015922982
0.017388214
0.018915646
0.020439051
0.021911078
0.023296992
0.024569698
0.025705818
0.026682526
0.027464316
0.028006529
0.02823264
0.028032767
0.027248417
0.025646337
0.02289526
0.018622846
0.01263119
0.0059054411
0.0015839565
0.00023405017
0.00026377671
0.013037854
0.013583928
0.014610519
0.015921137
0.017387176
0.018915908
0.020440986
0.021914903
0.023302773
0.024577375
0.025715243
0.026693498
0.0274765
0.028019621
0.028246204
0.028046399
0.027261766
0.025659071
0.022907003
0.018633068
0.012639092
0.0059097904
0.0015852318
0.00023423267
0.00026391077
0.013036145
0.013582086
0.014608645
0.015919619
0.017386519
0.018916585
0.020443349
0.02191915
0.023308955
0.024585422
0.025725
0.026704759
0.027488932
0.028032923
0.028259945
0.02806018
0.027275242
0.025671915
0.022918843
0.018643373
0.012647057
0.0059141744
0.0015865174
0.00023441644
0.00026404444
0.013034561
0.013580406
0.014606995
0.015918386
0.017386195
0.018917623
0.020446081
0.021923756
0.023315471
0.024593768
0.025735014
0.026716232
0.02750153
0.028046345
0.028273764
0.028074004
0.027288734
0.025684759
0.022930676
0.018653672
0.012655014
0.0059185545
0.0015878017
0.00023460041
0.00026418133
0.013033287
0.013579072
0.014605754
0.015917628
0.0173864
0.018919226
0.020449395
0.021928942
0.023322551
0.024602652
0.025745535
0.026728181
0.027514581
0.028060208
0.02828803
0.028088295
0.027302714
0.0256981
0.022942996
0.01866442
0.012663361
0.005923168
0.0015891592
0.00023479306
0.00026430941
0.013031479
0.013577225
0.014604024
0.015916396
0.017386129
0.018920332
0.020452174
0.021933548
0.023329001
0.024610856
0.025755323
0.026739329
0.027526735
0.028073057
0.028301134
0.028101284
0.027315316
0.025710117
0.022954198
0.018674373
0.012671205
0.0059275968
0.0015904824
0.00023498949
0.00026449328
0.013030963
0.013576737
0.014603786
0.015916823
0.017387698
0.018923463
0.020457156
0.021940516
0.023337947
0.024621652
0.025767756
0.026753169
0.02754155
0.028088627
0.028316992
0.02811701
0.027330502
0.025724324
0.022966913
0.018684958
0.012679028
0.0059316276
0.0015915933
0.00023514439
0.00026461159
)
;

boundaryField
{
    inlet
    {
        type            fixedValue;
        value           uniform 0.0084375;
    }
    outlet
    {
        type            zeroGradient;
    }
    wall
    {
        Ceps2           1.9;
        Ck              -0.416;
        Bk              8.366;
        C               11;
        type            kLowReWallFunction;
        value           nonuniform List<scalar> 
250
(
3.3938699e-05
8.8705334e-07
1.8858064e-07
1.1605422e-07
9.3160915e-08
7.2665217e-08
5.8800084e-08
4.9690908e-08
4.3014484e-08
3.7950106e-08
3.4052352e-08
3.0999494e-08
2.8568412e-08
2.6604781e-08
2.5004785e-08
2.3697155e-08
2.2629567e-08
2.1762215e-08
2.1063161e-08
2.050756e-08
2.0078019e-08
1.9758665e-08
1.9536328e-08
1.9400783e-08
1.9338244e-08
1.9332643e-08
1.9368308e-08
1.9430461e-08
1.9507106e-08
1.9589635e-08
1.967261e-08
1.9752076e-08
1.9824457e-08
1.9886932e-08
1.9938444e-08
1.9979881e-08
2.0013011e-08
2.0039889e-08
2.006225e-08
2.0081795e-08
2.0100498e-08
2.0119537e-08
2.0139608e-08
2.0161485e-08
2.0185741e-08
2.0212746e-08
2.0242729e-08
2.0275858e-08
2.0312494e-08
2.0352908e-08
2.0396977e-08
2.0444584e-08
2.049571e-08
2.0550288e-08
2.0608225e-08
2.0669438e-08
2.0733786e-08
2.0801296e-08
2.0872115e-08
2.0946056e-08
2.1022841e-08
2.1102329e-08
2.1184349e-08
2.1268717e-08
2.1355268e-08
2.1443829e-08
2.153421e-08
2.1626394e-08
2.1720439e-08
2.181617e-08
2.1913393e-08
2.2012029e-08
2.2111985e-08
2.2213173e-08
2.2315514e-08
2.2418938e-08
2.252337e-08
2.2628724e-08
2.273505e-08
2.2842437e-08
2.2950796e-08
2.3060031e-08
2.3170126e-08
2.3281054e-08
2.3392786e-08
2.3505302e-08
2.3618582e-08
2.3732602e-08
2.3847351e-08
2.3962786e-08
2.4078882e-08
2.4195726e-08
2.4313332e-08
2.443162e-08
2.455056e-08
2.4670149e-08
2.4790379e-08
2.4911244e-08
2.5032747e-08
2.5154885e-08
2.5277661e-08
2.5401081e-08
2.5525148e-08
2.5649878e-08
2.5775264e-08
2.5901275e-08
2.6027881e-08
2.6155076e-08
2.6282909e-08
2.6411429e-08
2.6540628e-08
2.6670491e-08
2.6801027e-08
2.6932238e-08
2.7064126e-08
2.7196691e-08
2.7329932e-08
2.746385e-08
2.7598443e-08
2.7733711e-08
2.7869651e-08
2.8006262e-08
2.8143539e-08
2.8281482e-08
2.8420086e-08
2.8559347e-08
2.8699255e-08
2.8839784e-08
2.8980973e-08
2.9122877e-08
2.9265458e-08
2.9408669e-08
2.9552502e-08
2.9696947e-08
2.9841977e-08
2.9987594e-08
3.0133726e-08
3.0280378e-08
3.0427735e-08
3.0575734e-08
3.0724234e-08
3.0873192e-08
3.1022557e-08
3.1172444e-08
3.1322917e-08
3.1473821e-08
3.1624995e-08
3.1776503e-08
3.1928483e-08
3.208076e-08
3.2233115e-08
3.238563e-08
3.2538358e-08
3.2691098e-08
3.2843601e-08
3.2995842e-08
3.3147885e-08
3.3299502e-08
3.3450429e-08
3.3600473e-08
3.3749433e-08
3.3897247e-08
3.4043772e-08
3.4188715e-08
3.4331832e-08
3.4472928e-08
3.461181e-08
3.4748293e-08
3.4882222e-08
3.5013439e-08
3.5141829e-08
3.5267399e-08
3.539014e-08
3.5509975e-08
3.5626867e-08
3.5740811e-08
3.5851806e-08
3.5959855e-08
3.6064975e-08
3.6167194e-08
3.6266555e-08
3.6363116e-08
3.6456949e-08
3.6548134e-08
3.6636755e-08
3.6722902e-08
3.6806665e-08
3.6888132e-08
3.6967393e-08
3.7044533e-08
3.7119636e-08
3.7192784e-08
3.7264057e-08
3.733353e-08
3.7401279e-08
3.7467376e-08
3.753189e-08
3.7594891e-08
3.7656443e-08
3.7716612e-08
3.7775459e-08
3.7833045e-08
3.788943e-08
3.7944669e-08
3.799882e-08
3.8051935e-08
3.8104068e-08
3.8155269e-08
3.8205588e-08
3.8255073e-08
3.8303769e-08
3.8351723e-08
3.8398977e-08
3.8445574e-08
3.8491553e-08
3.8536956e-08
3.8581819e-08
3.8626179e-08
3.8670071e-08
3.8713529e-08
3.8756585e-08
3.8799272e-08
3.8841618e-08
3.8883653e-08
3.8925404e-08
3.8966898e-08
3.900816e-08
3.9049213e-08
3.9090081e-08
3.9130786e-08
3.9171348e-08
3.9211787e-08
3.9252121e-08
3.9292369e-08
3.9332546e-08
3.9372669e-08
3.9412752e-08
3.945281e-08
3.9492855e-08
3.9532899e-08
3.9572956e-08
3.9613028e-08
3.9653148e-08
3.9693278e-08
3.9733554e-08
3.977373e-08
3.9814897e-08
3.9853432e-08
3.9908788e-08
3.9944425e-08
)
;
    }
    front
    {
        type            wedge;
    }
    back
    {
        type            wedge;
    }
    axis
    {
        type            empty;
    }
}


// ************************************************************************* //
