/*--------------------------------*- C++ -*----------------------------------*\
| =========                 |                                                 |
| \\      /  F ield         | OpenFOAM: The Open Source CFD Toolbox           |
|  \\    /   O peration     | Version:  v2012                                 |
|   \\  /    A nd           | Website:  www.openfoam.com                      |
|    \\/     M anipulation  |                                                 |
\*---------------------------------------------------------------------------*/
FoamFile
{
    version     2.0;
    format      ascii;
    class       volScalarField;
    location    "2000";
    object      nut;
}
// * * * * * * * * * * * * * * * * * * * * * * * * * * * * * * * * * * * * * //

dimensions      [0 2 -1 0 0 0 0];


internalField   nonuniform List<scalar> 
6250
(
0.00029344705
0.00029347121
0.00029356571
0.00029370831
0.0002938696
0.00029399175
0.00029392941
0.00029335459
0.00029160584
0.00027534741
0.00025481094
0.00023685363
0.00022112502
0.00019797747
0.00015138756
0.00010246255
6.0781618e-05
3.2052475e-05
1.5494314e-05
7.0339438e-06
3.0029986e-06
1.1684771e-06
3.9403143e-07
1.3221635e-07
8.4184183e-08
0.00029372409
0.00029381616
0.00029400621
0.00029426219
0.00029447928
0.00029442833
0.00029361617
0.00029110446
0.00027852912
0.0002600691
0.00024524917
0.00022395216
0.00018467848
0.00013950281
9.4955987e-05
5.773607e-05
3.1533423e-05
1.5764768e-05
7.4016098e-06
3.333735e-06
1.4232034e-06
5.2234207e-07
1.3269949e-07
2.480952e-08
1.3456925e-08
0.00029363108
0.0002937605
0.00029399333
0.00029423775
0.00029425833
0.00029356553
0.00029123763
0.00028576123
0.00027502485
0.00025671661
0.00022928979
0.00019311004
0.00015102902
0.00010808765
6.9983287e-05
4.0794963e-05
2.15514e-05
1.0575442e-05
5.0475338e-06
2.4247617e-06
1.1090357e-06
3.9318728e-07
7.5906385e-08
9.7336733e-09
6.1891324e-09
0.00029337165
0.00029351726
0.00029374111
0.00029384896
0.00029342487
0.0002916773
0.00028729203
0.00027841917
0.00026296572
0.00023930203
0.00020721082
0.00016855801
0.00012718943
8.7969954e-05
5.5235448e-05
3.1371046e-05
1.6318248e-05
8.1400306e-06
4.1604049e-06
2.0273462e-06
9.7647631e-07
3.6157009e-07
6.1613906e-08
7.2839184e-09
4.852289e-09
0.000293062
0.00029320045
0.00029335462
0.00029319864
0.00029210471
0.00028899244
0.0002822734
0.00027002959
0.00025052971
0.00022300321
0.00018833364
0.00014923869
0.00010973543
7.406106e-05
4.546563e-05
2.5380057e-05
1.3244932e-05
6.9321223e-06
3.5958349e-06
1.8849311e-06
9.7892157e-07
3.516462e-07
5.6458508e-08
6.4844799e-09
4.346334e-09
0.00029270068
0.00029280103
0.00029280854
0.00029224824
0.00029027634
0.00028557732
0.00027643299
0.00026107128
0.00023828593
0.00020811102
0.0001721989
0.00013364395
9.6274905e-05
6.3690486e-05
3.8392209e-05
2.1258734e-05
1.1364572e-05
6.3464694e-06
3.3114687e-06
1.8929491e-06
1.0156631e-06
3.502643e-07
5.4060386e-08
5.8646344e-09
3.8375329e-09
0.00029228593
0.00029231453
0.00029209259
0.00029099119
0.0002879695
0.00028155175
0.0002700245
0.00025190055
0.00022653498
0.00019462108
0.00015829115
0.00012073267
8.5467699e-05
5.5569303e-05
3.3039212e-05
1.8361834e-05
1.0217545e-05
5.6294033e-06
3.2598601e-06
1.9616751e-06
1.0666107e-06
3.5498697e-07
5.3069964e-08
5.4026627e-09
3.4513045e-09
0.00029181556
0.00029173572
0.00029120119
0.0002894366
0.0002852395
0.0002770549
0.00026328157
0.000242788
0.0002154522
0.00018246395
0.00014622118
0.00010985372
7.6570186e-05
4.9047276e-05
2.8936809e-05
1.6349815e-05
9.5598139e-06
5.353529e-06
3.3251238e-06
2.0625203e-06
1.126914e-06
3.6177989e-07
5.226834e-08
4.972891e-09
3.1722037e-09
0.00029127717
0.00029105056
0.00029012366
0.00028759301
0.00028213988
0.00027220575
0.00025637668
0.00023389622
0.00020509189
0.00017150448
0.00013565298
0.00010054213
6.9107514e-05
4.3736906e-05
2.5794387e-05
1.4979475e-05
8.8196695e-06
5.3178652e-06
3.4593532e-06
2.184133e-06
1.1940216e-06
3.7001196e-07
5.1740794e-08
4.6079377e-09
2.9510109e-09
0.00029065556
0.00029024473
0.00028885322
0.00028547608
0.00027872717
0.00026710826
0.0002494374
0.00022531904
0.00019544686
0.00016159603
0.00012631633
9.2468718e-05
6.2770427e-05
3.9392427e-05
2.3410281e-05
1.4080371e-05
8.3930259e-06
5.4284337e-06
3.6403975e-06
2.3240437e-06
1.2702072e-06
3.8416855e-07
5.2852693e-08
4.490005e-09
2.7715345e-09
0.00028993707
0.00028930735
0.00028738948
0.00028310897
0.00027505969
0.00026185292
0.00024255864
0.00021710882
0.00018648388
0.00015260578
0.00011800384
8.5403259e-05
5.7355288e-05
3.585011e-05
2.1640418e-05
1.3545235e-05
8.2885197e-06
5.6400582e-06
3.8584134e-06
2.4817466e-06
1.3557127e-06
4.0205208e-07
5.4600737e-08
4.4299075e-09
2.6250984e-09
0.00028910999
0.00028823071
0.00028573686
0.00028051857
0.00027119249
0.00025651399
0.0002358066
0.00020928781
0.00017815554
0.00014441636
0.00011055448
7.9180486e-05
5.272109e-05
3.2988361e-05
2.0366675e-05
1.2924434e-05
8.407024e-06
5.9299257e-06
4.1091199e-06
2.6568418e-06
1.4502004e-06
4.2281518e-07
5.6791647e-08
4.4106304e-09
2.5044597e-09
0.00028816486
0.0002870104
0.00028390359
0.0002777333
0.00026717522
0.00025115032
0.00022922497
0.00020185839
0.0001704091
0.00013692659
0.00010384269
7.3678832e-05
4.876332e-05
3.0707386e-05
1.9492421e-05
1.2557701e-05
8.6892414e-06
6.2823016e-06
4.3901365e-06
2.8488879e-06
1.5533501e-06
4.4614783e-07
5.9362844e-08
4.4245988e-09
2.4040847e-09
0.00028709499
0.00028564522
0.00028190095
0.00027478185
0.00026305166
0.00024580775
0.00022284115
0.00019481135
0.00016319273
0.0001300516
9.7771065e-05
6.8807823e-05
4.5401879e-05
2.8926734e-05
1.8950427e-05
1.2529597e-05
9.0988077e-06
6.6863759e-06
4.6991212e-06
3.0554262e-06
1.6544832e-06
4.7087436e-07
6.2157975e-08
4.4618563e-09
2.3198551e-09
0.00028589648
0.00028413692
0.00027974236
0.000271692
0.00025885953
0.00024052122
0.00021667078
0.00018813085
0.00015645763
0.00012371933
9.2258978e-05
6.4486324e-05
4.2544075e-05
2.7519563e-05
1.8709004e-05
1.2764197e-05
9.6104986e-06
7.1355606e-06
5.0343814e-06
3.2756787e-06
1.7582821e-06
4.9702783e-07
6.5166834e-08
4.5193628e-09
2.2489022e-09
0.00028456807
0.00028248968
0.00027744249
0.00026848977
0.00025463063
0.00023531658
0.00021072086
0.00018179729
0.00015015882
0.0001178687
8.7241317e-05
6.0652322e-05
4.0130277e-05
2.6444067e-05
1.8384185e-05
1.3202894e-05
1.0210159e-05
7.6260582e-06
5.3949772e-06
3.5099363e-06
1.8682389e-06
5.2500448e-07
6.8433801e-08
4.5971042e-09
2.1892145e-09
0.00028311089
0.00028070972
0.0002750166
0.00026519905
0.00025039127
0.00023021231
0.0002049921
0.0001757888
0.00014425387
0.00011244316
8.2651549e-05
5.7220291e-05
3.8025407e-05
2.5708935e-05
1.8317714e-05
1.381663e-05
1.0884867e-05
8.1548137e-06
5.7801631e-06
3.7583629e-06
1.9848865e-06
5.549986e-07
7.1982581e-08
4.6946986e-09
2.1392543e-09
0.00028152817
0.00027880481
0.00027248003
0.0002618413
0.00024616287
0.00022522094
0.00019948064
0.00017008216
0.00013870252
0.0001073906
7.8429947e-05
5.4124521e-05
3.6171684e-05
2.5270194e-05
1.8560107e-05
1.4580553e-05
1.1622855e-05
8.7187064e-06
6.1889259e-06
4.0207069e-06
2.1082614e-06
5.8705166e-07
7.5817892e-08
4.8112749e-09
2.0977922e-09
0.00027982489
0.00027678386
0.00026984778
0.00025843552
0.00024196254
0.00022035029
0.00019417946
0.00016465444
0.00013347005
0.00010267426
7.4555169e-05
5.1391305e-05
3.4726319e-05
2.5128855e-05
1.908719e-05
1.5475036e-05
1.2414321e-05
9.3144799e-06
6.6197983e-06
4.2962581e-06
2.2380613e-06
6.2110098e-07
7.9931394e-08
4.9455922e-09
2.0637716e-09
0.00027800743
0.00027465653
0.00026713419
0.00025499829
0.00023780366
0.00021560435
0.00018907888
0.00015948097
0.00012851651
9.8231898e-05
7.0908287e-05
4.8737234e-05
3.3590754e-05
2.5340603e-05
1.9869135e-05
1.6477564e-05
1.3249182e-05
9.9386294e-06
7.0709245e-06
4.5839685e-06
2.3737918e-06
6.5702793e-07
8.4308004e-08
5.0963056e-09
2.0363286e-09
0.00027608324
0.00027243291
0.00026435275
0.00025154391
0.00023369634
0.00021098395
0.00018416723
0.0001545372
0.00012380744
9.402949e-05
6.7494491e-05
4.6347064e-05
3.2769613e-05
2.5366399e-05
2.0535548e-05
1.7564334e-05
1.4121347e-05
1.0587722e-05
7.5399167e-06
4.8823616e-06
2.5147218e-06
6.9464659e-07
8.892465e-08
5.2619771e-09
2.0148569e-09
0.00027406051
0.00027012323
0.00026151599
0.00024808446
0.0002296479
0.00020648754
0.00017943224
0.00014980223
0.00011932239
9.0069746e-05
6.4381033e-05
4.4397851e-05
3.2279658e-05
2.542129e-05
2.1234073e-05
1.8710474e-05
1.5021843e-05
1.1257478e-05
8.023647e-06
5.189369e-06
2.6597785e-06
7.3367212e-07
9.3745951e-08
5.4406821e-09
1.9987443e-09
0.00027194793
0.00026773766
0.00025863535
0.00024463006
0.00022566326
0.00020211147
0.00017485988
0.00014525077
0.00011501855
8.6256546e-05
6.1282916e-05
4.274642e-05
3.2172148e-05
2.5654952e-05
2.1995958e-05
1.9837917e-05
1.5939227e-05
1.1942391e-05
8.5179351e-06
5.5022237e-06
2.8075343e-06
7.7371746e-07
9.8723576e-08
5.6300346e-09
1.9874497e-09
0.00026975444
0.00026528607
0.00025572117
0.00024118897
0.00022174523
0.00019785022
0.00017043473
0.00014085709
0.00011086177
8.2565768e-05
5.8297338e-05
4.1370526e-05
3.2358999e-05
2.6052404e-05
2.2785251e-05
2.0647879e-05
1.684932e-05
1.2637111e-05
9.0174338e-06
5.8169504e-06
2.9557887e-06
8.1416441e-07
1.0377944e-07
5.8265445e-09
1.9805327e-09
0.00026748898
0.00026277798
0.00025278272
0.00023776785
0.00021789494
0.00019369731
0.00016614287
0.0001366055
0.00010685556
7.9079978e-05
5.5706445e-05
4.0350248e-05
3.2724887e-05
2.6576019e-05
2.359308e-05
2.1445623e-05
1.7739845e-05
1.3329561e-05
9.5151741e-06
6.1288289e-06
3.1018382e-06
8.5421909e-07
1.0881112e-07
6.0255499e-09
1.9773331e-09
0.00026516039
0.00026022238
0.00024982822
0.00023437196
0.0002141123
0.00018964599
0.00016197215
0.00013248376
0.00010299408
7.5775854e-05
5.3520315e-05
3.9698597e-05
3.2892884e-05
2.7192563e-05
2.4423729e-05
2.2241441e-05
1.8605376e-05
1.401002e-05
1.0004132e-05
6.4332328e-06
3.2431358e-06
8.9310857e-07
1.1371664e-07
6.2222534e-09
1.9770462e-09
0.00026277723
0.0002576277
0.00024686491
0.00023100534
0.00021039604
0.00018568813
0.00015790559
0.0001284562
9.9177956e-05
7.2341932e-05
5.153458e-05
3.9451551e-05
3.2946161e-05
2.7873226e-05
2.5278111e-05
2.3038569e-05
1.944298e-05
1.4671651e-05
1.0478316e-05
6.7261112e-06
3.3773658e-06
9.3016956e-07
1.1841619e-07
6.4128871e-09
1.9788719e-09
0.00026034769
0.00025500177
0.00024389911
0.00022767095
0.00020674393
0.0001818151
0.00015392819
0.00012450778
9.5437154e-05
6.9079948e-05
4.9847466e-05
3.9454e-05
3.3146046e-05
2.860162e-05
2.6147563e-05
2.3834055e-05
2.0250419e-05
1.5309709e-05
1.0933198e-05
7.0045072e-06
3.5034557e-06
9.6503592e-07
1.2284826e-07
6.5941559e-09
1.9820492e-09
0.00025787952
0.00025235179
0.00024093628
0.00022437086
0.00020315329
0.00017801954
0.00015003274
0.00012065062
9.1854062e-05
6.6196089e-05
4.8515414e-05
3.9622233e-05
3.3476282e-05
2.9372356e-05
2.702287e-05
2.4621054e-05
2.1025508e-05
1.5921017e-05
1.136585e-05
7.2667775e-06
3.6210537e-06
9.9751556e-07
1.2698173e-07
6.7641219e-09
1.9859605e-09
0.00025538
0.00024968436
0.00023798109
0.00022110644
0.00019962131
0.00017429559
0.00014621526
0.0001168897
8.8420881e-05
6.3691719e-05
4.7542927e-05
3.9935545e-05
3.3919946e-05
3.0184313e-05
2.789636e-05
2.5392292e-05
2.1766807e-05
1.6503933e-05
1.1774843e-05
7.5123917e-06
3.7299422e-06
1.0275458e-06
1.3080633e-07
6.9219639e-09
1.9901635e-09
0.00025285589
0.00024700541
0.00023503749
0.00021787836
0.0001961444
0.000170634
0.00014245248
0.00011314267
8.4826648e-05
6.1359263e-05
4.6986121e-05
4.0398123e-05
3.4455855e-05
3.1026735e-05
2.8770627e-05
2.6148714e-05
2.2440452e-05
1.705555e-05
1.2159643e-05
7.7412047e-06
3.830195e-06
1.0551415e-06
1.3432229e-07
7.0674335e-09
1.9943803e-09
0.00025031342
0.00024432029
0.00023210875
0.0002146866
0.0001927182
0.00016702498
0.00013872911
0.00010941214
8.1280718e-05
5.9273637e-05
4.672065e-05
4.1001302e-05
3.5069377e-05
3.1892248e-05
2.9646283e-05
2.6886016e-05
2.3021712e-05
1.7571849e-05
1.2519804e-05
7.9532243e-06
3.9218665e-06
1.0803082e-06
1.375286e-07
7.2002967e-09
1.9984105e-09
0.00024775829
0.00024163377
0.00022919752
0.00021153065
0.00018933863
0.00016346288
0.000135051
0.00010576684
7.803089e-05
5.7529298e-05
4.6646664e-05
4.1282941e-05
3.5749088e-05
3.2785607e-05
3.0519535e-05
2.7604695e-05
2.3577101e-05
1.8054778e-05
1.2854951e-05
8.1488885e-06
4.0053603e-06
1.1031459e-06
1.404361e-07
7.3208107e-09
2.0020743e-09
0.00024519566
0.00023895002
0.00022630591
0.00020840984
0.00018600281
0.00015994767
0.00013143739
0.00010227276
7.5156275e-05
5.6130326e-05
4.6728535e-05
4.1505506e-05
3.6481192e-05
3.3702865e-05
3.1387363e-05
2.8306057e-05
2.4111545e-05
1.8507643e-05
1.3166386e-05
8.3292898e-06
4.0814742e-06
1.1238811e-06
1.4307277e-07
7.4299667e-09
2.0052314e-09
0.00024263019
0.00023627272
0.00022343559
0.00020532322
0.00018270734
0.00015647264
0.00012785913
9.8758896e-05
7.2536668e-05
5.5116556e-05
4.6961266e-05
4.1823227e-05
3.7254918e-05
3.463421e-05
3.2246409e-05
2.8991066e-05
2.4627482e-05
1.8933719e-05
1.3456323e-05
8.4959952e-06
4.1512092e-06
1.1428135e-06
1.4547729e-07
7.5292781e-09
2.0078307e-09
0.00024006602
0.00023360504
0.00022058774
0.00020226922
0.00017944657
0.00015302155
0.00012426401
9.5095341e-05
7.0061721e-05
5.4475805e-05
4.7341895e-05
4.2233024e-05
3.8074659e-05
3.5569837e-05
3.3085636e-05
2.9658732e-05
2.5126315e-05
1.9335998e-05
1.3727159e-05
8.6506285e-06
4.2156386e-06
1.1602611e-06
1.4769118e-07
7.6204626e-09
2.0099192e-09
0.00023750682
0.00023094966
0.00021776307
0.00019924579
0.00017621504
0.00014958756
0.00012067486
9.1528253e-05
6.7846238e-05
5.4081547e-05
4.7857223e-05
4.2727864e-05
3.8928565e-05
3.6506092e-05
3.3908726e-05
3.0309859e-05
2.5609163e-05
1.9717188e-05
1.3981298e-05
8.7949189e-06
4.2755375e-06
1.1764681e-06
1.4974701e-07
7.7049207e-09
2.0115874e-09
0.0002349558
0.00022830883
0.00021496192
0.00019625097
0.00017300991
0.00014617739
0.00011714757
8.8229049e-05
6.5951462e-05
5.386667e-05
4.849252e-05
4.3299526e-05
3.9807834e-05
3.7440985e-05
3.4718379e-05
3.0945662e-05
2.6077125e-05
2.0079713e-05
1.4220925e-05
8.930363e-06
4.3316266e-06
1.1916462e-06
1.516726e-07
7.7838697e-09
2.0129399e-09
0.00023241577
0.00022568441
0.00021218446
0.00019328341
0.00016983185
0.0001428062
0.00011373351
8.5256597e-05
6.4378478e-05
5.3810219e-05
4.9235634e-05
4.3938909e-05
4.0707189e-05
3.8373257e-05
3.5515901e-05
3.1567235e-05
2.6531304e-05
2.0425728e-05
1.4447945e-05
9.058237e-06
4.3845196e-06
1.2059727e-06
1.5349116e-07
7.8583241e-09
2.0140643e-09
0.0002298891
0.0002230779
0.00020943062
0.00019034162
0.00016667801
0.000139458
0.00011031055
8.2519048e-05
6.3160728e-05
5.3911012e-05
5.0076613e-05
4.4639467e-05
4.1620375e-05
3.9300554e-05
3.6301689e-05
3.2175501e-05
2.6972802e-05
2.0757159e-05
1.4664029e-05
9.1796417e-06
4.4347383e-06
1.2195992e-06
1.5522263e-07
7.9291681e-09
2.0150467e-09
0.00022737784
0.00022049048
0.00020669996
0.00018742256
0.00016353741
0.00013608681
0.00010671985
7.9893568e-05
6.2311969e-05
5.4165157e-05
5.0407217e-05
4.5392545e-05
4.2561363e-05
4.0224506e-05
3.7075791e-05
3.2771015e-05
2.7402598e-05
2.1075703e-05
1.4870622e-05
9.2955132e-06
4.482718e-06
1.2326502e-06
1.5688335e-07
7.9971493e-09
2.0159862e-09
0.00022488365
0.00021792297
0.00020399162
0.00018452266
0.00016040269
0.00013269754
0.00010314169
7.7474553e-05
6.1722592e-05
5.4556298e-05
5.0789296e-05
4.6200795e-05
4.3523773e-05
4.1135381e-05
3.783665e-05
3.3354252e-05
2.7821579e-05
2.1382785e-05
1.506891e-05
9.406604e-06
4.5288074e-06
1.2452238e-06
1.5848603e-07
8.0628313e-09
2.0169422e-09
0.00022240788
0.0002153759
0.00020130455
0.00018163941
0.00015727552
0.00012932941
9.9747802e-05
7.5336429e-05
6.1317326e-05
5.5067886e-05
5.1239364e-05
4.7049858e-05
4.4500383e-05
4.2037811e-05
3.8585043e-05
3.3925749e-05
2.823052e-05
2.1679604e-05
1.5259868e-05
9.5135264e-06
4.5732899e-06
1.2574005e-06
1.6004122e-07
8.1266733e-09
2.0179496e-09
0.0002199516
0.00021284956
0.0001986379
0.00017877238
0.00015416512
0.00012602666
9.6617938e-05
7.3494309e-05
6.1066492e-05
5.5687089e-05
5.1758669e-05
4.793061e-05
4.5486161e-05
4.2933845e-05
3.9322113e-05
3.4486147e-05
2.8630109e-05
2.1967172e-05
1.5444305e-05
9.6167743e-06
4.616402e-06
1.2692466e-06
1.6155757e-07
8.1890584e-09
2.019047e-09
0.00021751563
0.00021034414
0.00019599111
0.00017592238
0.00015107926
0.00012279701
9.3756515e-05
7.1947101e-05
6.0961406e-05
5.6404734e-05
5.23442e-05
4.8837421e-05
4.6477802e-05
4.3823946e-05
4.0048742e-05
3.5036114e-05
2.902097e-05
2.2246331e-05
1.5622855e-05
9.7166988e-06
4.6583747e-06
1.2808232e-06
1.6304284e-07
8.2503249e-09
2.020263e-09
0.00021510055
0.00020785959
0.00019336304
0.00017308481
0.00014798747
0.00011944981
9.1017217e-05
7.0747508e-05
6.1005094e-05
5.7214605e-05
5.2990741e-05
4.9766279e-05
4.7472983e-05
4.4707969e-05
4.0765486e-05
3.5576254e-05
2.9403672e-05
2.251781e-05
1.5796093e-05
9.8136787e-06
4.699305e-06
1.2921612e-06
1.6450122e-07
8.3106589e-09
2.021616e-09
0.00021270672
0.00020539558
0.00019075158
0.00017025184
0.00014486439
0.00011597273
8.8380988e-05
6.9856189e-05
6.1196967e-05
5.811007e-05
5.3694969e-05
5.0714058e-05
4.8468201e-05
4.5585276e-05
4.147265e-05
3.6107061e-05
2.9778717e-05
2.2782245e-05
1.5964514e-05
9.9080116e-06
4.7393059e-06
1.3032906e-06
1.6593651e-07
8.3702239e-09
2.0231172e-09
0.00021033426
0.00020295151
0.00018815437
0.00016741899
0.00014172008
0.00011252395
8.5939421e-05
6.9185653e-05
6.1526649e-05
5.9078009e-05
5.4464726e-05
5.1676791e-05
4.9453314e-05
4.6453607e-05
4.2170407e-05
3.6629016e-05
3.0146543e-05
2.3040146e-05
1.6128471e-05
9.9999936e-06
4.7785011e-06
1.3142441e-06
1.6735287e-07
8.4291952e-09
2.0247745e-09
0.00020798311
0.00020052664
0.00018556976
0.00016458765
0.00013858474
0.00010922898
8.3748422e-05
6.8683897e-05
6.1979304e-05
5.9840229e-05
5.5287495e-05
5.2659385e-05
5.0434236e-05
4.7312767e-05
4.2858712e-05
3.7142485e-05
3.0507543e-05
2.3291959e-05
1.6288296e-05
1.0089855e-05
4.8169894e-06
1.3250488e-06
1.6875383e-07
8.4877313e-09
2.0266058e-09
0.00020565304
0.00019812027
0.00018299727
0.00016176414
0.00013549207
0.00010615146
8.1821427e-05
6.8328714e-05
6.2539274e-05
6.0347769e-05
5.6154194e-05
5.3669134e-05
5.1414095e-05
4.8162915e-05
4.3537454e-05
3.7647695e-05
3.0862059e-05
2.3538123e-05
1.6444347e-05
1.0177717e-05
4.8548157e-06
1.3357168e-06
1.7014094e-07
8.5459056e-09
2.028624e-09
0.00020334378
0.0001957319
0.00018043732
0.00015895428
0.00013244993
0.00010329921
8.0159436e-05
6.81122e-05
6.3196362e-05
6.0897328e-05
5.7055008e-05
5.470106e-05
5.2394593e-05
4.9004737e-05
4.4206692e-05
3.8144808e-05
3.1210364e-05
2.3779007e-05
1.6596894e-05
1.0263701e-05
4.8920212e-06
1.3462579e-06
1.7151536e-07
8.6037584e-09
2.0308224e-09
0.00020105491
0.0001933607
0.00017788721
0.00015613828
0.00012931239
0.00010055264
7.8808448e-05
6.8035664e-05
6.3944083e-05
6.1494571e-05
5.7984103e-05
5.5749367e-05
5.3375732e-05
4.9838919e-05
4.486667e-05
3.8633965e-05
3.1552604e-05
2.4014794e-05
1.6746264e-05
1.0347977e-05
4.9286689e-06
1.3566879e-06
1.7287903e-07
8.6613627e-09
2.0331947e-09
0.00019878582
0.00019100522
0.00017534145
0.00015329336
0.0001260353
9.7874464e-05
7.775027e-05
6.8099752e-05
6.4777866e-05
6.2141029e-05
5.8937681e-05
5.6809525e-05
5.4356572e-05
5.066583e-05
4.5517692e-05
3.9115343e-05
3.1888962e-05
2.4245793e-05
1.6892599e-05
1.0430645e-05
4.9648001e-06
1.3670177e-06
1.7423332e-07
8.7187721e-09
2.0357392e-09
0.00019653569
0.00018866364
0.00017279551
0.00015041919
0.00012272786
9.5339101e-05
7.691373e-05
6.8299747e-05
6.5693669e-05
6.2835811e-05
5.9912856e-05
5.7878159e-05
5.5335879e-05
5.1485528e-05
4.6160028e-05
3.9589151e-05
3.2219636e-05
2.4472269e-05
1.7036033e-05
1.0511782e-05
5.0004437e-06
1.3772544e-06
1.7557908e-07
8.776017e-09
2.0384521e-09
0.00019430352
0.00018633427
0.00017024822
0.00014753327
0.00011950284
9.3008773e-05
7.624748e-05
6.8628233e-05
6.6687399e-05
6.3577163e-05
6.0907221e-05
5.8952589e-05
5.6312377e-05
5.2297827e-05
4.679386e-05
4.0055593e-05
3.2544802e-05
2.4694451e-05
1.7176709e-05
1.0591462e-05
5.0356262e-06
1.3874042e-06
1.7691704e-07
8.833122e-09
2.041328e-09
0.00019208832
0.00018401603
0.000167702
0.00014465995
0.00011643038
9.0908518e-05
7.5727534e-05
6.9077643e-05
6.775489e-05
6.4362741e-05
6.1918262e-05
6.002937e-05
5.7284971e-05
5.3103073e-05
4.7419341e-05
4.0514756e-05
3.2864511e-05
2.4912588e-05
1.7314794e-05
1.0669766e-05
5.070377e-06
1.3974741e-06
1.7824799e-07
8.8901143e-09
2.0443621e-09
0.00018988925
0.00018170868
0.00016516197
0.00014182303
0.00011354505
8.9040747e-05
7.5344652e-05
6.9639307e-05
6.888607e-05
6.5202678e-05
6.2943387e-05
6.109829e-05
5.8250563e-05
5.3900458e-05
4.8036436e-05
4.0966724e-05
3.3178917e-05
2.5126763e-05
1.7450373e-05
1.0746752e-05
5.1047159e-06
1.4074684e-06
1.7957247e-07
8.9470086e-09
2.0475468e-09
0.00018770552
0.00017941169
0.00016262612
0.00013898179
0.00011081026
8.7423603e-05
7.509708e-05
7.0303678e-05
6.9923871e-05
6.609255e-05
6.3983664e-05
6.2160809e-05
5.9207393e-05
5.4688912e-05
4.8644981e-05
4.1411574e-05
3.3488125e-05
2.5337066e-05
1.7583517e-05
1.0822463e-05
5.1386582e-06
1.4173912e-06
1.8089097e-07
9.0038264e-09
2.0508827e-09
0.00018553598
0.00017712216
0.0001600764
0.00013602286
0.00010812708
8.6089188e-05
7.4985832e-05
7.1058136e-05
7.0566041e-05
6.7026302e-05
6.5052362e-05
6.3220812e-05
6.0154485e-05
5.5467452e-05
4.9244715e-05
4.1849319e-05
3.3792227e-05
2.5543591e-05
1.7714281e-05
1.0896927e-05
5.1722063e-06
1.4272415e-06
1.8220329e-07
9.0605646e-09
2.0543764e-09
0.00018337899
0.00017483589
0.00015749931
0.00013295506
0.00010550603
8.5003677e-05
7.5008921e-05
7.1895713e-05
7.1233006e-05
6.7993661e-05
6.6145842e-05
6.4280852e-05
6.1091923e-05
5.6235419e-05
4.9835329e-05
4.2279908e-05
3.4091289e-05
2.5746413e-05
1.78427e-05
1.0970147e-05
5.205351e-06
1.4370146e-06
1.8350867e-07
9.1171815e-09
2.0580177e-09
0.0001812326
0.00017254955
0.00015489609
0.00012986643
0.00010301488
8.4111397e-05
7.5160857e-05
7.2811447e-05
7.1932533e-05
6.8988322e-05
6.7258288e-05
6.5341526e-05
6.2020185e-05
5.6992545e-05
5.0416591e-05
4.270332e-05
3.4385305e-05
2.5945557e-05
1.7968787e-05
1.1042122e-05
5.2380847e-06
1.4467068e-06
1.8480654e-07
9.1736422e-09
2.0617923e-09
0.00017909503
0.0001702619
0.00015227888
0.0001268393
0.00010070313
8.3374553e-05
7.5434812e-05
7.3801338e-05
7.2669109e-05
7.0006386e-05
6.8384793e-05
6.6402145e-05
6.2939615e-05
5.7738837e-05
5.0988397e-05
4.311953e-05
3.4674264e-05
2.614104e-05
1.8092552e-05
1.1112852e-05
5.2704007e-06
1.4563147e-06
1.8609636e-07
9.2299161e-09
2.0656925e-09
0.00017696502
0.000167974
0.00014966464
0.00012392802
9.859232e-05
8.2774406e-05
7.5824169e-05
7.4861837e-05
7.3444729e-05
7.1045166e-05
6.9521568e-05
6.7461487e-05
6.3850298e-05
5.8474417e-05
5.1550746e-05
4.3528526e-05
3.4958169e-05
2.6332887e-05
1.821401e-05
1.1182342e-05
5.3022937e-06
1.465835e-06
1.8737756e-07
9.2859724e-09
2.0697093e-09
0.00017484207
0.00016568887
0.00014707074
0.00012116284
9.6686548e-05
8.2303329e-05
7.6323084e-05
7.5989605e-05
7.4259861e-05
7.2102581e-05
7.0665642e-05
6.8518218e-05
6.4752094e-05
5.9199396e-05
5.2103688e-05
4.393034e-05
3.5237042e-05
2.6521134e-05
1.8333187e-05
1.1250601e-05
5.3337621e-06
1.4752657e-06
1.8864977e-07
9.3417856e-09
2.073833e-09
0.0001727259
0.00016340734
0.00014448626
0.0001185332
9.4993568e-05
8.1959521e-05
7.6926554e-05
7.7181391e-05
7.5114238e-05
7.3176851e-05
7.1814511e-05
6.957103e-05
6.5644729e-05
5.9913852e-05
5.264732e-05
4.4325036e-05
3.5510909e-05
2.6705824e-05
1.8450112e-05
1.1317645e-05
5.3648072e-06
1.4846056e-06
1.8991271e-07
9.3973363e-09
2.0780549e-09
0.00017061438
0.00016111835
0.00014182174
0.00011595088
9.3546171e-05
8.1745141e-05
7.7630381e-05
7.8433987e-05
7.6006924e-05
7.4266538e-05
7.2966155e-05
7.0618761e-05
6.6527861e-05
6.0617823e-05
5.3181753e-05
4.4712683e-05
3.5779807e-05
2.6887002e-05
1.856482e-05
1.1383491e-05
5.3954322e-06
1.4938542e-06
1.9116619e-07
9.4526082e-09
2.0823661e-09
0.00016850372
0.00015880973
0.00013905544
0.00011340161
9.2331531e-05
8.1661367e-05
7.8430059e-05
7.9741585e-05
7.694308e-05
7.5369395e-05
7.4114246e-05
7.1659494e-05
6.7401168e-05
6.1311383e-05
5.3707081e-05
4.5093356e-05
3.6043785e-05
2.7064721e-05
1.867735e-05
1.1448164e-05
5.4256444e-06
1.5030124e-06
1.9241025e-07
9.5075935e-09
2.0867567e-09
0.00016639007
0.00015647731
0.00013623592
0.00011093473
9.1309386e-05
8.1705891e-05
7.9317599e-05
8.0883633e-05
7.7927181e-05
7.648903e-05
7.525467e-05
7.2690986e-05
6.8264239e-05
6.1994639e-05
5.4223388e-05
4.546714e-05
3.6302909e-05
2.7239051e-05
1.8787759e-05
1.1511698e-05
5.4554568e-06
1.5120832e-06
1.9364524e-07
9.5623056e-09
2.0912254e-09
0.00016427096
0.00015412531
0.00013342693
0.00010860137
9.0444927e-05
8.1873158e-05
8.0282e-05
8.1668515e-05
7.8952969e-05
7.7637079e-05
7.6391745e-05
7.3712171e-05
6.9116371e-05
6.2667526e-05
5.4730866e-05
4.5834157e-05
3.6557261e-05
2.7410069e-05
1.8896101e-05
1.1574124e-05
5.4848773e-06
1.5210677e-06
1.9487121e-07
9.6167469e-09
2.0957746e-09
0.00016214586
0.00015176332
0.00013067958
0.00010643202
8.9717207e-05
8.2156744e-05
8.131738e-05
8.2469202e-05
8.0010771e-05
7.8810068e-05
7.7528352e-05
7.4723156e-05
6.9957033e-05
6.332993e-05
5.5229641e-05
4.6194526e-05
3.6806921e-05
2.757784e-05
1.9002418e-05
1.1635461e-05
5.5139086e-06
1.5299652e-06
1.9608796e-07
9.6709003e-09
2.1003952e-09
0.00016001624
0.00014940322
0.00012802817
0.00010443946
8.9115683e-05
8.2550532e-05
8.2419373e-05
8.3294011e-05
8.1094538e-05
8.0002505e-05
7.8665446e-05
7.5724516e-05
7.0786034e-05
6.3981747e-05
5.5719786e-05
4.6548356e-05
3.7051967e-05
2.7742426e-05
1.9106749e-05
1.1695729e-05
5.5425575e-06
1.5387769e-06
1.9729556e-07
9.7247605e-09
2.1050775e-09
0.00015788516
0.00014705715
0.00012549328
0.00010262586
8.8635661e-05
8.3049098e-05
8.3584543e-05
8.4148328e-05
8.2200563e-05
8.1209668e-05
7.9802682e-05
7.6716823e-05
7.1603569e-05
6.4622805e-05
5.6201318e-05
4.6895737e-05
3.7292481e-05
2.7903895e-05
1.9209139e-05
1.1754954e-05
5.5708325e-06
1.5475042e-06
1.9849415e-07
9.7783283e-09
2.1098173e-09
0.00015575625
0.00014473299
0.00012308213
0.00010098965
8.8275307e-05
8.3647747e-05
8.4809997e-05
8.5035129e-05
8.3326365e-05
8.242786e-05
8.0939108e-05
7.7700336e-05
7.240977e-05
6.525324e-05
5.6674309e-05
4.7236757e-05
3.7528546e-05
2.8062319e-05
1.9309637e-05
1.1813164e-05
5.598742e-06
1.5561487e-06
1.9968385e-07
9.8316036e-09
2.1146097e-09
0.00015362059
0.00014235908
0.00012070938
9.9562402e-05
8.8035666e-05
8.4342512e-05
8.6093161e-05
8.5955798e-05
8.4470074e-05
8.3654156e-05
8.2073564e-05
7.8675057e-05
7.3204815e-05
6.5873251e-05
5.7138877e-05
4.7571515e-05
3.7760248e-05
2.8217774e-05
1.9408296e-05
1.1870387e-05
5.6262957e-06
1.5647123e-06
2.0086482e-07
9.8845886e-09
2.1194502e-09
0.00015146718
0.00013991507
0.00011836025
9.8337481e-05
8.7917462e-05
8.5129933e-05
8.7431624e-05
8.6910769e-05
8.5630149e-05
8.4886143e-05
8.3204876e-05
7.9640837e-05
7.3988886e-05
6.6483042e-05
5.7595167e-05
4.7900121e-05
3.7987677e-05
2.8370339e-05
1.9505171e-05
1.1926655e-05
5.6535041e-06
1.5731969e-06
2.0203728e-07
9.9372877e-09
2.1243347e-09
0.00014929025
0.00013742368
0.00011606753
9.7289101e-05
8.7919916e-05
8.6006831e-05
8.8823033e-05
8.7900027e-05
8.68052e-05
8.6121695e-05
8.433194e-05
8.0597519e-05
7.4762069e-05
6.7082798e-05
5.8043339e-05
4.8222699e-05
3.8210931e-05
2.8520095e-05
1.9600317e-05
1.1981999e-05
5.6803785e-06
1.5816052e-06
2.0320147e-07
9.9897075e-09
2.1292595e-09
0.00014709095
0.0001349244
0.00011387329
9.6391518e-05
8.8040946e-05
8.697015e-05
9.0265019e-05
8.892301e-05
8.7994125e-05
8.7359089e-05
8.5453836e-05
8.1544981e-05
7.5524324e-05
6.7672664e-05
5.8483557e-05
4.8539382e-05
3.843011e-05
2.8667124e-05
1.9693791e-05
1.2036451e-05
5.70693e-06
1.5899395e-06
2.0435766e-07
1.0041854e-08
2.1342208e-09
0.00014487585
0.0001324545
0.00011180804
9.5627099e-05
8.8277673e-05
8.8016332e-05
9.1753169e-05
8.9984717e-05
8.9194857e-05
8.8592592e-05
8.6568852e-05
8.2482831e-05
7.6275931e-05
6.8252854e-05
5.8915992e-05
4.8850308e-05
3.864532e-05
2.881151e-05
1.9785651e-05
1.2090045e-05
5.7331721e-06
1.5982032e-06
2.0550624e-07
1.009374e-08
2.1392143e-09
0.00014265478
0.00013004308
0.00010988875
9.4985796e-05
8.8626213e-05
8.913795e-05
9.3046851e-05
9.1090758e-05
9.0412051e-05
8.9818e-05
8.7674749e-05
8.3410657e-05
7.7017101e-05
6.8823597e-05
5.9340824e-05
4.9155621e-05
3.8856677e-05
2.8953347e-05
1.9875963e-05
1.2142821e-05
5.7591215e-06
1.6064008e-06
2.066478e-07
1.0145391e-08
2.1442422e-09
0.000140439
0.00012771085
0.00010812262
9.4462418e-05
8.9081511e-05
9.0325248e-05
9.4001886e-05
9.2235761e-05
9.1656677e-05
9.1039556e-05
8.877041e-05
8.4327799e-05
7.7747917e-05
6.938513e-05
5.9758247e-05
4.9455471e-05
3.9064296e-05
2.9092726e-05
1.9964791e-05
1.2194815e-05
5.78479e-06
1.614535e-06
2.0778263e-07
1.0196821e-08
2.1493083e-09
0.00013823996
0.00012547175
0.00010651088
9.405436e-05
8.9638596e-05
9.15735e-05
9.4966804e-05
9.341105e-05
9.2925807e-05
9.2260362e-05
8.9856158e-05
8.5233475e-05
7.8468267e-05
6.9937649e-05
6.0168466e-05
4.9750009e-05
3.9268286e-05
2.9229726e-05
2.0052182e-05
1.224605e-05
5.8101847e-06
1.6226071e-06
2.0891086e-07
1.0248032e-08
2.1544083e-09
0.00013606862
0.00012333465
0.00010505156
9.3760219e-05
9.0292899e-05
9.2879148e-05
9.5949634e-05
9.4611032e-05
9.4214508e-05
9.3481706e-05
9.0932548e-05
8.6127494e-05
7.9178043e-05
7.0481288e-05
6.057167e-05
5.0039388e-05
3.9468747e-05
2.9364418e-05
2.0138181e-05
1.229655e-05
5.8353153e-06
1.6306195e-06
2.1003277e-07
1.0299031e-08
2.1595373e-09
0.00013393499
0.00012130494
0.00010374113
9.3579031e-05
9.1040317e-05
9.423938e-05
9.6955979e-05
9.5832278e-05
9.5518409e-05
9.4703497e-05
9.2e-05
8.7010058e-05
7.987725e-05
7.101615e-05
6.0968022e-05
5.0323749e-05
3.9665785e-05
2.9496874e-05
2.0222833e-05
1.2346341e-05
5.8601915e-06
1.6385747e-06
2.1114865e-07
1.0349827e-08
2.1646945e-09
0.00013184796
0.0001193854
0.00010257549
9.3509886e-05
9.1877182e-05
9.5651847e-05
9.7989342e-05
9.7072521e-05
9.6833994e-05
9.5924982e-05
9.3058833e-05
8.7881443e-05
8.056599e-05
7.1542346e-05
6.1357668e-05
5.060323e-05
3.9859499e-05
2.9627164e-05
2.0306184e-05
1.2395448e-05
5.8848225e-06
1.6464747e-06
2.1225875e-07
1.0400431e-08
2.1698783e-09
0.00012978437
0.00011753466
0.00010156434
9.3552305e-05
9.2800213e-05
9.711447e-05
9.9051767e-05
9.8330096e-05
9.8158434e-05
9.7145195e-05
9.4109148e-05
8.8741935e-05
8.1244439e-05
7.2060013e-05
6.1740751e-05
5.087796e-05
4.0049989e-05
2.975536e-05
2.0388279e-05
1.2443894e-05
5.9092169e-06
1.6543217e-06
2.133633e-07
1.0450849e-08
2.1750874e-09
0.0001277231
0.00011572366
0.00010071092
9.3705783e-05
9.3806439e-05
9.8625314e-05
0.0001001444
9.9603676e-05
9.948957e-05
9.8363587e-05
9.5150435e-05
8.9591634e-05
8.1912798e-05
7.2569319e-05
6.2117418e-05
5.1148066e-05
4.0237351e-05
2.9881531e-05
2.0469161e-05
1.2491706e-05
5.9333834e-06
1.6621177e-06
2.1446255e-07
1.050109e-08
2.1803203e-09
0.00012567996
0.00011397968
0.00010000008
9.3969016e-05
9.4893085e-05
0.00010018249
0.00010126784
0.00010089214
0.00010082537
9.9578799e-05
9.6182877e-05
9.0430752e-05
8.2571241e-05
7.3070409e-05
6.2487782e-05
5.1413649e-05
4.042167e-05
3.0005741e-05
2.0548873e-05
1.2538904e-05
5.9573301e-06
1.6698647e-06
2.1555671e-07
1.0551162e-08
2.1855763e-09
0.00012367528
0.00011232806
9.9419288e-05
9.4340152e-05
9.6057504e-05
0.00010178411
0.00010242242
0.00010219446
0.00010216393
0.00010078968
9.7206448e-05
9.1259506e-05
8.3219915e-05
7.3563347e-05
6.2851865e-05
5.1674751e-05
4.0603e-05
3.0128039e-05
2.0627448e-05
1.2585507e-05
5.9810636e-06
1.6775641e-06
2.1664595e-07
1.060107e-08
2.1908539e-09
0.0001217288
0.0001107871
9.8959827e-05
9.4817035e-05
9.7297103e-05
0.0001034282
0.00010360822
0.00010350961
0.00010350361
0.00010199529
9.8220982e-05
9.2078054e-05
8.385903e-05
7.4048242e-05
6.3209736e-05
5.1931429e-05
4.078139e-05
3.0248468e-05
2.0704914e-05
1.2631532e-05
6.0045883e-06
1.6852168e-06
2.1773037e-07
1.0650817e-08
2.1961524e-09
0.0001198576
0.00010936815
9.8616155e-05
9.5397184e-05
9.8608546e-05
0.00010510974
0.00010483534
0.00010483714
0.00010483582
0.00010319289
9.9226243e-05
9.2886607e-05
8.4488797e-05
7.4525262e-05
6.3561529e-05
5.2183773e-05
4.09569e-05
3.0367067e-05
2.0781297e-05
1.267699e-05
6.0279076e-06
1.6928234e-06
2.1880998e-07
1.0700403e-08
2.2014699e-09
0.00011807552
0.00010807728
9.8384934e-05
9.6077958e-05
9.998831e-05
0.00010682472
0.00010610127
0.00010617418
0.00010616106
0.00010438106
0.00010022185
9.3685333e-05
8.5109443e-05
7.499461e-05
6.3907405e-05
5.2431895e-05
4.1129602e-05
3.0483885e-05
2.0856627e-05
1.2721898e-05
6.0510281e-06
1.7003855e-06
2.1988501e-07
1.0749834e-08
2.2068049e-09
0.00011639328
0.00010691715
9.8264081e-05
9.6855611e-05
0.00010142745
0.00010817356
0.00010740486
0.00010753234
0.00010748139
0.00010555907
0.00010120729
9.4474274e-05
8.5721179e-05
7.5456499e-05
6.4247538e-05
5.2675922e-05
4.1299581e-05
3.0598979e-05
2.093094e-05
1.2766277e-05
6.0739574e-06
1.707905e-06
2.209557e-07
1.0799125e-08
2.2121613e-09
0.00011481894
0.00010588822
9.8252101e-05
9.7725982e-05
0.00010292004
0.00010937677
0.00010874036
0.00010891602
0.00010879974
0.00010672674
0.00010218204
9.525338e-05
8.6324201e-05
7.5911154e-05
6.4582114e-05
5.2915986e-05
4.1466925e-05
3.0712407e-05
2.100427e-05
1.2810142e-05
6.0966996e-06
1.7153825e-06
2.2202207e-07
1.0848275e-08
2.2175397e-09
0.00011335827
0.00010498969
9.8347714e-05
9.8685121e-05
0.00010446294
0.00011058945
0.0001101017
0.00011032176
0.00011011809
0.00010788458
0.00010314581
9.6022558e-05
8.6918668e-05
7.6358801e-05
6.4911321e-05
5.3152218e-05
4.1631718e-05
3.0824218e-05
2.1076644e-05
1.2853507e-05
6.1192595e-06
1.7228191e-06
2.2308426e-07
1.0897287e-08
2.2229362e-09
0.00011201527
0.00010422009
9.8549686e-05
9.972939e-05
0.00010605369
0.00011181832
0.00011148532
0.00011174625
0.00011143617
0.00010903303
0.00010409852
9.6781741e-05
8.7504695e-05
7.6799633e-05
6.5235336e-05
5.3384748e-05
4.1794042e-05
3.0934465e-05
2.1148093e-05
1.2896388e-05
6.141644e-06
1.7302167e-06
2.2414249e-07
1.0946169e-08
2.2283493e-09
0.00011079256
0.0001035776
9.8856738e-05
0.00010085547
0.00010769024
0.0001130684
0.00011288893
0.00011318523
0.00011275413
0.00011017263
0.00010504031
9.7530926e-05
8.8082378e-05
7.7233822e-05
6.5554325e-05
5.3613698e-05
4.195398e-05
3.10432e-05
2.1218648e-05
1.2938802e-05
6.1638604e-06
1.7375772e-06
2.25197e-07
1.099493e-08
2.2337788e-09
0.00010969167
0.0001030603
9.9267522e-05
0.00010206031
0.00010937081
0.00011434315
0.00011431087
0.00011463531
0.00011407149
0.0001113038
0.00010597141
9.8270191e-05
8.8651823e-05
7.7661524e-05
6.5868444e-05
5.3839191e-05
4.2111613e-05
3.1150477e-05
2.1288343e-05
1.2980769e-05
6.1859158e-06
1.7449024e-06
2.2624801e-07
1.1043578e-08
2.2392241e-09
0.00010871341
0.00010266628
9.9780605e-05
0.0001033411
0.00011109375
0.00011564495
0.00011574986
0.00011609377
0.00011538747
0.00011242678
0.00010689207
9.8999677e-05
8.9213152e-05
7.8082883e-05
6.6177836e-05
5.406134e-05
4.2267021e-05
3.1256347e-05
2.135721e-05
1.3022306e-05
6.2078172e-06
1.7521941e-06
2.2729576e-07
1.1092123e-08
2.244685e-09
0.000107858
0.00010239371
0.00010039448
0.00010469524
0.00011285745
0.00011697564
0.00011720555
0.00011755776
0.00011670103
0.00011354164
0.00010780258
9.971957e-05
8.9766512e-05
7.8498045e-05
6.6482635e-05
5.4280255e-05
4.2420281e-05
3.1360863e-05
2.142528e-05
1.3063429e-05
6.2295711e-06
1.7594541e-06
2.2834046e-07
1.1140573e-08
2.2501613e-09
0.00010712532
0.00010224086
0.00010110754
0.00010612023
0.0001146603
0.00011833668
0.00011867734
0.00011902505
0.00011801108
0.00011464834
0.00010870317
0.00010043008
9.0312062e-05
7.8907153e-05
6.6782971e-05
5.4496039e-05
4.257147e-05
3.1464076e-05
2.1492586e-05
1.3104157e-05
6.251184e-06
1.7666841e-06
2.2938231e-07
1.1188936e-08
2.2556529e-09
0.00010651498
0.00010220611
0.00010191814
0.00010761364
0.00011650047
0.00011972953
0.00012016398
0.00012049397
0.00011931665
0.00011574668
0.00010959402
0.00010113142
9.0849977e-05
7.9310352e-05
6.7078969e-05
5.4708792e-05
4.2720657e-05
3.1566032e-05
2.1559155e-05
1.3144503e-05
6.2726618e-06
1.7738855e-06
2.3042153e-07
1.1237221e-08
2.2611599e-09
0.00010602645
0.00010228794
0.00010282441
0.00010917252
0.00011837372
0.00012116492
0.00012166468
0.00012195593
0.00012061547
0.00011683653
0.00011047533
0.00010182381
9.1380432e-05
7.9707787e-05
6.7370748e-05
5.4918608e-05
4.286791e-05
3.1666777e-05
2.1625015e-05
1.3184484e-05
6.2940103e-06
1.78106e-06
2.3145829e-07
1.1285436e-08
2.2666823e-09
0.00010565912
0.00010248486
0.0001038243
0.00011079379
0.00012027684
0.00012264001
0.00012317787
0.00012341236
0.00012190641
0.00011791758
0.0001113473
0.00010250748
9.1903606e-05
8.0099601e-05
6.7658424e-05
5.5125577e-05
4.3013295e-05
3.1766355e-05
2.1690194e-05
1.3224114e-05
6.3152351e-06
1.788209e-06
2.3249279e-07
1.1333587e-08
2.2722201e-09
0.00010541232
0.00010279543
0.00010491563
0.00011247451
0.0001222074
0.00012415329
0.00012470197
0.00012486378
0.00012318881
0.00011898946
0.00011221002
0.00010318263
9.2419681e-05
8.0485926e-05
6.7942096e-05
5.5329777e-05
4.3156864e-05
3.1864724e-05
2.1754709e-05
1.3263401e-05
6.3363388e-06
1.7953332e-06
2.3352511e-07
1.1381679e-08
2.2777741e-09
0.00010528537
0.00010321821
0.0001060961
0.00011421184
0.00012416344
0.00012570203
0.00012623703
0.00012631054
0.0001244623
0.00012005186
0.00011306353
0.00010384946
9.2928837e-05
8.0866922e-05
6.8221937e-05
5.5531377e-05
4.3298579e-05
3.1961084e-05
2.1818492e-05
1.3302343e-05
6.3573121e-06
1.8024293e-06
2.3455482e-07
1.1429694e-08
2.2833437e-09
0.00010527757
0.00010375174
0.00010736338
0.00011600318
0.00012614329
0.00012728415
0.00012778287
0.00012775289
0.00012572664
0.00012110454
0.00011390783
0.00010450812
9.3431259e-05
8.124275e-05
6.8498045e-05
5.5730372e-05
4.3438485e-05
3.2056254e-05
2.1881579e-05
1.3340935e-05
6.3781562e-06
1.8094973e-06
2.3558182e-07
1.1477626e-08
2.2889275e-09
0.00010538821
0.00010439458
0.0001087151
0.0001178461
0.0001281457
0.00012889704
0.00012933925
0.00012919109
0.0001269817
0.00012214729
0.00011474291
0.00010515876
9.3927118e-05
8.1613544e-05
6.8770484e-05
5.5926787e-05
4.3576648e-05
3.2150328e-05
2.1944008e-05
1.3379187e-05
6.3988783e-06
1.816539e-06
2.3660638e-07
1.1525485e-08
2.294524e-09
0.00010561658
0.00010514526
0.0001101489
0.00011973836
0.00013016933
0.00013053885
0.00013090505
0.00013062513
0.00012822747
0.00012318003
0.0001155688
0.00010580149
9.4416565e-05
8.1979416e-05
6.9039319e-05
5.6120672e-05
4.3713129e-05
3.2243363e-05
2.2005816e-05
1.3417118e-05
6.4194868e-06
1.8235572e-06
2.3762886e-07
1.1573285e-08
2.3001329e-09
0.00010596195
0.00010600222
0.000111662
0.0001216755
0.00013205617
0.00013220978
0.0001324841
0.00013205543
0.00012946378
0.00012420265
0.00011638547
0.00010643641
9.4899726e-05
8.2340468e-05
6.9304624e-05
5.6312092e-05
4.3847988e-05
3.2335406e-05
2.2067034e-05
1.3454745e-05
6.4399892e-06
1.8305542e-06
2.386496e-07
1.1621041e-08
2.3057562e-09
0.00010642354
0.00010696376
0.00011325115
0.00012365269
0.00013377451
0.0001339082
0.00013408199
0.00013348355
0.00013069054
0.00012521495
0.00011719294
0.00010706361
9.5376709e-05
8.2696797e-05
6.9566479e-05
5.6501113e-05
4.3981276e-05
3.2426492e-05
2.2127686e-05
1.349208e-05
6.4603896e-06
1.837531e-06
2.3966872e-07
1.1668763e-08
2.311396e-09
0.00010700048
0.00010802806
0.00011491338
0.00012566856
0.00013550945
0.00013563041
0.00013569662
0.0001349107
0.00013190804
0.00012621685
0.00011799118
0.00010768318
9.5847631e-05
8.3048505e-05
6.9824964e-05
5.6687796e-05
4.4113037e-05
3.2516649e-05
2.2187788e-05
1.3529132e-05
6.4806899e-06
1.844488e-06
2.4068628e-07
1.1716449e-08
2.3170518e-09
0.00010769182
0.00010919319
0.00011664585
0.00012772117
0.00013726684
0.000137374
0.00013732471
0.00013633725
0.00013311678
0.0001272084
0.00011878019
0.00010829518
9.6312594e-05
8.3395691e-05
7.0080159e-05
5.68722e-05
4.4243312e-05
3.2605902e-05
2.2247354e-05
1.3565905e-05
6.500892e-06
1.8514257e-06
2.4170232e-07
1.1764102e-08
2.3227229e-09
0.00010849649
0.00011045714
0.0001184457
0.00012980806
0.00013905484
0.00013913783
0.00013896106
0.00013776251
0.00013431717
0.00012818975
0.00011955999
0.00010889967
9.6771687e-05
8.3738444e-05
7.0332138e-05
5.7054379e-05
4.4372135e-05
3.269427e-05
2.2306394e-05
1.3602406e-05
6.5209977e-06
1.8583445e-06
2.4271689e-07
1.1811725e-08
2.3284095e-09
0.00010941334
0.00011181778
0.00012031028
0.00013192544
0.0001408835
0.00014092138
0.00014059881
0.00013918472
0.00013550949
0.0001291612
0.00012033067
0.0001094967
9.7224987e-05
8.4076849e-05
7.0580973e-05
5.7234387e-05
4.449954e-05
3.2781773e-05
2.236492e-05
1.3638639e-05
6.5410083e-06
1.8652446e-06
2.4373003e-07
1.1859318e-08
2.3341116e-09
0.00011044106
0.00011327291
0.00012223677
0.00013407031
0.00014275255
0.00014272368
0.00014223821
0.00014060276
0.00013669376
0.00013012303
0.00012109237
0.00011008634
9.7672563e-05
8.4410983e-05
7.0826731e-05
5.7412271e-05
4.4625559e-05
3.2868428e-05
2.2422941e-05
1.367461e-05
6.5609253e-06
1.8721262e-06
2.4474174e-07
1.1906881e-08
2.3398292e-09
0.00011157824
0.00011482021
0.00012422195
0.00013624041
0.00014466173
0.00014454429
0.00014387921
0.00014201583
0.00013786981
0.00013107545
0.00012184527
0.00011066869
9.811449e-05
8.4740914e-05
7.1069472e-05
5.7588076e-05
4.4750221e-05
3.2954253e-05
2.2480468e-05
1.3710323e-05
6.5807498e-06
1.8789896e-06
2.4575206e-07
1.1954417e-08
2.3455621e-09
0.00011282339
0.00011645758
0.00012626266
0.00013843374
0.0001466108
0.00014638301
0.00014552168
0.00014342337
0.00013903741
0.00013201859
0.00012258954
0.00011124386
9.8550844e-05
8.5066708e-05
7.130925e-05
5.7761844e-05
4.4873551e-05
3.3039262e-05
2.2537508e-05
1.3745781e-05
6.6004829e-06
1.8858349e-06
2.4676099e-07
1.2001925e-08
2.3513103e-09
0.00011417494
0.0001181828
0.00012835598
0.00014064849
0.00014859958
0.00014823974
0.00014716548
0.00014482492
0.00014019634
0.00013295249
0.00012332532
0.00011181196
9.8981704e-05
8.5388427e-05
7.1546118e-05
5.7933613e-05
4.4995576e-05
3.312347e-05
2.259407e-05
1.3780989e-05
6.6201255e-06
1.8926623e-06
2.4776855e-07
1.2049405e-08
2.3570736e-09
0.0001156312
0.00011999325
0.00013049925
0.00014288293
0.0001506279
0.00015011438
0.00014881049
0.00014622015
0.00014134637
0.00013387719
0.00012405273
0.00011237311
9.9407152e-05
8.5706132e-05
7.1780121e-05
5.8103416e-05
4.5116317e-05
3.3206889e-05
2.2650159e-05
1.3815949e-05
6.6396784e-06
1.8994719e-06
2.4877474e-07
1.2096857e-08
2.3628518e-09
0.00011719039
0.00012188638
0.00013268992
0.0001451354
0.00015269563
0.00015200684
0.00015045656
0.00014760879
0.00014248734
0.00013479267
0.00012477186
0.00011292741
9.982727e-05
8.601988e-05
7.2011301e-05
5.8271283e-05
4.5235793e-05
3.3289529e-05
2.2705784e-05
1.3850665e-05
6.6591422e-06
1.9062636e-06
2.4977956e-07
1.2144282e-08
2.3686448e-09
0.0001188504
0.00012385966
0.00013492547
0.00014740416
0.00015480267
0.00015391702
0.00015210358
0.00014899062
0.00014361909
0.00013569892
0.0001254828
0.00011347495
0.00010024213
8.6329729e-05
7.2239698e-05
5.8437241e-05
4.5354021e-05
3.3371401e-05
2.2760947e-05
1.3885137e-05
6.6785172e-06
1.9130375e-06
2.5078299e-07
1.2191678e-08
2.3744525e-09
0.00012060905
0.00012591056
0.00013720342
0.00014968737
0.00015694891
0.00015584481
0.00015375142
0.00015036547
0.00014474148
0.00013659593
0.00012618561
0.00011401583
0.00010065182
8.663573e-05
7.2465349e-05
5.8601315e-05
4.5471016e-05
3.3452511e-05
2.2815654e-05
1.3919369e-05
6.6978034e-06
1.9197935e-06
2.5178502e-07
1.2239044e-08
2.3802746e-09
0.00012246405
0.00012803658
0.00013952127
0.00015198306
0.00015913423
0.0001577901
0.00015539998
0.00015173316
0.00014585441
0.00013748368
0.00012688033
0.0001145501
0.00010105638
8.6937933e-05
7.2688287e-05
5.8763526e-05
4.558679e-05
3.3532867e-05
2.2869908e-05
1.3953361e-05
6.7170008e-06
1.9265313e-06
2.527856e-07
1.2286379e-08
2.3861109e-09
0.00012441294
0.00013023495
0.00014187554
0.00015428442
0.00016135914
0.00015974939
0.00015704856
0.00015309358
0.0001469578
0.00013836214
0.00012756701
0.00011507784
0.0001014559
8.7236384e-05
7.2908544e-05
5.8923893e-05
4.5701355e-05
3.3612473e-05
2.292371e-05
1.3987114e-05
6.7361091e-06
1.9332508e-06
2.537847e-07
1.2333681e-08
2.3919611e-09
0.00012645309
0.00013250258
0.00014426198
0.00015658454
0.00016362357
0.00016172072
0.00015869635
0.00015444661
0.00014805161
0.00013923133
0.00012824568
0.00011559911
0.00010185041
8.7531124e-05
7.3126147e-05
5.9082434e-05
4.5814719e-05
3.3691334e-05
2.2977064e-05
1.4020629e-05
6.7551276e-06
1.9399515e-06
2.5478226e-07
1.2380947e-08
2.3978251e-09
0.00012858165
0.00013483621
0.00014667672
0.00015888159
0.00016592671
0.00016370647
0.00016034315
0.00015579202
0.00014913582
0.00014009124
0.00012891638
0.00011611394
0.00010223996
8.782219e-05
7.3341121e-05
5.9239163e-05
4.5926891e-05
3.3769452e-05
2.3029969e-05
1.4053904e-05
6.7740556e-06
1.9466331e-06
2.5577823e-07
1.2428174e-08
2.4037026e-09
0.00013079555
0.00013723247
0.00014911625
0.00016117415
0.00016826724
0.000165708
0.00016198933
0.00015712973
0.00015021036
0.00014094189
0.00012957914
0.00011662239
0.00010262461
8.8109615e-05
7.3553489e-05
5.9394093e-05
4.6037875e-05
3.3846829e-05
2.3082426e-05
1.4086938e-05
6.7928916e-06
1.9532951e-06
2.5677249e-07
1.2475358e-08
2.4095929e-09
0.00013309152
0.00013968796
0.00015157739
0.000163461
0.00017064612
0.00016772643
0.00016363442
0.00015845946
0.00015127521
0.00014178332
0.00013023402
0.0001171245
0.00010300438
8.839343e-05
7.376327e-05
5.9547234e-05
4.6147675e-05
3.3923465e-05
2.3134433e-05
1.4119732e-05
6.8116351e-06
1.959937e-06
2.5776502e-07
1.2522496e-08
2.4154951e-09
0.00013546607
0.00014219913
0.00015405662
0.0001657384
0.00017285959
0.00016976335
0.00016528514
0.00015978181
0.00015233008
0.00014261545
0.00013088103
0.00011762032
0.00010337932
8.8673661e-05
7.3970482e-05
5.9698599e-05
4.62563e-05
3.3999364e-05
2.3185994e-05
1.4152286e-05
6.8302869e-06
1.9665592e-06
2.5875585e-07
1.2569591e-08
2.4214105e-09
0.00013791544
0.00014476219
0.00015654973
0.00016800102
0.00017476275
0.0001718171
0.0001669549
0.00016110031
0.00015337474
0.00014343793
0.0001315201
0.00011810985
0.00010374944
8.8950327e-05
7.4175139e-05
5.9848197e-05
4.6363755e-05
3.407453e-05
2.323711e-05
1.4184602e-05
6.8488456e-06
1.973161e-06
2.5974487e-07
1.261664e-08
2.4273414e-09
0.00014042777
0.0001473583
0.00015905715
0.00017024726
0.00017664282
0.00017388337
0.00016864229
0.00016241789
0.00015440986
0.00014425053
0.0001321511
0.00011859311
0.00010411478
8.9223452e-05
7.4377256e-05
5.9996034e-05
4.6470041e-05
3.4148959e-05
2.3287777e-05
1.4216674e-05
6.8673079e-06
1.9797411e-06
2.6073189e-07
1.2663635e-08
2.4332861e-09
0.00014299583
0.00014998252
0.00016157561
0.00017247587
0.00017850131
0.00017595947
0.00017034384
0.00016373591
0.00015543646
0.00014505328
0.00013277391
0.00011907005
0.00010447537
8.9493058e-05
7.4576842e-05
6.0142113e-05
4.6575155e-05
3.4222647e-05
2.333799e-05
1.4248498e-05
6.8856717e-06
1.9862989e-06
2.6171681e-07
1.2710568e-08
2.4392425e-09
0.00014561371
0.00015263234
0.00016410129
0.00017468572
0.00018033904
0.00017804416
0.0001720567
0.00016505455
0.00015645538
0.00014584642
0.00013338841
0.00011954061
0.00010483118
8.9759152e-05
7.4773901e-05
6.028643e-05
4.6679091e-05
3.4295587e-05
2.3387743e-05
1.4280071e-05
6.9039354e-06
1.9928336e-06
2.6269954e-07
1.2757436e-08
2.4452103e-09
0.00014827577
0.00015530424
0.00016662506
0.0001768668
0.00018216094
0.00018013654
0.00017377864
0.00016637344
0.00015746718
0.00014663023
0.00013399462
0.00012000472
0.00010518219
9.0021732e-05
7.4968436e-05
6.0428985e-05
4.6781844e-05
3.4367772e-05
2.3437032e-05
1.431139e-05
6.922097e-06
1.9993444e-06
2.6367993e-07
1.2804232e-08
2.4511889e-09
0.00015097653
0.00015799427
0.00016914154
0.000179018
0.00018396698
0.00018223614
0.00017550801
0.00016769203
0.00015847218
0.00014740501
0.00013459257
0.00012046233
0.00010552837
9.0280783e-05
7.5160439e-05
6.0569769e-05
4.6883406e-05
3.4439196e-05
2.3485852e-05
1.4342452e-05
6.9401543e-06
2.0058306e-06
2.6465788e-07
1.2850951e-08
2.4571771e-09
0.00015371063
0.00016069843
0.00017164781
0.00018114127
0.00018575536
0.0001843434
0.00017724404
0.00016900964
0.00015947036
0.00014817093
0.00013518233
0.00012091342
0.00010586967
9.0536282e-05
7.5349898e-05
6.0708773e-05
4.6983769e-05
3.4509852e-05
2.3534198e-05
1.4373253e-05
6.9581047e-06
2.0122912e-06
2.6563321e-07
1.2897585e-08
2.463175e-09
0.00015647283
0.00016341278
0.00017414149
0.00018323783
0.0001875247
0.00018645565
0.00017898491
0.00017032644
0.00016046231
0.00014892836
0.00013576402
0.00012135798
0.00010620607
9.0788209e-05
7.5536799e-05
6.0845987e-05
4.7082921e-05
3.4579728e-05
2.3582061e-05
1.4403787e-05
6.9759446e-06
2.0187247e-06
2.6660572e-07
1.2944123e-08
2.4691795e-09
0.00015925803
0.00016613349
0.00017662053
0.00018530839
0.00018927356
0.00018854755
0.00018073226
0.0001716392
0.00016144628
0.00014967717
0.0001363378
0.00012179607
0.00010653754
9.1036535e-05
7.5721122e-05
6.0981397e-05
4.7180854e-05
3.4648822e-05
2.362944e-05
1.4434056e-05
6.9936759e-06
2.0251319e-06
2.6757554e-07
1.2990571e-08
2.4751908e-09
0.00016206122
0.00016885637
0.00017908179
0.00018735125
0.00019099497
0.00018999942
0.00018248168
0.00017297931
0.00016242918
0.00015041696
0.00013690312
0.00012222753
0.00010686404
9.1281224e-05
7.5902844e-05
6.1114992e-05
4.7277567e-05
3.4717134e-05
2.3676339e-05
1.4464061e-05
7.0112974e-06
2.0315123e-06
2.6854258e-07
1.3036932e-08
2.4812164e-09
0.00016487629
0.00017156978
0.00018150911
0.00018937072
0.0001926889
0.0001914228
0.00018422454
0.00017434085
0.00016341581
0.00015114918
0.00013745972
0.00012265211
0.0001071855
9.1522251e-05
7.6081946e-05
6.1246756e-05
4.7373044e-05
3.4784651e-05
2.3722745e-05
1.4493791e-05
7.0288009e-06
2.0378626e-06
2.6950635e-07
1.3083183e-08
2.4872536e-09
0.00016769702
0.0001742689
0.00018390297
0.00019136478
0.00019435576
0.00019282011
0.00018595671
0.00017571448
0.00016440704
0.00015187562
0.00013800787
0.00012306962
0.00010750177
9.1759569e-05
7.6258401e-05
6.1376664e-05
4.7467262e-05
3.4851352e-05
2.376864e-05
1.4523233e-05
7.046181e-06
2.0441812e-06
2.704666e-07
1.3129307e-08
2.4932967e-09
0.00017051733
0.00017694966
0.00018626362
0.00019333206
0.00019599592
0.00019419256
0.00018767566
0.00017709273
0.00016540177
0.00015259773
0.00013854826
0.00012348001
0.00010781272
9.1993087e-05
7.6432163e-05
6.1504684e-05
4.7560191e-05
3.4917213e-05
2.3814006e-05
1.4552377e-05
7.0634327e-06
2.0504662e-06
2.7142306e-07
1.3175293e-08
2.4993437e-09
0.00017333142
0.00017960858
0.00018859112
0.00019527158
0.00019760959
0.00019554076
0.0001893865
0.00017847213
0.00016639578
0.00015331491
0.00013908135
0.00012388345
0.00010811825
9.2222711e-05
7.6603174e-05
6.1630777e-05
4.7651806e-05
3.4982213e-05
2.3858833e-05
1.4581218e-05
7.0805538e-06
2.0567171e-06
2.7237564e-07
1.3221134e-08
2.5053927e-09
0.00017613396
0.00018224271
0.00019088533
0.00019718223
0.00019919569
0.0001968626
0.00019076561
0.00017984778
0.00016740299
0.00015403031
0.00013960726
0.00012427981
0.00010841826
9.2448342e-05
7.6771366e-05
6.1754905e-05
4.7742084e-05
3.5046343e-05
2.3903116e-05
1.4609756e-05
7.0975436e-06
2.0629335e-06
2.7332432e-07
1.3266834e-08
2.5114482e-09
0.00017892004
0.0001848494
0.00019314581
0.00019906264
0.0002007526
0.0001981562
0.00019184466
0.00018121054
0.00016843283
0.00015474978
0.00014012701
0.00012466886
0.00010871252
9.2669856e-05
7.6936668e-05
6.1877024e-05
4.7830998e-05
3.5109585e-05
2.3946843e-05
1.4637979e-05
7.1143942e-06
2.0691123e-06
2.7426861e-07
1.3312375e-08
2.5175128e-09
0.00018168521
0.0001874263
0.00019537188
0.00020091158
0.0002022797
0.00019942194
0.00019289643
0.00018255351
0.00016947418
0.00015547494
0.00014064254
0.0001250509
0.00010900082
9.2887091e-05
7.7098991e-05
6.1997078e-05
4.7918506e-05
3.5171906e-05
2.3989988e-05
1.466587e-05
7.1310946e-06
2.0752496e-06
2.7520792e-07
1.3357725e-08
2.5235802e-09
0.00018442546
0.00018997123
0.0001975628
0.00020272819
0.0002037769
0.00020066037
0.00019392293
0.00018387583
0.00017051728
0.00015620322
0.00014115485
0.0001254266
0.0001092832
9.3099899e-05
7.725822e-05
6.2114994e-05
4.8004556e-05
3.5233265e-05
2.4032522e-05
1.4693411e-05
7.1476377e-06
2.0813433e-06
2.7614192e-07
1.3402867e-08
2.529644e-09
0.00018713721
0.00019248221
0.00019971785
0.00020451192
0.00020524416
0.0002018715
0.00019492442
0.0001850464
0.0001715558
0.00015693705
0.00014166478
0.00012579626
0.00010955966
9.3308159e-05
7.7414234e-05
6.223069e-05
4.8089098e-05
3.5293634e-05
2.407443e-05
1.4720595e-05
7.164021e-06
2.0873925e-06
2.7707056e-07
1.3447799e-08
2.5357066e-09
0.00018981725
0.00019495744
0.00020183632
0.00020626218
0.0002066809
0.00020305422
0.00019589956
0.00018585122
0.00017257878
0.00015769149
0.00014217844
0.00012616076
0.00010982998
9.3511636e-05
7.7566889e-05
6.2344081e-05
4.8172081e-05
3.5352981e-05
2.4115692e-05
1.474741e-05
7.1802356e-06
2.093394e-06
2.7799329e-07
1.3492505e-08
2.5417737e-09
0.00019246271
0.00019739527
0.00020391751
0.00020797843
0.00020808663
0.00020420834
0.00019684859
0.00018663034
0.0001735784
0.00015845447
0.00014269721
0.00012652198
0.00011009448
9.3710148e-05
7.7716008e-05
6.2455055e-05
4.8253432e-05
3.5411255e-05
2.4156271e-05
1.477383e-05
7.1962652e-06
2.0993417e-06
2.7890922e-07
1.3536938e-08
2.5478382e-09
0.00019507107
0.00019979421
0.00020596077
0.0002096602
0.00020946116
0.00020533416
0.00019777212
0.00018738597
0.00017455507
0.00015921606
0.00014321771
0.00012688039
0.0001103537
9.3903707e-05
7.7861435e-05
6.256348e-05
4.8333062e-05
3.5468394e-05
2.4196126e-05
1.4799829e-05
7.2120992e-06
2.1052323e-06
2.7981786e-07
1.3581072e-08
2.5538915e-09
0.00019764009
0.0002021529
0.00020796547
0.00021130716
0.00021080446
0.00020643186
0.00019867022
0.00018811868
0.00017536598
0.00015996832
0.00014374386
0.00012723747
0.00011060797
9.4092275e-05
7.8003029e-05
6.2669226e-05
4.8410881e-05
3.5524345e-05
2.4235224e-05
1.4825392e-05
7.2277296e-06
2.1110633e-06
2.8071887e-07
1.3624896e-08
2.5599368e-09
0.0002001678
0.00020447015
0.00020993109
0.00021291906
0.00021211642
0.00020750123
0.0001995424
0.00018882819
0.00017594241
0.00016070125
0.0001442821
0.00012759723
0.00011085823
9.4275785e-05
7.814059e-05
6.2772141e-05
4.8486793e-05
3.5579045e-05
2.4273528e-05
1.4850494e-05
7.2431412e-06
2.1168289e-06
2.8161138e-07
1.3668375e-08
2.5659763e-09
0.00020265247
0.00020674487
0.00021185716
0.00021449568
0.00021339694
0.0002085422
0.00020038884
0.00018951468
0.00017649671
0.00016141018
0.00014482165
0.00012795921
0.0001111056
9.445453e-05
7.8273987e-05
6.2872054e-05
4.8560673e-05
3.5632411e-05
2.431098e-05
1.4875098e-05
7.2583127e-06
2.1225218e-06
2.8249425e-07
1.3711453e-08
2.5720023e-09
0.00020509262
0.00020897613
0.00021374327
0.00021603688
0.00021464599
0.00020955494
0.00020120999
0.00019017869
0.00017703072
0.00016209501
0.0001453544
0.00012832026
0.00011135023
9.4628909e-05
7.8403235e-05
6.2968821e-05
4.8632384e-05
3.5684346e-05
2.4347516e-05
1.4899164e-05
7.2732255e-06
2.1281355e-06
2.8336656e-07
1.3754083e-08
2.5780049e-09
0.00020748696
0.00021116311
0.0002155891
0.00021754257
0.00021586368
0.00021053974
0.0002020063
0.00019082065
0.00017754531
0.00016271228
0.00014587633
0.00012867888
0.00011159143
9.4798869e-05
7.8528325e-05
6.3062345e-05
4.8701809e-05
3.5734763e-05
2.4383082e-05
1.4922664e-05
7.2878653e-06
2.1336655e-06
2.8422765e-07
1.3796237e-08
2.5839833e-09
0.00020983438
0.00021330515
0.0002173944
0.00021901275
0.00021705014
0.00021149678
0.00020277772
0.00019144024
0.00017804055
0.00016310852
0.00014637902
0.00012904367
0.00011183248
9.4964808e-05
7.86491e-05
6.3152464e-05
4.8768828e-05
3.5783575e-05
2.4417621e-05
1.4945564e-05
7.3022117e-06
2.1391043e-06
2.8507638e-07
1.383787e-08
2.5899402e-09
0.00021213399
0.00021540166
0.000219159
0.00022044745
0.0002182055
0.00021242615
0.00020352431
0.0001920377
0.00017851638
0.00016348605
0.00014685913
0.00012940596
0.00011207294
9.5127367e-05
7.876566e-05
6.3239041e-05
4.8833298e-05
3.5830677e-05
2.4451062e-05
1.4967815e-05
7.3162374e-06
2.144442e-06
2.8591126e-07
1.387891e-08
2.5958669e-09
0.00021438502
0.00021745222
0.00022088277
0.00022184674
0.00021932989
0.00021332803
0.00020424638
0.00019261349
0.00017897321
0.00016384652
0.00014731728
0.00012975964
0.0001123103
9.5286455e-05
7.887815e-05
6.332202e-05
4.8895088e-05
3.5875957e-05
2.4483323e-05
1.4989367e-05
7.3299173e-06
2.1496701e-06
2.8673101e-07
1.3919294e-08
2.6017533e-09
0.00021658688
0.00021945648
0.00022256569
0.00022321074
0.00022042351
0.00021420269
0.00020494433
0.0001931681
0.00017941153
0.00016419089
0.00014775473
0.00013010165
0.00011254222
9.544148e-05
7.8986582e-05
6.3401381e-05
4.8954099e-05
3.5919309e-05
2.4514329e-05
1.5010175e-05
7.3432266e-06
2.1547797e-06
2.8753428e-07
1.3958958e-08
2.6075921e-09
0.00021873912
0.00022141421
0.00022420776
0.00022453961
0.0002214866
0.0002150505
0.00020561861
0.00019370199
0.00017983183
0.00016451981
0.00014817486
0.00013043152
0.0001127665
9.5591237e-05
7.9090661e-05
6.3477067e-05
4.9010264e-05
3.5960655e-05
2.4544015e-05
1.5030198e-05
7.3561443e-06
2.1597633e-06
2.8831994e-07
1.3997849e-08
2.6133758e-09
0.00022084141
0.00022332528
0.00022580908
0.00022583356
0.00022251947
0.00021587182
0.00020626958
0.00019421539
0.00018023425
0.00016483365
0.0001484869
0.00013074614
0.00011298722
9.5736623e-05
7.9190222e-05
6.3548921e-05
4.9063497e-05
3.599993e-05
2.4572335e-05
1.5049405e-05
7.3686519e-06
2.164614e-06
2.8908691e-07
1.4035918e-08
2.6191025e-09
0.00022289356
0.00022518965
0.00022736978
0.00022709285
0.00022352245
0.00021666698
0.00020689748
0.00019470843
0.00018061887
0.00016513237
0.00014871943
0.00013104212
0.00011320458
9.5878642e-05
7.9285504e-05
6.3616854e-05
4.9113697e-05
3.6037067e-05
2.4599241e-05
1.5067764e-05
7.3807285e-06
2.1693236e-06
2.8983391e-07
1.4073107e-08
2.624767e-09
0.00022489548
0.00022700737
0.00022889007
0.00022831776
0.00022449584
0.00021743625
0.00020750254
0.00019518136
0.00018098602
0.000165416
0.00014893804
0.00013131941
0.000113414
9.6016332e-05
7.937662e-05
6.3680906e-05
4.9160806e-05
3.6072e-05
2.4624682e-05
1.508524e-05
7.392355e-06
2.173885e-06
2.9055978e-07
1.4109354e-08
2.6303584e-09
0.0002268472
0.00022877859
0.0002303702
0.00022950861
0.00022543996
0.00021817996
0.00020808509
0.00019563457
0.00018133611
0.00016568488
0.00014914373
0.00013157941
0.00011361305
9.614823e-05
7.9463303e-05
6.3741097e-05
4.9204811e-05
3.6104685e-05
2.464862e-05
1.5101808e-05
7.4035171e-06
2.1782924e-06
2.9126363e-07
1.4144615e-08
2.6358678e-09
0.00022874882
0.00023050349
0.00023181046
0.00023066572
0.00022635515
0.00021889843
0.00020864551
0.00019606849
0.00018166954
0.00016593943
0.00014933713
0.00013182361
0.00011380101
9.6273273e-05
7.9545126e-05
6.3797369e-05
4.9245711e-05
3.6135108e-05
2.4671035e-05
1.5117454e-05
7.4142051e-06
2.1825417e-06
2.9194473e-07
1.4178851e-08
2.6412882e-09
0.00023060057
0.00023218238
0.0002332112
0.00023178945
0.00022724176
0.00021959207
0.00020918424
0.00019648357
0.00018198673
0.00016618005
0.00014951875
0.00013205318
0.00011397786
9.63909e-05
7.9621731e-05
6.3849629e-05
4.9283508e-05
3.6163273e-05
2.4691923e-05
1.5132172e-05
7.4244132e-06
2.1866298e-06
2.9260251e-07
1.4212031e-08
2.6466127e-09
0.00023240272
0.00023381557
0.00023457278
0.00023288018
0.0002281002
0.0002202613
0.00020970173
0.00019688025
0.00018228808
0.00016640715
0.000149689
0.00013226899
0.00011414381
9.6500888e-05
7.9692897e-05
6.3897802e-05
4.9318211e-05
3.6189202e-05
2.4711299e-05
1.5145967e-05
7.4341411e-06
2.1905554e-06
2.9323668e-07
1.4244135e-08
2.6518348e-09
0.00023415566
0.00023540349
0.00023589562
0.00023393832
0.00022893089
0.00022090656
0.00021019843
0.00019725894
0.00018257398
0.00016662113
0.00014984826
0.00013247175
0.00011429918
9.6603209e-05
7.9758531e-05
6.3941863e-05
4.9349848e-05
3.6212935e-05
2.4729191e-05
1.5158857e-05
7.4433944e-06
2.1943193e-06
2.9384721e-07
1.4275156e-08
2.6569493e-09
0.0002358598
0.00023694657
0.00023718017
0.00023496431
0.00022973427
0.00022152831
0.00021067479
0.00019762008
0.00018284485
0.00016682238
0.0001499969
0.00013266183
0.0001144442
9.6697961e-05
7.9818668e-05
6.3981849e-05
4.9378476e-05
3.6234528e-05
2.4745643e-05
1.5170867e-05
7.4521833e-06
2.1979236e-06
2.9443431e-07
1.4305097e-08
2.6619508e-09
0.00023751565
0.00023844533
0.00023842692
0.00023595861
0.0002305108
0.00022212702
0.00021113126
0.0001979641
0.00018310109
0.00016701128
0.00015013523
0.00013284053
0.00011457942
9.6785069e-05
7.9873225e-05
6.4017791e-05
4.9404172e-05
3.6254059e-05
2.4760715e-05
1.5182034e-05
7.4605252e-06
2.2013734e-06
2.9499857e-07
1.4333977e-08
2.6668355e-09
0.00023912376
0.00023990031
0.00023963638
0.00023692172
0.00023126097
0.00022270316
0.00021156829
0.00019829139
0.00018334303
0.00016718807
0.00015026356
0.00013296776
0.00011470365
9.6866799e-05
7.9922995e-05
6.4049848e-05
4.9427016e-05
3.6271611e-05
2.4774474e-05
1.5192403e-05
7.4684408e-06
2.2046746e-06
2.9554081e-07
1.436183e-08
2.6716042e-09
0.00024068473
0.0002413121
0.0002408091
0.00023785415
0.00023198526
0.00022325718
0.00021198627
0.00019860227
0.0001835709
0.00016735294
0.00015038195
0.00013305315
0.00011481548
9.6943656e-05
7.9968754e-05
6.4078357e-05
4.9447133e-05
3.6287263e-05
2.4786984e-05
1.5202016e-05
7.4759487e-06
2.2078327e-06
2.9606171e-07
1.4388685e-08
2.6762574e-09
0.00024219922
0.00024268135
0.00024194566
0.0002387564
0.00023268414
0.0002237895
0.00021238559
0.00019889708
0.00018378504
0.00016750618
0.00015049047
0.00013312968
0.00011491529
9.7013802e-05
8.0010296e-05
6.410356e-05
4.9464694e-05
3.630111e-05
2.4798306e-05
1.5210909e-05
7.4830658e-06
2.2108526e-06
2.9656192e-07
1.4414564e-08
2.6807926e-09
0.00024366791
0.00024400871
0.00024304664
0.00023962901
0.00023335809
0.00022430056
0.00021276664
0.00019917622
0.00018398583
0.00016764815
0.00015058945
0.00013319804
0.00011500416
9.7076485e-05
8.0047208e-05
6.4125517e-05
4.947985e-05
3.6313257e-05
2.4808501e-05
1.5219117e-05
7.4898085e-06
2.2137396e-06
2.9704213e-07
1.4439497e-08
2.6852091e-09
0.00024509155
0.00024529487
0.00024411266
0.0002404725
0.00023400758
0.00022479081
0.00021312985
0.00019944012
0.00018417368
0.00016777921
0.00015067923
0.00013325869
0.00011508306
9.7131722e-05
8.0079288e-05
6.4144231e-05
4.9492711e-05
3.6323803e-05
2.4817633e-05
1.5226677e-05
7.4961926e-06
2.2164982e-06
2.9750298e-07
1.4463507e-08
2.6895073e-09
0.00024647089
0.00024654056
0.00024514435
0.00024128742
0.00023463309
0.00022526068
0.00021347567
0.00019968921
0.00018434903
0.00016789975
0.0001507602
0.00013331205
0.0001151528
9.7179819e-05
8.010656e-05
6.4159744e-05
4.9503375e-05
3.6332845e-05
2.4825768e-05
1.5233626e-05
7.5022343e-06
2.2191334e-06
2.9794508e-07
1.4486622e-08
2.6936877e-09
0.00024780672
0.00024774651
0.00024614232
0.0002420743
0.00023523512
0.00022571067
0.00021380458
0.00019992396
0.00018451227
0.00016801014
0.00015083273
0.0001333585
0.00011521401
9.7221155e-05
8.012918e-05
6.4172153e-05
4.9511946e-05
3.6340476e-05
2.4832975e-05
1.5240002e-05
7.5079509e-06
2.2216502e-06
2.9836916e-07
1.4508872e-08
2.6977509e-09
0.00024909986
0.00024891348
0.00024710723
0.0002428337
0.00023581417
0.00022614126
0.00021411705
0.0002001448
0.00018466383
0.00016811078
0.00015089721
0.0001333984
0.00011526721
9.7256111e-05
8.014737e-05
6.4181604e-05
4.9518543e-05
3.6346794e-05
2.4839321e-05
1.5245848e-05
7.5133618e-06
2.2240548e-06
2.9877603e-07
1.453029e-08
2.7016981e-09
0.00025035115
0.00025004224
0.00024803974
0.00024356618
0.00023637075
0.00022655293
0.00021441355
0.0002003522
0.00018480412
0.00016820204
0.00015095398
0.00013343207
0.00011531287
9.7285054e-05
8.0161375e-05
6.418827e-05
4.9523298e-05
3.63519e-05
2.4844879e-05
1.5251207e-05
7.5184878e-06
2.2263536e-06
2.9916658e-07
1.4550915e-08
2.7055309e-09
0.00025156143
0.00025113357
0.00024894051
0.00024427232
0.00023690539
0.0002269462
0.00021469456
0.00020054659
0.00018493356
0.00016828433
0.00015100342
0.00013345985
0.00011535143
9.7308334e-05
8.0171452e-05
6.4192335e-05
4.9526351e-05
3.6355898e-05
2.4849719e-05
1.5256122e-05
7.5233504e-06
2.2285536e-06
2.995418e-07
1.4570789e-08
2.7092514e-09
0.00025273156
0.00025218826
0.00024981022
0.00024495271
0.00023741864
0.00022732158
0.00021496057
0.00020072843
0.00018505256
0.00016835803
0.00015104588
0.00013348205
0.00011538325
9.7326289e-05
8.0177856e-05
6.4193992e-05
4.9527845e-05
3.6358892e-05
2.4853913e-05
1.5260638e-05
7.5279709e-06
2.2306616e-06
2.9990267e-07
1.4589956e-08
2.7128622e-09
0.00025386242
0.00025320712
0.00025064954
0.00024560793
0.00023791102
0.00022767955
0.00021521204
0.00020089816
0.00018516153
0.00016842351
0.00015108171
0.00013349898
0.00011540873
9.7339239e-05
8.0180838e-05
6.4193431e-05
4.9527922e-05
3.6360984e-05
2.4857531e-05
1.5264795e-05
7.5323703e-06
2.2326847e-06
3.0025017e-07
1.4608459e-08
2.7163663e-09
0.0002549549
0.00025419095
0.00025145918
0.00024623858
0.00023838308
0.00022802065
0.00021544946
0.00020105623
0.00018526089
0.00016848116
0.00015111125
0.00013351094
0.00011542821
9.7347496e-05
8.0180644e-05
6.4190838e-05
4.9526722e-05
3.6362272e-05
2.486064e-05
1.5268634e-05
7.5365684e-06
2.2346292e-06
3.0058525e-07
1.462634e-08
2.7197673e-09
0.00025600987
0.00025514058
0.00025223984
0.00024684527
0.00023883536
0.00022834536
0.00021567329
0.00020120306
0.00018535104
0.00016853135
0.00015113484
0.00013351824
0.00011544204
9.7351361e-05
8.0177513e-05
6.4186396e-05
4.9524378e-05
3.6362852e-05
2.48633e-05
1.5272193e-05
7.5405834e-06
2.2365014e-06
3.0090879e-07
1.464364e-08
2.7230686e-09
0.00025702824
0.00025605683
0.00025299221
0.0002474286
0.00023926842
0.0002286542
0.00021588401
0.0002013391
0.00018543238
0.00016857445
0.0001511528
0.00013352116
0.00011545055
9.7351124e-05
8.0171677e-05
6.4180279e-05
4.9521017e-05
3.6362811e-05
2.4865571e-05
1.5275505e-05
7.5444324e-06
2.238307e-06
3.0122163e-07
1.4660397e-08
2.7262739e-09
0.00025801091
0.00025694051
0.000253717
0.00024798919
0.00023968279
0.00022894766
0.00021608208
0.00020146478
0.00018550532
0.00016861081
0.00015116546
0.00013351998
0.00011545406
9.7347069e-05
8.0163359e-05
6.4172656e-05
4.9516761e-05
3.6362233e-05
2.4867505e-05
1.5278602e-05
7.5481309e-06
2.2400511e-06
3.0152454e-07
1.4676646e-08
2.7293869e-09
0.00025895876
0.00025779246
0.00025441491
0.00024852764
0.00024007902
0.00022922625
0.00021626796
0.00020158053
0.00018557024
0.0001686408
0.00015117313
0.00013351498
0.00011545288
9.7339469e-05
8.0152775e-05
6.4163688e-05
4.9511724e-05
3.6361194e-05
2.4869152e-05
1.5281513e-05
7.5516932e-06
2.2417388e-06
3.0181823e-07
1.469242e-08
2.7324112e-09
0.00025987272
0.00025861351
0.00025508667
0.00024904457
0.00024045766
0.00022949046
0.00021644211
0.00020168677
0.00018562754
0.00016866476
0.00015117613
0.00013350643
0.00011544733
9.7328589e-05
8.014013e-05
6.4153526e-05
4.9506013e-05
3.6359765e-05
2.4870557e-05
1.5284262e-05
7.5551324e-06
2.2433744e-06
3.0210337e-07
1.4707751e-08
2.7353504e-09
0.00026075367
0.00025940447
0.00025573298
0.00024954058
0.00024081924
0.00022974078
0.00021660498
0.0002017839
0.00018567758
0.00016868303
0.00015117475
0.0001334946
0.0001154377
9.7314687e-05
8.0125625e-05
6.4142315e-05
4.9499727e-05
3.6358011e-05
2.487176e-05
1.5286874e-05
7.5584604e-06
2.2449621e-06
3.0238058e-07
1.4722668e-08
2.738208e-09
0.00026160251
0.00026016618
0.00025635453
0.00025001628
0.0002411643
0.00022997769
0.00021675701
0.00020187235
0.00018572074
0.00016869595
0.0001511693
0.00013347972
0.00011542429
9.7298011e-05
8.0109447e-05
6.413019e-05
4.9492959e-05
3.6355993e-05
2.4872798e-05
1.5289371e-05
7.5616882e-06
2.2465058e-06
3.0265043e-07
1.4737197e-08
2.7409872e-09
0.00026242013
0.00026089945
0.00025695204
0.00025047228
0.00024149337
0.00023020167
0.00021689864
0.00020195251
0.00018575738
0.00016870383
0.00015116004
0.00013346206
0.00011540736
9.7278802e-05
8.0091781e-05
6.4117281e-05
4.9485796e-05
3.6353766e-05
2.4873705e-05
1.529177e-05
7.5648259e-06
2.2480089e-06
3.0291345e-07
1.4751365e-08
2.7436914e-09
0.00026320743
0.00026160509
0.00025752621
0.00025090916
0.00024180697
0.0002304132
0.00021703031
0.00020202477
0.00018578786
0.000168707
0.00015114727
0.00013344185
0.00011538721
9.7257289e-05
8.0072796e-05
6.4103708e-05
4.9478319e-05
3.6351381e-05
2.4874514e-05
1.5294092e-05
7.567883e-06
2.2494749e-06
3.0317014e-07
1.4765194e-08
2.7463237e-09
0.00026396528
0.00026228392
0.00025807773
0.00025132752
0.00024210562
0.00023061274
0.00021715243
0.00020208952
0.00018581253
0.00016870577
0.00015113125
0.00013341932
0.00011536409
9.7233696e-05
8.0052658e-05
6.4089584e-05
4.94706e-05
3.6348886e-05
2.4875252e-05
1.5296351e-05
7.5708681e-06
2.2509067e-06
3.0342099e-07
1.4778708e-08
2.7488872e-09
0.00026469456
0.00026293673
0.00025860728
0.00025172795
0.00024238984
0.00023080076
0.00021726543
0.00020214714
0.00018583172
0.00016870043
0.00015111224
0.00013339469
0.00011533826
9.7208237e-05
8.0031523e-05
6.4075017e-05
4.9462711e-05
3.6346322e-05
2.4875945e-05
1.5298563e-05
7.5737893e-06
2.2523074e-06
3.0366641e-07
1.4791928e-08
2.7513847e-09
0.00026539614
0.00026356433
0.00025911554
0.00025211104
0.00024266014
0.0002309777
0.00021736971
0.00020219799
0.00018584576
0.00016869127
0.00015109049
0.00013336818
0.00011530997
9.7181116e-05
8.0009541e-05
6.4060106e-05
4.9454716e-05
3.634373e-05
2.4876617e-05
1.5300742e-05
7.5766543e-06
2.2536796e-06
3.0390685e-07
1.4804874e-08
2.7538192e-09
0.00026607086
0.00026416749
0.0002596032
0.00025247734
0.00024291701
0.00023114401
0.00021746566
0.00020224243
0.00018585498
0.00016867859
0.00015106626
0.00013334
0.00011527947
9.715253e-05
7.9986849e-05
6.4044945e-05
4.9446674e-05
3.6341147e-05
2.4877291e-05
1.53029e-05
7.5794701e-06
2.2550259e-06
3.041427e-07
1.4817565e-08
2.7561933e-09
0.00026671958
0.00026474698
0.0002600709
0.00025282744
0.00024316094
0.00023130012
0.00021755369
0.00020228081
0.00018585968
0.00016866265
0.00015103977
0.00013331033
0.00011524698
9.7122667e-05
7.9963582e-05
6.4029622e-05
4.943864e-05
3.6338606e-05
2.4877987e-05
1.530505e-05
7.5822433e-06
2.2563489e-06
3.0437432e-07
1.4830021e-08
2.7585097e-09
0.00026734312
0.00026530357
0.00026051931
0.00025316187
0.00024339241
0.00023144645
0.00021763416
0.00020231348
0.00018586017
0.00016864371
0.00015101125
0.00013327939
0.00011521272
9.7091706e-05
7.9939866e-05
6.4014219e-05
4.9430667e-05
3.633614e-05
2.4878723e-05
1.5307201e-05
7.5849802e-06
2.2576507e-06
3.0460209e-07
1.4842257e-08
2.760771e-09
0.0002679423
0.00026583801
0.00026094906
0.0002534812
0.0002436119
0.00023158343
0.00021770746
0.00020234077
0.00018585675
0.00016862204
0.00015098093
0.00013324734
0.00011517691
9.7059818e-05
7.9915818e-05
6.3998812e-05
4.9422801e-05
3.6333775e-05
2.4879517e-05
1.5309365e-05
7.5876867e-06
2.2589336e-06
3.0482633e-07
1.4854291e-08
2.7629797e-09
0.00026851794
0.00026635104
0.0002613608
0.00025378596
0.00024381987
0.00023171147
0.00021777394
0.00020236299
0.00018584969
0.00016859788
0.00015094901
0.00013321436
0.00011513976
9.7027164e-05
7.9891552e-05
6.3983474e-05
4.9415088e-05
3.633154e-05
2.4880385e-05
1.5311551e-05
7.5903683e-06
2.2601997e-06
3.0504738e-07
1.486614e-08
2.7651382e-09
0.00026907081
0.00026684337
0.00026175514
0.00025407666
0.00024401677
0.00023183095
0.00021783395
0.00020238046
0.00018583927
0.00016857147
0.0001509157
0.00013318062
0.00011510145
9.6993901e-05
7.9867171e-05
6.3968271e-05
4.9407567e-05
3.6329459e-05
2.4881342e-05
1.5313768e-05
7.5930301e-06
2.2614509e-06
3.0526553e-07
1.4877816e-08
2.7672488e-09
0.00026960171
0.00026731573
0.00026213268
0.00025435384
0.00024420305
0.00023194227
0.00021788784
0.00020239348
0.00018582575
0.00016854304
0.00015088119
0.00013314629
0.00011506218
9.6960175e-05
7.9842775e-05
6.3953266e-05
4.9400277e-05
3.6327554e-05
2.4882402e-05
1.5316023e-05
7.5956771e-06
2.262689e-06
3.0548109e-07
1.4889337e-08
2.7693139e-09
0.00027011138
0.00026776881
0.00026249404
0.00025461799
0.00024437914
0.00023204581
0.00021793595
0.00020240235
0.00018580941
0.00016851282
0.00015084567
0.0001331115
0.00011502212
9.6926123e-05
7.9818458e-05
6.3938517e-05
4.9393253e-05
3.6325846e-05
2.4883576e-05
1.5318324e-05
7.5983139e-06
2.2639159e-06
3.0569433e-07
1.4900715e-08
2.7713355e-09
0.00027060058
0.00026820329
0.00026283978
0.00025486961
0.00024454547
0.00023214193
0.00021797859
0.00020240735
0.00018579047
0.000168481
0.00015080932
0.00013307642
0.00011498145
9.689188e-05
7.9794307e-05
6.3924077e-05
4.9386527e-05
3.6324355e-05
2.4884877e-05
1.5320678e-05
7.6009447e-06
2.2651332e-06
3.0590552e-07
1.4911963e-08
2.7733158e-09
0.00027107003
0.00026861983
0.00026317049
0.00025510919
0.00024470243
0.00023223098
0.00021801608
0.00020240876
0.00018576919
0.00016844781
0.0001507723
0.00013304118
0.00011494033
9.6857568e-05
7.9770404e-05
6.3909998e-05
4.938013e-05
3.6323097e-05
2.4886315e-05
1.5323091e-05
7.6035737e-06
2.2663425e-06
3.0611491e-07
1.4923094e-08
2.7752569e-09
0.00027152044
0.00026901909
0.00026348672
0.00025533718
0.00024485045
0.00023231333
0.00021804872
0.00020240684
0.0001857458
0.00016841344
0.00015073479
0.00013300591
0.00011489891
9.6823306e-05
7.9746826e-05
6.3896325e-05
4.9374087e-05
3.632209e-05
2.4887899e-05
1.532557e-05
7.6062046e-06
2.2675453e-06
3.0632273e-07
1.493412e-08
2.7771608e-09
0.0002719525
0.0002694017
0.000263789
0.00025555406
0.0002449899
0.00023238931
0.00021807681
0.00020240185
0.00018572051
0.00016837807
0.00015069694
0.00013297074
0.00011485733
9.6789204e-05
7.9723644e-05
6.3883103e-05
4.9368426e-05
3.6321347e-05
2.4889639e-05
1.532812e-05
7.6088411e-06
2.2687431e-06
3.0652923e-07
1.4945053e-08
2.7790294e-09
0.0002723669
0.00026976828
0.00026407788
0.00025576026
0.00024512117
0.00023245924
0.00021810064
0.00020239405
0.00018569354
0.00016834189
0.0001506589
0.00013293579
0.00011481574
9.6755366e-05
7.9700926e-05
6.3870371e-05
4.9363168e-05
3.6320882e-05
2.4891544e-05
1.5330746e-05
7.6114865e-06
2.2699371e-06
3.0673461e-07
1.4955904e-08
2.7808646e-09
0.00027276428
0.00027011943
0.00026435387
0.00025595622
0.00024524462
0.00023252344
0.00021812047
0.00020238366
0.0001856651
0.00016830507
0.00015062081
0.00013290118
0.00011477427
9.6721892e-05
7.9678733e-05
6.3858165e-05
4.9358336e-05
3.6320708e-05
2.4893619e-05
1.5333452e-05
7.6141439e-06
2.2711286e-06
3.0693908e-07
1.4966682e-08
2.7826681e-09
0.0002731453
0.00027045573
0.00026461746
0.00025614237
0.00024536062
0.00023258223
0.00021813659
0.00020237093
0.00018563539
0.00016826779
0.00015058281
0.000132867
0.00011473304
9.6688873e-05
7.9657125e-05
6.384652e-05
4.9353947e-05
3.6320834e-05
2.4895872e-05
1.5336243e-05
7.6168162e-06
2.2723189e-06
3.0714283e-07
1.4977399e-08
2.7844418e-09
0.00027351056
0.00027077776
0.00026486915
0.00025631911
0.00024546951
0.0002326359
0.00021814925
0.00020235607
0.0001856046
0.00016823019
0.00015054503
0.00013283337
0.00011469217
9.6656395e-05
7.9636153e-05
6.3835465e-05
4.9350019e-05
3.6321272e-05
2.4898309e-05
1.5339123e-05
7.6195063e-06
2.273509e-06
3.0734605e-07
1.4988063e-08
2.7861874e-09
0.00027386067
0.00027108606
0.00026510941
0.00025648684
0.00024557164
0.00023268474
0.00021815869
0.00020233931
0.00018557291
0.00016819243
0.0001505076
0.00013280038
0.00011465176
9.6624539e-05
7.961587e-05
6.382503e-05
4.9346567e-05
3.6322029e-05
2.4900935e-05
1.5342094e-05
7.6222165e-06
2.2747001e-06
3.0754891e-07
1.4998683e-08
2.7879064e-09
0.00027419622
0.00027138117
0.00026533869
0.00025664595
0.00024566732
0.00023272903
0.00021816517
0.00020232085
0.0001855405
0.00016815467
0.00015047062
0.00013276811
0.00011461193
9.6593382e-05
7.9596319e-05
6.3815241e-05
4.9343607e-05
3.6323114e-05
2.4903754e-05
1.5345161e-05
7.6249493e-06
2.2758931e-06
3.0775158e-07
1.5009268e-08
2.7896005e-09
0.00027451777
0.0002716636
0.00026555744
0.00025679681
0.00024575688
0.00023276905
0.00021816892
0.00020230089
0.00018550754
0.00016811703
0.00015043422
0.00013273667
0.00011457277
9.6562991e-05
7.9577544e-05
6.3806119e-05
4.9341149e-05
3.6324533e-05
2.4906772e-05
1.5348325e-05
7.6277068e-06
2.2770888e-06
3.0795422e-07
1.5019826e-08
2.7912712e-09
0.00027482587
0.00027193387
0.00026576609
0.00025693979
0.00024584063
0.00023280506
0.00021817016
0.00020227963
0.00018547418
0.00016807965
0.00015039849
0.00013270612
0.00011453438
9.6533434e-05
7.9559583e-05
6.3797687e-05
4.9339205e-05
3.6326292e-05
2.4909991e-05
1.535159e-05
7.6304909e-06
2.2782884e-06
3.0815696e-07
1.5030364e-08
2.7929199e-09
0.00027512104
0.00027219244
0.00026596506
0.00025707524
0.00024591886
0.00023283732
0.00021816911
0.00020225726
0.0001854406
0.00016804267
0.00015036355
0.00013267655
0.00011449683
9.650477e-05
7.9542471e-05
6.3789962e-05
4.9337784e-05
3.6328396e-05
2.4913414e-05
1.5354956e-05
7.6333036e-06
2.2794924e-06
3.0835994e-07
1.504089e-08
2.794548e-09
0.00027540381
0.0002724398
0.00026615475
0.0002572035
0.00024599186
0.00023286606
0.00021816599
0.00020223394
0.00018540693
0.00016800619
0.00015032947
0.00013264802
0.00011446021
9.6477056e-05
7.9526239e-05
6.3782961e-05
4.9336895e-05
3.6330849e-05
2.4917044e-05
1.5358427e-05
7.6361464e-06
2.2807016e-06
3.0856329e-07
1.505141e-08
2.796157e-09
0.00027567466
0.0002726764
0.00026633556
0.0002573249
0.00024605992
0.00023289154
0.00021816099
0.00020220986
0.00018537333
0.00016797033
0.00015029636
0.0001326206
0.00011442459
9.6450342e-05
7.9510919e-05
6.3776698e-05
4.9336543e-05
3.6333655e-05
2.4920884e-05
1.5362003e-05
7.6390208e-06
2.2819169e-06
3.0876713e-07
1.5061931e-08
2.7977481e-09
0.00027593407
0.00027290267
0.00026650785
0.00025743976
0.0002461233
0.00023291398
0.00021815433
0.00020218519
0.00018533992
0.00016793521
0.00015026429
0.00013259435
0.00011439004
9.6424676e-05
7.9496534e-05
6.3771186e-05
4.9336734e-05
3.6336815e-05
2.4924933e-05
1.5365686e-05
7.6419283e-06
2.2831387e-06
3.0897158e-07
1.5072459e-08
2.7993225e-09
0.00027618251
0.00027311903
0.00026667199
0.00025754838
0.00024618227
0.00023293362
0.00021814618
0.00020216008
0.00018530684
0.00016790092
0.00015023334
0.00013256933
0.00011435663
9.64001e-05
7.9483108e-05
6.3766436e-05
4.9337473e-05
3.6340333e-05
2.4929195e-05
1.5369477e-05
7.6448699e-06
2.2843677e-06
3.0917672e-07
1.5082999e-08
2.8008816e-09
0.00027642041
0.0002733259
0.00026682835
0.00025765108
0.00024623708
0.00023295066
0.00021813674
0.00020213468
0.00018527421
0.00016786757
0.00015020359
0.00013254559
0.00011432441
9.6376654e-05
7.9470661e-05
6.3762455e-05
4.9338763e-05
3.6344207e-05
2.4933668e-05
1.5373377e-05
7.6478468e-06
2.2856045e-06
3.0938267e-07
1.5093556e-08
2.8024264e-09
0.0002766482
0.00027352366
0.00026697725
0.00025774814
0.00024628799
0.00023296531
0.00021812618
0.00020210915
0.00018524215
0.00016783525
0.00015017511
0.00013252319
0.00011429345
9.6354373e-05
7.9459211e-05
6.3759252e-05
4.9340606e-05
3.634844e-05
2.4938354e-05
1.5377386e-05
7.6508599e-06
2.2868495e-06
3.0958951e-07
1.5104136e-08
2.8039581e-09
0.00027686629
0.00027371271
0.00026711903
0.00025783984
0.00024633523
0.00023297779
0.00021811468
0.00020208362
0.00018521078
0.00016780404
0.00015014795
0.00013250215
0.00011426378
9.6333289e-05
7.9448774e-05
6.3756831e-05
4.9343003e-05
3.6353031e-05
2.4943252e-05
1.5381504e-05
7.6539101e-06
2.2881031e-06
3.0979732e-07
1.5114742e-08
2.8054777e-09
0.00027707509
0.00027389339
0.00026725401
0.00025792646
0.00024637903
0.00023298829
0.00021810239
0.00020205824
0.0001851802
0.00016777403
0.00015012219
0.00013248254
0.00011423545
9.631343e-05
7.9439361e-05
6.3755196e-05
4.9345954e-05
3.635798e-05
2.4948362e-05
1.5385731e-05
7.6569979e-06
2.2893658e-06
3.1000617e-07
1.512538e-08
2.8069862e-09
0.00027727497
0.00027406607
0.00026738249
0.00025800826
0.00024641962
0.000232997
0.00021808948
0.00020203314
0.00018515052
0.00016774529
0.00015009787
0.00013246437
0.00011420851
9.6294821e-05
7.9430983e-05
6.3754351e-05
4.9349458e-05
3.6363284e-05
2.4953683e-05
1.5390068e-05
7.660124e-06
2.290638e-06
3.1021614e-07
1.5136052e-08
2.8084846e-09
0.00027746631
0.00027423109
0.00026750478
0.00025808549
0.00024645722
0.00023300411
0.00021807611
0.00020200843
0.00018512184
0.0001677179
0.00015007504
0.00013244768
0.00011418299
9.6277483e-05
7.9423649e-05
6.3754295e-05
4.9353514e-05
3.6368942e-05
2.4959214e-05
1.5394513e-05
7.6632888e-06
2.2919199e-06
3.1042727e-07
1.5146763e-08
2.8099738e-09
0.00027764945
0.00027438877
0.00026762116
0.00025815841
0.00024649204
0.00023300979
0.00021806243
0.00020198424
0.00018509424
0.00016769193
0.00015005376
0.00013243251
0.00011415893
9.6261434e-05
7.9417366e-05
6.3755028e-05
4.9358118e-05
3.6374952e-05
2.4964953e-05
1.5399067e-05
7.6664927e-06
2.2932118e-06
3.1063964e-07
1.5157516e-08
2.8114547e-09
0.00027782473
0.00027453944
0.00026773192
0.00025822725
0.00024652429
0.00023301423
0.00021804857
0.00020196069
0.00018506782
0.00016766743
0.00015003405
0.00013241888
0.00011413635
9.6246691e-05
7.9412136e-05
6.375655e-05
4.9363269e-05
3.6381311e-05
2.4970899e-05
1.5403729e-05
7.669736e-06
2.294514e-06
3.1085328e-07
1.5168313e-08
2.8129282e-09
0.0002779925
0.00027468339
0.00026783731
0.00025829225
0.00024655417
0.00023301758
0.00021803468
0.00020193788
0.00018504265
0.00016764447
0.00015001597
0.00013240681
0.00011411528
9.6233267e-05
7.9407963e-05
6.3758856e-05
4.9368961e-05
3.6388015e-05
2.4977049e-05
1.5408498e-05
7.6730187e-06
2.2958267e-06
3.1106824e-07
1.5179158e-08
2.8143951e-09
0.00027815306
0.00027482094
0.00026793761
0.00025835364
0.00024658187
0.00023302002
0.00021802089
0.00020191591
0.00018501882
0.00016762309
0.00014999955
0.00013239632
0.00011409574
9.6221171e-05
7.9404846e-05
6.3761944e-05
4.937519e-05
3.639506e-05
2.4983402e-05
1.5413372e-05
7.676341e-06
2.29715e-06
3.1128456e-07
1.5190053e-08
2.815856e-09
0.00027830672
0.00027495235
0.00026803307
0.00025841164
0.00024660759
0.0002330217
0.00021800732
0.0002018949
0.00018499639
0.00016760336
0.00014998481
0.00013238742
0.00011407775
9.6210411e-05
7.9402786e-05
6.3765807e-05
4.938195e-05
3.6402443e-05
2.4989954e-05
1.5418351e-05
7.6797028e-06
2.298484e-06
3.1150227e-07
1.5200999e-08
2.8173117e-09
0.00027845378
0.00027507791
0.00026812394
0.00025846646
0.0002466315
0.00023302278
0.00021799411
0.00020187493
0.00018497545
0.00016758531
0.00014997178
0.00013238013
0.00011406132
9.6200992e-05
7.9401778e-05
6.377044e-05
4.9389236e-05
3.6410159e-05
2.4996703e-05
1.5423433e-05
7.683104e-06
2.299829e-06
3.117214e-07
1.5211999e-08
2.818763e-09
0.00027859453
0.00027519788
0.00026821045
0.00025851831
0.00024665378
0.00023302339
0.00021798137
0.00020185609
0.00018495604
0.00016756898
0.00014996048
0.00013237445
0.00011404647
9.6192917e-05
7.940182e-05
6.3775837e-05
4.939704e-05
3.6418203e-05
2.5003645e-05
1.5428617e-05
7.6865444e-06
2.3011849e-06
3.1194198e-07
1.5223055e-08
2.8202103e-09
0.00027872923
0.00027531253
0.00026829284
0.0002585674
0.00024667461
0.0002330237
0.00021796922
0.00020183846
0.00018493823
0.00016755442
0.00014995094
0.0001323704
0.0001140332
9.6186185e-05
7.9402903e-05
6.3781988e-05
4.9405356e-05
3.6426569e-05
2.5010779e-05
1.5433902e-05
7.6900238e-06
2.3025518e-06
3.1216401e-07
1.5234167e-08
2.8216544e-09
0.00027885815
0.00027542211
0.00026837133
0.00025861392
0.00024669415
0.00023302383
0.00021795775
0.00020182214
0.00018492207
0.00016754165
0.00014994317
0.00013236797
0.00011402153
9.6180797e-05
7.9405023e-05
6.3788884e-05
4.9414176e-05
3.6435253e-05
2.5018099e-05
1.5439285e-05
7.6935419e-06
2.3039297e-06
3.1238751e-07
1.5245338e-08
2.8230959e-09
0.00027898156
0.00027552685
0.00026844614
0.00025865807
0.00024671257
0.00023302391
0.00021794709
0.00020180719
0.00018490762
0.00016753071
0.00014993718
0.00013236717
0.00011401145
9.6176746e-05
7.9408168e-05
6.3796518e-05
4.9423491e-05
3.6444248e-05
2.5025604e-05
1.5444766e-05
7.6970982e-06
2.3053187e-06
3.126125e-07
1.5256567e-08
2.8245351e-09
0.00027909971
0.000275627
0.00026851749
0.00025870002
0.00024673003
0.00023302409
0.00021793732
0.00020179369
0.00018489492
0.00016752162
0.00014993299
0.000132368
0.00011400297
9.6174029e-05
7.9412331e-05
6.3804877e-05
4.9433292e-05
3.6453548e-05
2.5033288e-05
1.5450341e-05
7.7006923e-06
2.3067186e-06
3.1283898e-07
1.5267857e-08
2.8259728e-09
0.00027921283
0.00027572279
0.00026858559
0.00025873997
0.00024674669
0.00023302448
0.00021792854
0.00020178169
0.00018488402
0.0001675144
0.00014993059
0.00013237045
0.00011399608
9.6172637e-05
7.94175e-05
6.3813951e-05
4.9443572e-05
3.6463148e-05
2.5041148e-05
1.5456009e-05
7.7043237e-06
2.3081294e-06
3.1306695e-07
1.5279207e-08
2.8274092e-09
0.00027932116
0.00027581443
0.00026865063
0.00025877809
0.00024676268
0.0002330252
0.00021792084
0.00020177128
0.00018487494
0.00016750907
0.00014993
0.00013237451
0.00011399078
9.6172562e-05
7.9423662e-05
6.3823728e-05
4.945432e-05
3.6473039e-05
2.504918e-05
1.5461768e-05
7.7079917e-06
2.3095511e-06
3.1329641e-07
1.5290618e-08
2.8288448e-09
0.00027942493
0.00027590215
0.00026871281
0.00025881456
0.00024677816
0.00023302637
0.00021791432
0.0002017625
0.00018486773
0.00016750565
0.0001499312
0.00013238018
0.00011398706
9.6173792e-05
7.9430806e-05
6.3834196e-05
4.9465527e-05
3.6483217e-05
2.505738e-05
1.5467617e-05
7.7116959e-06
2.3109835e-06
3.1352735e-07
1.530209e-08
2.8302803e-09
0.00027952437
0.00027598616
0.00026877233
0.00025884954
0.00024679327
0.0002330281
0.00021790904
0.0002017554
0.00018486242
0.00016750414
0.00014993421
0.00013238744
0.00011398492
9.6176314e-05
7.9438915e-05
6.3845341e-05
4.9477182e-05
3.6493673e-05
2.5065744e-05
1.5473552e-05
7.7154356e-06
2.3124265e-06
3.1375977e-07
1.5313623e-08
2.8317155e-09
0.00027961969
0.00027606666
0.00026882938
0.00025888319
0.00024680814
0.00023303049
0.00021790509
0.00020175005
0.00018485903
0.00016750456
0.00014993901
0.00013239628
0.00011398434
9.6180117e-05
7.9447978e-05
6.3857153e-05
4.9489276e-05
3.6504401e-05
2.5074268e-05
1.5479571e-05
7.7192099e-06
2.31388e-06
3.1399366e-07
1.5325218e-08
2.8331517e-09
0.00027971111
0.00027614385
0.00026888413
0.00025891568
0.00024682291
0.00023303366
0.00021790254
0.00020174648
0.00018485758
0.00016750691
0.0001499456
0.00013240669
0.00011398531
9.6185183e-05
7.9457974e-05
6.3869612e-05
4.9501795e-05
3.6515393e-05
2.5082945e-05
1.5485673e-05
7.7230187e-06
2.3153441e-06
3.1422902e-07
1.5336874e-08
2.8345876e-09
0.0002797988
0.00027621793
0.00026893676
0.00025894716
0.00024683769
0.00023303769
0.00021790146
0.00020174472
0.0001848581
0.00016751118
0.00014995396
0.00013241865
0.00011398783
9.6191512e-05
7.9468907e-05
6.3882724e-05
4.9514744e-05
3.652665e-05
2.5091778e-05
1.5491857e-05
7.7268604e-06
2.3168182e-06
3.1446581e-07
1.5348593e-08
2.8360279e-09
0.00027988306
0.00027628915
0.00026898749
0.00025897782
0.00024685266
0.00023304271
0.00021790194
0.00020174486
0.00018486062
0.00016751741
0.00014996412
0.00013243216
0.00011399191
9.6199061e-05
7.9480701e-05
6.3896411e-05
4.9528064e-05
3.6538139e-05
2.5100754e-05
1.5498123e-05
7.7307436e-06
2.3183061e-06
3.1470462e-07
1.5360395e-08
2.837464e-09
0.00027996372
0.00027635735
0.00026903621
0.00025900754
0.0002468677
0.0002330486
0.00021790386
0.00020174677
0.00018486502
0.00016752548
0.00014997594
0.00013244711
0.00011399759
9.6208059e-05
7.9493696e-05
6.3911015e-05
4.9542015e-05
3.6550012e-05
2.510993e-05
1.5504472e-05
7.7346342e-06
2.3197935e-06
3.149432e-07
1.5372212e-08
2.8389347e-09
0.00028004262
0.00027642428
0.00026908447
0.00025903772
0.00024688401
0.00023305643
0.00021790813
0.00020175123
0.00018487198
0.00016753596
0.00014998996
0.00013246401
0.00011400536
9.6218104e-05
7.9506813e-05
6.3925282e-05
4.9555586e-05
3.6561689e-05
2.5119126e-05
1.5510972e-05
7.7387463e-06
2.3213707e-06
3.1519628e-07
1.5384595e-08
2.8403107e-09
0.00028011194
0.00027648249
0.00026912541
0.00025906215
0.00024689607
0.00023306128
0.00021791047
0.00020175454
0.00018487837
0.00016754627
0.00015000404
0.00013248106
0.00011401269
9.623055e-05
7.952482e-05
6.3945106e-05
4.957408e-05
3.6576709e-05
2.5130124e-05
1.5518179e-05
7.7427957e-06
2.3229095e-06
3.1544396e-07
1.5397251e-08
2.8422862e-09
0.00028018866
0.00027654834
0.00026917443
0.00025909509
0.00024691696
0.00023307505
0.0002179215
0.00020176602
0.00018489211
0.00016756288
0.00015002327
0.00013250218
0.00011400061
9.6222897e-05
7.9524283e-05
6.3948388e-05
4.9579183e-05
3.6582257e-05
2.5135068e-05
1.5521989e-05
7.745835e-06
2.3240985e-06
3.1563756e-07
1.5407004e-08
2.8435572e-09
)
;

boundaryField
{
    inlet
    {
        type            calculated;
        value           nonuniform List<scalar> 
25
(
0.00029348392
0.00029348392
0.00029348392
0.00029348392
0.00029348392
0.00029348392
0.00029348392
0.00029348392
0.00029348392
0.00026991173
0.00024623381
0.0002263091
0.0002098515
0.00019552354
0.00018219679
0.00017077497
0.00016195161
0.00015333449
0.00012617818
5.9273356e-05
2.0939147e-05
8.2539866e-06
3.6813639e-06
1.7608478e-06
8.4903874e-07
)
;
    }
    outlet
    {
        type            calculated;
        value           nonuniform List<scalar> 
25
(
0.00028018866
0.00027654834
0.00026917443
0.00025909509
0.00024691696
0.00023307505
0.0002179215
0.00020176602
0.00018489211
0.00016756288
0.00015002327
0.00013250218
0.00011407078
9.6454509e-05
8.0305973e-05
6.6313707e-05
5.1781561e-05
3.8421073e-05
2.6419458e-05
1.605386e-05
7.745835e-06
2.3240985e-06
3.1563756e-07
1.5407004e-08
2.8435572e-09
)
;
    }
    wall
    {
        type            nutkWallFunction;
        blending        stepwise;
        Cmu             0.09;
        kappa           0.41;
        E               9.8;
        value           uniform 0;
    }
    front
    {
        type            wedge;
    }
    back
    {
        type            wedge;
    }
    axis
    {
        type            empty;
    }
}


// ************************************************************************* //
