/*--------------------------------*- C++ -*----------------------------------*\
| =========                 |                                                 |
| \\      /  F ield         | OpenFOAM: The Open Source CFD Toolbox           |
|  \\    /   O peration     | Version:  v2012                                 |
|   \\  /    A nd           | Website:  www.openfoam.com                      |
|    \\/     M anipulation  |                                                 |
\*---------------------------------------------------------------------------*/
FoamFile
{
    version     2.0;
    format      ascii;
    class       volScalarField;
    location    "2000";
    object      omega;
}
// * * * * * * * * * * * * * * * * * * * * * * * * * * * * * * * * * * * * * //

dimensions      [0 0 -1 0 0 0 0];


internalField   nonuniform List<scalar> 
6250
(
28.439745
28.440529
28.451834
28.470566
28.496496
28.533827
28.593166
28.699586
28.908127
29.3351
30.215362
31.979456
35.360459
41.62901
53.444553
76.616884
122.9305
215.21647
394.01472
731.78783
1377.5569
2704.3624
5898.8932
16554.412
93104.68
28.175264
28.184303
28.207891
28.248067
28.307779
28.402402
28.567523
28.878502
29.484661
30.665401
32.885848
36.877128
43.950696
56.609363
79.647337
122.28691
200.90309
341.8996
586.87695
1008.0717
1737.616
3041.4357
5803.2949
15307.187
93060.515
27.875736
27.890616
27.924125
27.982535
28.076187
28.237628
28.536625
29.106656
30.180357
32.137345
35.577762
41.480671
51.571157
69.02657
99.730396
154.23049
250.11804
415.66397
697.8299
1166.8847
1898.8054
3027.5278
5406.1495
14752.644
93055.944
27.566156
27.586357
27.630902
27.710356
27.846717
28.094433
28.559614
29.426335
30.988325
33.696982
38.255301
45.818711
58.403264
79.641718
116.0786
179.19181
288.59901
477.80715
796.99973
1289.5409
1959.4412
2918.0664
5179.2667
14634.291
93055.113
27.261551
27.287479
27.34541
27.45145
27.641471
27.992999
28.644871
29.820039
31.854475
35.250346
40.78819
49.755821
64.388875
88.67878
129.80446
200.66174
324.35567
538.61857
883.95564
1362.5728
1947.9308
2812.2617
5073.3457
14609.442
93054.825
26.963194
26.995198
27.068703
27.206609
27.45977
27.927806
28.776538
30.256949
32.734128
36.748397
43.143847
53.321334
69.719769
96.725894
142.41046
221.81476
361.70605
598.65093
953.4765
1398.1746
1917.2169
2742.0427
5022.4391
14619.256
93054.53
26.672556
26.711582
26.803415
26.978776
27.303575
27.897004
28.945653
30.720031
33.606254
38.176473
45.333161
56.589156
74.610284
104.29207
154.91862
244.00821
400.3062
653.90479
1004.0423
1410.712
1885.1077
2692.7893
4996.0227
14682.578
93054.309
26.391347
26.438586
26.551736
26.76982
27.172848
27.896219
29.141653
31.193195
34.453561
39.524501
47.367944
59.620746
79.224944
111.7293
167.88456
267.45427
438.60549
701.23852
1037.943
1410.8448
1856.3086
2660.8936
5008.7351
14915.97
93054.155
26.120176
26.176839
26.314182
26.579442
27.065116
27.919308
29.354358
31.664099
35.26606
40.792449
49.270918
62.484414
83.715131
119.30289
181.55066
291.64914
474.99155
740.00022
1059.2651
1404.7512
1831.3871
2639.8987
5038.3934
15199.631
93054.036
25.859232
25.926545
26.090736
26.406701
26.97747
27.960647
29.575914
32.124922
36.040142
41.987489
51.070729
65.247846
88.210256
127.19638
195.9685
316.07227
508.29604
770.4572
1071.4983
1394.8782
1807.0412
2613.9261
5022.9171
15199.65
93053.942
25.608662
25.687796
25.881148
26.250358
26.906935
28.015306
29.800344
32.570887
36.775845
43.11994
52.796527
67.971607
92.812527
135.51682
211.0353
340.09093
537.73626
793.55687
1077.3786
1383.0134
1784.3695
2590.3455
5007.4902
15195.994
93053.868
25.36852
25.460524
25.684912
26.10893
26.850614
28.079136
30.023358
32.999657
37.475897
44.202143
54.476917
70.708402
97.59526
144.28326
226.44918
363.12198
563.14281
810.39689
1078.7915
1370.2499
1763.7279
2569.9473
4994.4978
15193.035
93053.809
25.138751
25.244516
25.50135
25.980858
26.805881
28.148852
30.242171
33.410827
38.144939
45.24755
56.139321
73.504212
102.61288
153.48619
242.01152
384.72833
584.44538
822.07302
1077.0157
1357.2015
1745.0619
2552.3714
4983.6111
15190.664
93053.763
24.919222
25.039463
25.32968
25.86461
26.770453
28.221957
30.455183
33.805342
38.788721
46.269867
57.809515
76.39956
107.90763
163.10485
257.5591
404.31275
601.60673
829.56039
1072.9434
1344.2371
1728.2724
2537.2301
4974.4347
15188.745
93053.726
24.709728
24.844968
25.169068
25.758735
26.742404
28.296629
30.66171
34.185108
39.413776
47.283383
59.514965
79.445967
113.58707
173.48447
272.69853
420.7578
614.75799
833.6659
1067.2375
1331.5818
1713.1839
2524.1505
4966.6647
15187.178
93053.696
24.510001
24.660576
25.018658
25.661908
26.720154
28.371635
30.861802
34.552768
40.027232
48.302763
61.28287
82.688387
119.69751
184.50879
287.04062
434.30814
624.40392
835.05214
1060.3797
1319.3524
1699.5971
2512.8223
4960.0765
15185.892
93053.674
24.319716
24.485784
24.877611
25.572946
26.702461
28.446246
31.056118
34.911623
40.637121
49.345053
63.150426
86.221439
126.55998
195.75983
299.92234
445.97345
631.25195
834.29792
1052.7158
1307.5987
1687.3373
2503.0055
4954.5009
15184.84
93053.657
24.138506
24.320068
24.745124
25.490829
26.688383
28.520166
31.245835
35.265608
41.2525
50.42971
65.160471
90.14214
134.37086
207.1713
311.11947
456.00522
635.86226
831.88554
1044.4984
1296.3341
1676.2554
2494.5075
4949.8043
15183.987
93053.644
23.965975
24.162893
24.620449
25.414693
26.677259
28.593467
31.432549
35.619057
41.882483
51.57346
67.33458
94.414748
142.50018
218.31236
321.48949
464.56953
638.65958
828.20503
1035.9205
1285.5573
1666.2236
2487.1685
4945.8779
15183.308
93053.636
23.801701
24.013729
24.502903
25.343828
26.668674
28.666552
31.618307
35.977258
42.539682
52.810528
69.793637
99.607044
151.21385
228.24409
330.93153
471.58488
639.89824
823.55807
1027.1334
1275.2601
1657.1277
2480.8461
4942.6224
15182.776
93053.632
23.645258
23.87206
24.391873
25.277673
26.662437
28.740125
31.805573
36.346092
43.236897
54.166127
72.559623
105.4366
160.17262
237.35776
339.49378
476.96096
639.61228
818.10137
1018.2248
1265.4207
1648.8655
2475.4201
4939.9592
15182.374
93053.631
23.496215
23.737396
24.286824
25.215808
26.658567
28.815142
31.997038
36.731231
43.983796
55.647544
75.579188
111.45232
168.94197
246.09227
347.18731
480.81301
637.97521
811.95038
1009.2398
1256.0055
1641.3463
2470.7912
4937.8288
15182.096
93053.634
23.354152
23.609279
24.187299
25.157949
26.657267
28.892818
32.195886
37.140123
44.80011
57.326714
79.223971
117.91768
176.89987
254.25755
353.94528
483.44367
635.28885
805.22703
1000.2087
1246.9751
1634.4815
2466.8613
4936.1671
15181.928
93053.639
23.218664
23.487288
24.092917
25.103936
26.65892
28.974631
32.405781
37.581168
45.705191
59.242187
83.463069
124.79952
184.18823
261.63512
359.75436
485.26776
631.94708
797.97763
991.07589
1238.2419
1628.1644
2463.5329
4934.9225
15181.87
93053.646
23.089367
23.371042
24.003372
25.053721
26.664058
29.062222
32.630348
38.060973
46.705317
61.357812
87.923639
131.69871
191.22266
268.23042
364.80318
486.53811
628.15534
790.38755
981.87648
1229.7504
1622.2998
2460.7128
4934.0474
15181.928
93053.656
22.965897
23.260197
23.918424
25.007352
26.673322
29.157314
32.87315
38.585953
47.811577
63.708916
92.527167
138.31686
197.97738
274.1533
369.25156
487.39065
624.09478
782.68163
972.73732
1221.5151
1616.8247
2458.31
4933.4803
15182.097
93053.667
22.847915
23.154446
23.837894
24.96496
26.687474
29.261911
33.139055
39.170371
49.08225
66.603509
97.581142
144.23362
204.29428
279.47423
373.19076
487.87539
619.89613
775.0509
963.81497
1213.6112
1611.7592
2456.2978
4933.1884
15182.375
93053.68
22.735109
23.053522
23.76166
24.926755
26.707383
29.37818
33.432886
39.82372
50.519856
69.833641
102.84884
149.83912
210.14652
284.24097
376.64023
487.97476
615.63957
767.63022
955.2431
1206.1151
1607.0591
2454.5622
4933.0978
15182.756
93053.693
22.627192
22.957194
23.689649
24.893009
26.73397
29.508158
33.758114
40.547646
52.095843
73.196379
108.11499
155.33656
215.55951
288.54903
379.52503
487.591
611.35821
760.50017
947.10921
1199.0697
1602.6831
2453.0344
4933.1206
15183.182
93053.707
22.523907
22.865264
23.621835
24.864039
26.768167
29.653741
34.117828
41.346434
53.826923
76.657358
113.24524
160.70136
220.553
292.50476
381.69137
486.57643
607.04613
753.69514
939.45443
1192.4837
1598.6344
2451.6781
4933.2174
15183.638
93053.721
22.425026
22.777573
23.558236
24.840224
26.811032
29.817544
34.520144
42.257519
55.934795
80.456815
117.94805
165.80689
225.09327
296.03875
383.34436
485.19101
602.78978
747.26277
932.28538
1186.3481
1594.893
2450.4619
4933.3599
15184.11
93053.735
22.330349
22.693992
23.498914
24.821996
26.863751
30.002449
34.972067
43.291777
58.334575
84.489248
122.41263
170.5907
229.15932
299.1657
384.61443
483.59456
598.69554
741.25837
925.59311
1180.6305
1591.4225
2449.3526
4933.5259
15184.592
93053.748
22.239706
22.614426
23.443966
24.809834
26.927498
30.21076
35.475837
44.433482
60.867453
88.5661
126.77736
175.04923
232.80889
301.93013
385.59525
481.90012
594.80584
735.68756
919.39841
1175.3296
1588.2038
2448.3276
4933.6987
15185.078
93053.762
22.152952
22.538813
23.393523
24.804224
27.003309
30.443889
36.030244
45.663203
63.455988
92.602018
131.05208
179.1922
236.07553
304.37887
386.33812
480.16661
591.12933
730.54186
913.70961
1170.4539
1585.2337
2447.3768
4933.8675
15185.561
93053.775
22.069972
22.467115
23.347744
24.805679
27.092348
30.704711
36.647734
47.069693
66.18659
96.436146
135.18405
183.02038
238.99624
306.54697
386.85494
478.41829
587.6595
725.79832
908.51029
1165.9976
1582.5085
2446.4965
4934.0264
15186.034
93053.788
21.990675
22.399325
23.306819
24.814794
27.196182
30.998315
37.349618
48.744585
69.162257
99.988461
139.12011
186.56473
241.75986
308.33462
386.88342
476.60617
584.36767
721.42004
903.76539
1161.944
1580.0096
2445.6823
4934.1743
15186.494
93053.8
21.914996
22.33546
23.270978
24.832223
27.316428
31.328263
38.136726
50.591917
72.261871
103.42743
142.84707
189.82029
244.30065
309.79645
386.58551
474.74285
581.23465
717.36772
899.42701
1158.2489
1577.7273
2444.9344
4934.3141
15186.941
93053.812
21.842894
22.275567
23.240472
24.858621
27.454363
31.695534
38.998562
52.524978
75.389286
106.83678
146.36256
192.77803
246.59039
311.00014
386.0857
472.85894
578.25114
713.60645
895.448
1154.8716
1575.6423
2444.2517
4934.4505
15187.374
93053.824
21.774351
22.219713
23.21557
24.894575
27.610797
32.099336
39.923712
54.500802
78.501105
110.21593
149.66142
195.43903
248.63903
311.99904
385.45627
470.98161
575.41193
710.10665
891.78639
1151.7753
1573.7356
2443.6326
4934.5883
15187.795
93053.836
21.709371
22.167983
23.196551
24.940718
27.787219
32.546177
40.963406
56.571784
81.503006
113.52243
152.73407
197.8153
250.47266
312.83325
384.74278
469.13045
572.71176
706.84221
888.4051
1148.9273
1571.9893
2443.0748
4934.7307
15188.206
93053.848
21.647974
22.120485
23.18374
24.997926
27.986676
33.050797
42.195535
58.826932
84.303127
116.67356
155.5812
199.97001
252.1171
313.52456
383.97318
467.31852
570.14484
703.7901
885.27198
1146.299
1570.3877
2442.5765
4934.8818
15188.609
93053.859
21.590204
22.077353
23.177512
25.067187
28.211795
33.616845
43.570009
61.196319
87.000868
119.67107
158.2461
202.06581
253.57048
313.86397
383.11851
465.54183
567.70112
700.92915
882.35984
1143.8671
1568.9184
2442.1376
4935.046
15189.005
93053.871
21.536122
22.038738
23.178261
25.149378
28.463765
34.23914
45.023632
63.605641
89.671647
122.52609
160.73521
204.04059
254.83332
313.96723
382.1895
463.79853
565.37009
698.23992
879.645
1141.6118
1567.571
2441.7573
4935.226
15189.397
93053.882
21.485804
22.00481
23.186365
25.245132
28.742486
34.910039
46.519068
66.017727
92.333027
125.24403
163.04322
205.86136
255.92409
313.91024
381.20621
462.0899
563.1428
695.70544
877.10712
1139.5166
1566.3349
2441.4336
4935.4232
15189.784
93053.894
21.439343
21.975743
23.202173
25.35495
29.048164
35.631156
48.04841
68.405334
94.972773
127.82325
165.16542
207.52088
256.86557
313.73803
380.18687
460.41841
561.01194
693.31154
874.72998
1137.5707
1565.1976
2441.1634
4935.6388
15190.169
93053.905
21.396844
21.95173
23.226124
25.480206
29.388806
36.466305
49.688588
70.67933
97.558467
130.25657
167.10127
209.02535
257.67927
313.48013
379.14604
458.78638
558.97132
691.04585
872.49803
1135.7577
1564.1554
2440.9457
4935.8736
15190.552
93053.917
21.358426
21.932994
23.258793
25.622869
29.772268
37.433698
51.456936
72.843054
100.06449
132.54154
168.87611
210.39328
258.35852
313.1525
378.09378
457.19538
557.0155
688.89771
870.39816
1134.0657
1563.2022
2440.779
4936.1281
15190.933
93053.928
21.324229
21.919789
23.300807
25.784508
30.199636
38.494594
53.300662
74.966267
102.48555
134.69749
170.58452
211.65364
258.81489
312.74784
377.03266
455.64463
555.13905
686.85834
868.42203
1132.4818
1562.3309
2440.6608
4936.4022
15191.313
93053.94
21.294406
21.912384
23.35273
25.965881
30.66755
39.611527
55.176372
77.086914
104.81069
136.72396
172.18293
212.78963
259.14678
312.28378
375.96785
454.13341
553.33675
684.91947
866.56038
1130.9962
1561.535
2440.5885
4936.6956
15191.692
93053.952
21.269121
21.911044
23.414998
26.167013
31.171294
40.761279
57.060652
79.209445
107.03135
138.62337
173.67584
213.80804
259.37689
311.77401
374.90497
452.66176
551.60413
683.07283
864.80118
1129.604
1560.8108
2440.561
4937.009
15192.071
93053.964
21.248546
21.91602
23.487966
26.388059
31.7117
41.938226
58.935356
81.324251
109.15132
140.39674
175.05683
214.71851
259.52085
311.22844
373.8487
451.23005
549.93765
681.31178
863.13623
1128.2997
1560.155
2440.5771
4937.3426
15192.451
93053.976
21.232863
21.927609
23.572447
26.633701
32.329296
43.193119
60.741826
83.410817
111.16981
142.04377
176.32624
215.53195
259.59118
310.65442
372.80242
449.83873
548.33582
679.63615
861.55376
1127.076
1559.5635
2440.6352
4937.6957
15192.832
93053.988
21.22228
21.946195
23.6697
26.909621
33.044351
44.54801
62.469781
85.450358
113.08374
143.56485
177.48841
216.25914
259.59872
310.05792
371.76841
448.48749
546.79567
678.0382
860.05173
1125.9285
1559.0328
2440.7333
4938.0677
15193.214
93054
21.217032
21.972222
23.780916
27.217884
33.836886
45.971745
64.161193
87.433238
114.89026
144.96198
178.55004
216.90989
259.553
309.44404
370.74826
447.17548
545.31404
676.51205
858.62682
1124.8532
1558.5596
2440.8695
4938.4578
15193.596
93054.012
21.217375
22.006126
23.906875
27.557358
34.680959
47.431411
65.849001
89.355249
116.58781
146.2391
179.51916
217.49265
259.46239
308.81745
369.74333
445.90183
543.88873
675.05257
857.27459
1123.8463
1558.1411
2441.0421
4938.8656
15193.979
93054.024
21.223574
22.048293
24.0479
27.925426
35.558005
48.907519
67.545322
91.213574
118.17603
147.40113
180.40137
218.00212
259.3499
308.20734
368.76099
444.66823
542.52161
673.65202
855.98964
1122.9035
1557.7744
2441.2495
4939.2903
15194.363
93054.037
21.23588
22.099024
24.203952
28.319259
36.45704
50.390358
69.249693
93.00832
119.66989
148.51553
181.22761
218.38049
259.20756
307.61044
367.80307
443.47393
541.20692
672.31114
854.76895
1122.0215
1557.4567
2441.4899
4939.7311
15194.749
93054.049
21.25455
22.158682
24.376132
28.749483
37.390014
51.8583
70.952832
94.734828
121.07574
149.57429
181.99093
218.66821
259.03357
307.01793
366.86781
442.31697
539.94114
671.02735
853.60908
1121.1965
1557.185
2441.7612
4940.187
15195.134
93054.061
21.279896
22.227972
24.568218
29.244557
38.394498
53.27579
72.637782
96.381333
122.39871
150.58093
182.6904
218.88851
258.83116
306.42722
365.95412
441.19714
538.71945
669.79692
852.50632
1120.4252
1556.9566
2442.0622
4940.6579
15195.521
93054.074
21.312313
22.307815
24.783559
29.808876
39.471613
54.649903
74.292376
97.950103
123.64117
151.527
183.32889
219.05416
258.60421
305.83849
365.06196
440.1144
537.53804
668.61639
851.45747
1119.7049
1556.7697
2442.3919
4941.1437
15195.91
93054.087
21.352244
22.399064
25.023325
30.427935
40.597806
56.007686
75.910355
99.442161
124.80333
152.40943
183.91099
219.17348
258.3561
305.25252
364.19084
439.06525
536.39771
667.48389
850.46005
1119.0333
1556.6228
2442.7491
4941.6435
15196.3
93054.099
21.400134
22.502337
25.286925
31.085695
41.751867
57.36808
77.488637
100.8579
125.88524
153.2284
184.44169
219.25274
258.08975
304.67015
363.34047
438.04826
535.29771
666.39778
849.51188
1118.4084
1556.5136
2443.132
4942.1563
15196.691
93054.112
21.456383
22.617974
25.572879
31.770305
42.920898
58.738373
79.025062
102.19747
126.8877
153.9861
184.92575
219.29718
257.80787
304.09262
362.51241
437.06078
534.23651
665.35634
848.61096
1117.8278
1556.4402
2443.539
4942.6812
15197.083
93054.125
21.52132
22.746084
25.879486
32.47425
44.098054
60.118269
80.517376
103.46105
127.81254
154.68597
185.36736
219.31133
257.51306
303.52107
361.70719
436.10155
533.21274
664.35801
847.75544
1117.2898
1556.4007
2443.9686
4943.2173
15197.476
93054.137
21.595272
22.887128
26.210229
33.20062
45.273476
61.502917
81.962913
104.64905
128.66265
155.3322
185.77003
219.29913
257.2076
302.95598
360.92289
435.17197
532.22591
663.40155
846.94369
1116.7925
1556.3936
2444.4193
4943.7637
15197.87
93054.15
21.678853
23.043419
26.584542
33.977204
46.421862
62.88361
83.358509
105.76227
129.44203
155.92941
186.13646
219.26388
256.89352
302.39788
360.15883
434.27205
531.2754
662.48582
846.17423
1116.3343
1556.4171
2444.8899
4944.3198
15198.265
93054.163
21.772948
23.217621
27.01062
34.812345
47.540932
64.252213
84.702031
106.80685
130.17763
156.49313
186.44454
219.20395
256.57183
301.84771
359.4139
433.4011
530.36033
661.60962
845.44556
1115.9135
1556.4696
2445.3788
4944.8845
15198.661
93054.176
21.8785
23.411342
27.482792
35.693606
48.645777
65.602406
85.989129
107.79157
130.89315
157.031
186.68291
219.11698
256.24305
301.30714
358.68577
432.55778
529.47943
660.77144
844.75586
1115.5282
1556.5493
2445.8847
4945.457
15199.056
93054.189
21.996317
23.624978
27.991006
36.604945
49.750816
66.928692
87.214226
108.72189
131.58593
157.53639
186.87067
219.00559
255.90784
300.77458
357.97591
431.74154
528.63159
659.96984
844.10343
1115.1766
1556.6546
2446.4065
4946.0371
15199.453
93054.202
22.126981
23.858096
28.526331
37.534638
50.863826
68.227833
88.380467
109.60021
132.24747
158.00753
187.01832
218.87319
255.56739
300.24991
357.28467
430.95195
527.81587
659.20359
843.48694
1114.8574
1556.7847
2446.9439
4946.6246
15199.85
93054.215
22.270842
24.109852
29.082245
38.475609
51.986939
69.497588
89.489994
110.42686
132.87331
158.44502
187.13237
218.72279
255.22299
299.73347
356.61211
430.1885
527.03136
658.47155
842.90513
1114.5696
1556.9385
2447.4959
4947.219
15200.247
93054.228
22.428054
24.379287
29.654447
39.423927
53.118831
70.736025
90.544123
111.20172
133.46164
158.85052
187.21759
218.55742
254.87769
299.22376
355.95773
429.45056
526.27714
657.77256
842.35672
1114.3118
1557.1149
2448.0615
4947.8195
15200.645
93054.241
22.598724
24.666123
30.241338
40.376738
54.25631
71.94122
91.543608
111.92493
134.01236
159.22596
187.27766
218.37926
254.53169
298.72213
355.32152
428.73763
525.55237
657.10552
841.84042
1114.0826
1557.3126
2448.6398
4948.4257
15201.043
93054.254
22.785012
24.985
30.866461
41.315141
55.393829
73.11102
92.4889
112.59719
134.52654
159.57322
187.31558
218.19006
254.18521
298.22974
354.70359
428.0493
524.85627
656.46937
841.35502
1113.8809
1557.5305
2449.23
4949.037
15201.441
93054.267
22.989585
25.342324
31.536721
42.236455
56.525905
74.243183
93.380389
113.21989
135.00601
159.89391
187.33388
217.99139
253.8388
297.7471
354.10394
427.38516
524.18812
655.86314
840.89934
1113.7054
1557.7676
2449.8313
4949.6531
15201.839
93054.28
23.21445
25.736603
32.245641
43.148091
57.64819
75.335585
94.218582
113.79507
135.45304
160.18939
187.33482
217.78518
253.4926
297.27434
353.52237
426.74473
523.54721
655.28588
840.47225
1113.555
1558.0229
2450.4429
4950.2736
15202.237
93054.293
23.460595
26.162583
32.982428
44.059071
58.757436
76.386369
95.004265
114.32544
135.87023
160.46066
187.32051
217.57385
253.14611
296.81129
352.95856
426.12749
522.93279
654.73665
840.07272
1113.4287
1558.2955
2451.0643
4950.8982
15202.635
93054.307
23.728149
26.614651
33.737944
44.975553
59.85116
77.394678
95.741571
114.82851
136.26836
160.69308
187.28965
217.35693
252.80093
296.35812
352.41217
425.53282
522.34406
654.21448
839.69963
1113.3252
1558.5843
2451.6946
4951.5263
15203.033
93054.32
24.016682
27.088119
34.505959
45.900266
60.926646
78.357968
96.436934
115.3225
136.65411
160.87657
187.23993
217.13401
252.45764
295.91483
351.88277
424.96003
521.78009
653.71827
839.35173
1113.2434
1558.8884
2452.3332
4952.1576
15203.431
93054.333
24.325462
27.579445
35.282604
46.833235
61.980609
79.273424
97.094506
115.80486
137.02171
161.02429
187.17261
216.90539
252.1166
295.48135
351.36991
424.4084
521.24
653.24694
839.02784
1113.182
1559.2068
2452.9796
4952.7922
15203.828
93054.346
24.65364
28.086109
36.06558
47.772878
63.010628
80.143692
97.716363
116.26948
137.36889
161.14387
187.09086
216.67066
251.77796
295.05756
350.87314
423.87728
520.72297
652.79958
838.72704
1113.1405
1559.5392
2453.6339
4953.4302
15204.226
93054.359
25.00036
28.606396
36.853524
48.716764
64.014814
80.970725
98.303069
116.71281
137.69518
161.24001
186.99657
216.43087
251.44207
294.64339
350.39202
423.36597
520.22817
652.37532
838.44849
1113.118
1559.885
2454.2957
4954.0712
15204.623
93054.372
25.364817
29.139177
37.645587
49.662089
64.991584
81.755867
98.854726
117.13305
138.00094
161.3158
186.89084
216.18759
251.10948
294.23886
349.92615
422.87381
519.75479
651.97327
838.19132
1113.1138
1560.2437
2454.9645
4954.7151
15205.02
93054.386
25.746316
29.683796
38.441144
50.605939
65.939524
82.500021
99.371488
117.52962
138.28681
161.37355
186.7749
215.94188
250.78071
293.844
349.47519
422.40019
519.30206
651.59259
837.95466
1113.127
1560.6146
2455.6399
4955.3616
15205.417
93054.399
26.151248
30.252126
39.233239
51.544983
66.857289
83.20383
99.853813
117.90275
138.5535
161.41524
186.64982
215.69453
250.45614
293.45885
349.03884
421.94456
518.86926
651.23246
837.73766
1113.157
1560.9971
2456.3215
4956.0106
15205.814
93054.412
26.586271
30.853966
40.017218
52.47582
67.743587
83.867838
100.30258
118.25328
138.80193
161.44378
186.51531
215.44587
250.13601
293.08338
348.61679
421.50639
518.45569
650.89208
837.5395
1113.2029
1561.3906
2457.009
4956.6619
15206.211
93054.425
27.049821
31.482907
40.797315
53.395688
68.597241
84.492616
100.71905
118.58242
139.03261
161.45963
186.37324
215.19629
249.81963
292.71926
348.21121
421.08591
518.06093
650.57078
837.35944
1113.264
1561.7946
2457.702
4957.3154
15206.607
93054.439
27.538854
32.13207
41.577137
54.302302
69.417228
85.078843
101.10486
118.89156
139.24583
161.46351
186.22476
214.94586
249.50567
292.36985
347.82667
420.68435
517.68497
650.26807
837.19681
1113.3398
1562.2085
2458.4003
4957.9709
15207.003
93054.452
28.049936
32.795784
42.358875
55.193681
70.202714
85.627383
101.46202
119.18225
139.4417
161.45618
186.07085
214.69539
249.1965
292.03229
347.45884
420.30075
517.32729
649.98334
837.05094
1113.4295
1562.6319
2459.1035
4958.6283
15207.399
93054.465
28.579765
33.46989
43.143369
56.068157
70.953932
86.143369
101.81292
119.46843
139.59959
161.43402
185.91149
214.44542
248.89277
291.70508
347.10549
419.93392
516.98714
649.71597
836.9212
1113.5326
1563.0644
2459.8114
4959.2875
15207.794
93054.478
29.125386
34.151487
43.930441
56.924287
71.671339
86.629508
102.15426
119.74599
139.72897
161.39677
185.74673
214.19616
248.59454
291.38729
346.76527
419.58281
516.66371
649.46522
836.80691
1113.6484
1563.5054
2460.5236
4959.9483
15208.19
93054.492
29.684241
34.83856
44.719055
57.759929
72.352168
87.087693
102.48613
120.01181
139.83615
161.34636
185.57705
213.94781
248.30167
291.07825
346.43724
419.24652
516.3562
649.23035
836.70732
1113.7763
1563.9543
2461.2396
4960.6104
15208.585
93054.505
30.254162
35.529662
45.507606
58.573073
72.996656
87.519572
102.80668
120.26423
139.92481
161.28463
185.40321
213.70064
248.01404
290.77751
346.12072
418.92434
516.06393
649.01072
836.62184
1113.9158
1564.4109
2461.9596
4961.2741
15208.979
93054.518
30.833326
36.223683
46.294178
59.362191
73.606424
87.92608
103.11357
120.50258
139.99729
161.21308
185.22599
213.45499
247.73162
290.48472
345.81517
418.61562
515.78629
648.80577
836.55004
1114.0665
1564.875
2462.6836
4961.9395
15209.374
93054.531
31.420206
36.919696
47.076728
60.126104
74.182786
88.307788
103.40578
120.72783
140.05397
161.13268
185.04603
213.21117
247.45442
290.19963
345.52012
418.31981
515.52271
648.61498
836.49145
1114.2282
1565.3465
2463.4113
4962.6063
15209.768
93054.545
32.013512
37.616853
47.853184
60.863874
74.726785
88.66513
103.68279
120.93948
140.09677
161.04437
184.8639
212.96949
247.18248
289.92207
345.2352
418.0364
515.27263
648.43783
836.4456
1114.4005
1565.825
2464.1425
4963.2744
15210.163
93054.558
32.612143
38.314327
48.621518
61.574729
75.239264
88.998595
103.94452
121.13736
140.12713
160.94902
184.68006
212.7302
246.91584
289.6519
344.96007
417.76491
515.03554
648.27379
836.412
1114.5828
1566.3102
2464.877
4963.9438
15210.556
93054.571
33.215142
39.011267
49.379769
62.258016
75.720955
89.308843
104.19121
121.32147
140.14617
160.84736
184.49493
212.49349
246.65455
289.38899
344.69445
417.50491
514.81094
648.12235
836.39016
1114.7748
1566.8018
2465.6148
4964.6144
15210.95
93054.585
33.82165
39.706778
50.126069
62.913186
76.172581
89.596816
104.42393
121.49127
140.15471
160.74006
184.30885
212.25953
246.39863
289.13325
344.43806
417.25602
514.59837
647.98303
836.37961
1114.9761
1567.2994
2466.3556
4965.2862
15211.344
93054.598
34.43088
40.39991
50.858646
63.539793
76.594906
89.863673
104.64358
121.64661
140.15339
160.62768
184.12212
212.02843
246.14807
288.88457
344.19067
417.01784
514.39737
647.85534
836.37987
1115.1862
1567.8029
2467.0993
4965.9591
15211.737
93054.611
35.042082
41.089652
51.57584
64.137528
76.988929
90.111669
104.85127
121.78686
140.14268
160.51067
183.935
211.80027
245.90284
288.64283
343.95203
416.79003
514.20752
647.73882
836.39051
1115.4049
1568.312
2467.8458
4966.6331
15212.13
93054.625
35.654523
41.774948
52.276184
64.706774
77.358381
90.356419
105.05717
121.89756
140.12068
160.38902
183.7476
211.57508
245.66289
288.40789
343.72191
416.57225
514.02841
647.63303
836.41108
1115.6316
1568.8264
2468.595
4967.3082
15212.523
93054.638
36.267473
42.454702
52.958391
65.248006
77.705208
90.59463
105.25672
121.98637
140.08756
160.26277
183.55997
211.35283
245.42811
288.1796
343.50005
416.36415
513.85963
647.53756
836.44118
1115.8661
1569.3459
2469.3468
4967.9843
15212.916
93054.651
36.880187
43.127787
53.621306
65.761646
78.030427
90.824322
105.447
122.05793
140.04424
160.13217
183.37217
211.13349
245.19839
287.95778
343.28622
416.16541
513.70081
647.452
836.48047
1116.1081
1569.8702
2470.1011
4968.6615
15213.308
93054.665
37.491897
43.793045
54.263875
66.247982
78.334476
91.043441
105.62716
122.11524
139.99184
159.99762
183.18433
210.91699
244.97359
287.74225
343.08007
415.97554
513.55149
647.37652
836.52927
1116.3571
1570.399
2470.8577
4969.3398
15213.701
93054.678
38.101801
44.44929
54.885111
66.707195
78.617589
91.250796
105.79674
122.16032
139.93145
159.8596
182.99662
210.70333
244.75356
287.53275
342.88133
415.79429
513.41159
647.31086
836.58717
1116.6132
1570.9321
2471.6163
4970.0189
15214.093
93054.691
38.709058
45.095307
55.484097
67.139463
78.880352
91.44543
105.95546
122.19458
139.86406
159.71862
182.80923
210.49251
244.53817
287.32909
342.68973
415.62142
513.28085
647.25458
836.65382
1116.8762
1571.4696
2472.377
4970.6988
15214.485
93054.705
39.312778
45.729858
56.059983
67.544972
79.12329
91.626948
106.10313
122.21905
139.79047
159.57516
182.62238
210.28453
244.32731
287.13108
342.50506
415.45669
513.15892
647.20723
836.72878
1117.146
1572.0114
2473.1398
4971.3796
15214.877
93054.718
39.912011
46.351648
56.611785
67.923165
79.34674
91.796653
106.23958
122.23442
139.71137
159.42965
182.43628
210.07943
244.12086
286.93854
342.32708
415.29978
513.04542
647.16833
836.81159
1117.4222
1572.5573
2473.9046
4972.0611
15215.269
93054.732
40.505735
46.959303
57.138456
68.273781
79.551649
91.955802
106.36458
122.24107
139.62729
159.28249
182.25115
209.87727
243.91877
286.75134
342.15558
415.15042
512.93997
647.13746
836.90179
1117.7044
1573.107
2474.6714
4972.7436
15215.661
93054.745
41.092863
47.551452
57.639332
68.598368
79.738658
92.104409
106.47794
122.23926
139.5386
159.13401
182.06719
209.67809
243.72098
286.56935
341.99037
415.00834
512.84226
647.11427
836.99908
1117.9924
1573.6606
2475.4401
4973.427
15216.053
93054.758
41.67224
48.12675
58.113944
68.897762
79.908991
92.2427
106.57953
122.22921
139.44556
158.98446
181.88457
209.48198
243.52747
286.39246
341.83125
414.87327
512.75199
647.09844
837.10317
1118.286
1574.2178
2476.2109
4974.1115
15216.444
93054.772
42.242665
48.683923
58.562129
69.173434
80.067261
92.37364
106.66579
122.21059
139.34829
158.83401
181.70342
209.28897
243.3382
286.22057
341.67806
414.74497
512.66886
647.08968
837.21378
1118.5849
1574.7786
2476.9837
4974.7969
15216.836
93054.785
42.80292
49.221875
58.984478
69.427699
80.22117
92.502119
106.73057
122.18236
139.24668
158.6827
181.52381
209.09911
243.15314
286.05359
341.53062
414.62321
512.59263
647.08774
837.33068
1118.889
1575.3429
2477.7582
4975.4833
15217.228
93054.799
43.351786
49.73965
59.38155
69.661969
80.368731
92.625186
106.77847
122.14459
139.14066
158.53052
181.34575
208.9124
242.97225
285.89143
341.38877
414.50777
512.52303
647.09235
837.45363
1119.1981
1575.9104
2478.5346
4976.1706
15217.62
93054.812
43.888043
50.236348
59.753585
69.877332
80.508451
92.741096
106.8124
122.09782
139.03032
158.37747
181.16921
208.72879
242.79547
285.73398
341.25237
414.39846
512.45985
647.10329
837.58241
1119.512
1576.481
2479.3127
4976.8589
15218.011
93054.826
44.410515
50.711375
60.100686
70.074502
80.639288
92.848778
106.83428
122.04272
138.91584
158.22356
180.99416
208.54823
242.62273
285.58114
341.12125
414.29507
512.40287
647.12034
837.71685
1119.8305
1577.0548
2480.0924
4977.548
15218.403
93054.839
44.918042
51.164054
60.42307
70.254019
80.760582
92.947542
106.84541
121.97997
138.79746
158.06884
180.82056
208.37065
242.45394
285.43282
340.99529
414.19744
512.35189
647.14331
837.85674
1120.1535
1577.6315
2480.8738
4978.238
15218.795
93054.853
45.409564
51.593471
60.72115
70.416388
80.871977
93.036911
106.84669
121.91019
138.67546
157.91338
180.64838
208.19598
242.289
285.2889
340.87434
414.10537
512.30671
647.172
838.00192
1120.4808
1578.211
2481.6568
4978.929
15219.187
93054.866
45.884002
51.998813
60.995352
70.562142
80.973346
93.116529
106.83877
121.83393
138.55013
157.7573
180.4776
208.02414
242.12781
285.14925
340.75824
414.0187
512.26716
647.20623
838.15222
1120.8123
1578.7933
2482.4412
4979.6207
15219.579
93054.88
46.340112
52.379426
61.246147
70.691882
81.064735
93.186106
106.82212
121.75164
138.42174
157.60068
180.30823
207.85506
241.97027
285.01376
340.64687
413.93727
512.23306
647.24584
838.30748
1121.148
1579.3783
2483.2271
4980.3133
15219.971
93054.893
46.776694
52.734744
61.474069
70.806289
81.146309
93.245393
106.79708
121.66371
138.29054
157.44365
180.14027
207.68868
241.81627
284.88231
340.54008
413.86091
512.20425
647.29066
838.46757
1121.4875
1579.9658
2484.0144
4981.0068
15220.364
93054.907
47.192605
53.064306
61.679739
70.906148
81.218331
93.294153
106.76391
121.57046
138.15674
157.2863
179.97372
207.52494
241.66572
284.75479
340.43772
413.78948
512.18056
647.34053
838.63233
1121.8309
1580.5558
2484.8031
4981.701
15220.756
93054.92
47.586816
53.367947
61.864588
70.996487
81.284708
93.328085
106.72222
121.47205
138.02053
157.12873
179.80859
207.36379
241.51852
284.63108
340.33968
413.72281
512.16184
647.39532
838.80164
1122.1781
1581.1483
2485.593
4982.396
15221.149
93054.934
47.958466
53.645825
62.030447
71.081188
81.347756
93.344857
106.67146
121.36852
137.88201
156.971
179.64489
207.20517
241.3746
284.51106
340.24581
413.66077
512.14794
647.45487
838.97536
1122.5288
1581.743
2486.3842
4983.0917
15221.542
93054.947
48.306869
53.898234
62.178583
71.159147
81.405415
93.347321
106.61166
121.2599
137.74127
156.81316
179.48261
207.04905
241.23385
284.39465
340.156
413.60322
512.13873
647.51906
839.15338
1122.8831
1582.3401
2487.1766
4983.7882
15221.934
93054.961
48.631518
54.125556
62.309925
71.229536
81.456401
93.337331
106.54313
121.14627
137.59837
156.65525
179.32175
206.89536
241.09622
284.28174
340.07014
413.55004
512.13408
647.58777
839.33561
1123.2408
1582.9393
2487.9701
4984.4853
15222.328
93054.975
48.932089
54.328268
62.425216
71.291797
81.499861
93.31612
106.46624
121.02777
137.45336
156.49728
179.16227
206.74405
240.96161
284.17223
339.9881
413.50109
512.13386
647.66089
839.52193
1123.6018
1583.5406
2488.7646
4985.1831
15222.721
93054.988
49.208434
54.506874
62.524888
71.344935
81.535246
93.28537
106.38134
120.90445
137.30628
156.33925
179.00415
206.59504
240.82993
284.06602
339.90976
413.45623
512.13792
647.73825
839.71216
1123.966
1584.1438
2489.5601
4985.8815
15223.114
93055.002
49.460594
54.661898
62.609073
71.387959
81.562479
93.246899
106.28864
120.77618
137.1571
156.18117
178.84735
206.44829
240.70109
283.96299
339.83499
413.41532
512.14609
647.81968
839.90616
1124.3333
1584.7489
2490.3564
4986.5804
15223.508
93055.016
49.695019
54.802516
62.674158
71.421175
81.581578
93.200865
106.18837
120.64284
137.00571
156.023
178.69186
206.30373
240.57501
283.86307
339.76371
413.37826
512.1583
647.90512
840.10388
1124.7035
1585.3558
2491.1537
4987.2801
15223.901
93055.029
49.91311
54.929091
62.721259
71.444985
81.592436
93.147414
106.08081
120.50437
136.85196
155.86468
178.53765
206.16134
240.45165
283.76617
339.69582
413.34495
512.17446
647.9945
840.30529
1125.0768
1585.9647
2491.952
4987.9805
15224.296
93055.043
50.115098
55.040868
62.752154
71.459838
81.594927
93.086671
105.96626
120.36078
136.69573
155.70608
178.38465
206.02106
240.33093
283.67222
339.63123
413.31531
512.19447
648.08777
840.51035
1125.4531
1586.5755
2492.7513
4988.6815
15224.69
93055.057
50.301229
55.138174
62.772642
71.470246
81.58521
93.018226
105.8449
120.21214
136.53689
155.54708
178.23277
205.88283
240.21279
283.58115
339.56986
413.28924
512.21827
648.18484
840.71902
1125.8324
1587.188
2493.5513
4989.3829
15225.085
93055.07
50.471809
55.221604
62.78446
71.476323
81.563795
92.941889
105.7169
120.05851
136.37536
155.38753
178.0819
205.74658
240.09717
283.4929
339.51163
413.26667
512.24579
648.28568
840.93123
1126.2146
1587.8023
2494.352
4990.0849
15225.479
93055.084
50.6272
55.291749
62.78767
71.47691
81.532335
92.857774
105.58241
119.89999
136.21109
155.22731
177.93192
205.6122
239.984
283.40739
339.45649
413.24753
512.27694
648.39021
841.14693
1126.5996
1588.4183
2495.1534
4990.7872
15225.874
93055.098
50.767809
55.349219
62.782384
71.471276
81.491951
92.766179
105.44165
119.73668
136.04402
155.06628
177.78269
205.4796
239.8732
283.32458
339.40436
413.23176
512.3117
648.49841
841.36611
1126.9874
1589.0359
2495.9554
4991.49
15226.27
93055.111
50.894097
55.394659
62.768814
71.45898
81.443302
92.667348
105.29492
119.56876
135.8742
154.90436
177.63406
205.34863
239.76466
283.24435
339.35514
413.21923
512.3499
648.61011
841.58858
1127.3779
1589.6548
2496.7577
4992.1927
15226.665
93055.125
51.006613
55.428969
62.747367
71.438818
81.384566
92.562194
105.14563
119.39611
135.70109
154.74126
177.48588
205.21916
239.65823
283.16657
339.30871
413.2098
512.3914
648.72511
841.81407
1127.7706
1590.2748
2497.56
4992.8956
15227.06
93055.139
51.106869
55.4579
62.723943
71.4063
81.3166
92.451845
104.99333
119.21877
135.52421
154.57659
177.33796
205.0911
239.55386
283.0912
339.265
413.20343
512.43615
648.84339
842.04261
1128.1657
1590.8961
2498.3629
4993.5991
15227.456
93055.153
51.196057
55.481303
62.696965
71.363009
81.240309
92.336839
104.83785
119.03698
135.34334
154.40992
177.19001
204.96431
239.45149
283.01819
339.22398
413.20007
512.48413
648.96496
842.27428
1128.5634
1591.5189
2499.1663
4994.3029
15227.853
93055.166
51.275115
55.499011
62.665445
71.31022
81.156503
92.217456
104.67918
118.85109
135.15848
154.24091
177.04168
204.83859
239.35101
282.94747
339.1856
413.19968
512.53532
649.08986
842.50915
1128.9638
1592.1432
2499.9701
4995.0069
15228.249
93055.18
51.344777
55.510894
62.628815
71.248995
81.065916
92.093882
104.51728
118.66139
134.96983
154.06943
176.89267
204.71368
239.25226
282.87896
339.14978
413.2022
512.58966
649.21801
842.74715
1129.3666
1592.7687
2500.7739
4995.7108
15228.646
93055.194
51.405632
55.516878
62.586789
71.180104
80.968677
91.964796
104.3526
118.47024
134.77749
153.89504
176.74259
204.58927
239.15503
282.8125
339.11639
413.20748
512.64699
649.34924
842.98804
1129.7716
1593.395
2501.5774
4996.4144
15229.043
93055.208
51.458162
55.516949
62.539243
71.104045
80.864694
91.829746
104.18613
118.27922
134.58155
153.71707
176.59083
204.46503
239.05914
282.74799
339.08536
413.21547
512.70725
649.48347
843.23172
1130.1787
1594.0222
2502.3807
4997.118
15229.44
93055.222
51.50277
55.511142
62.486155
71.021223
80.754287
91.689924
104.01853
118.0879
134.38238
153.53522
176.43681
204.34051
238.96437
282.68534
339.05666
413.22616
512.77045
649.62074
843.47829
1130.5881
1594.6505
2503.1841
4997.8216
15229.837
93055.235
51.539807
55.499536
62.427586
70.932039
80.637991
91.546212
103.85
117.89606
134.18044
153.34957
176.28011
204.21522
238.8704
282.62441
339.03023
413.23951
512.83659
649.76108
843.72783
1130.9999
1595.2798
2503.9873
4998.525
15230.235
93055.249
51.569585
55.482245
62.363667
70.836917
80.516347
91.398979
103.67977
117.70377
133.97727
153.16041
176.1204
204.08866
238.77681
282.56492
339.0059
413.2554
512.90553
649.90436
843.98017
1131.4138
1595.9098
2504.7898
4999.2277
15230.633
93055.263
51.592397
55.459422
62.29458
70.736247
80.389663
91.247855
103.50625
117.51202
133.77601
152.96796
175.95679
203.96006
238.68313
282.50661
338.98352
413.27373
512.9772
650.05047
844.23515
1131.8295
1596.5403
2505.5914
4999.9299
15231.03
93055.277
51.608519
55.431244
62.220542
70.630381
80.258209
91.093025
103.33074
117.3215
133.57602
152.77275
175.78897
203.82863
238.58874
282.44919
338.96301
413.29452
513.05163
650.19948
844.49289
1132.2473
1597.1714
2506.3926
5000.6316
15231.429
93055.291
51.61822
55.397909
62.141787
70.519652
80.122312
90.934948
103.15405
117.13225
133.37696
152.57537
175.61718
203.69397
238.49305
282.3922
338.94413
413.31766
513.12883
650.35144
844.75348
1132.6674
1597.8032
2507.1928
5001.3325
15231.827
93055.305
51.621764
55.35963
62.058563
70.404395
79.982343
90.774028
102.97629
116.94306
133.17908
152.37814
175.44189
203.55563
238.39539
282.33512
338.92655
413.34299
513.20867
650.50623
845.01675
1133.0893
1598.4352
2507.9916
5002.0321
15232.225
93055.319
51.619416
55.316634
61.97113
70.284945
79.838637
90.610437
102.79701
116.75283
132.98333
152.18363
175.26362
203.41286
238.29487
282.27731
338.90992
413.37032
513.29108
650.6638
845.28261
1133.5129
1599.0672
2508.7889
5002.7305
15232.624
93055.333
51.611438
55.269155
61.879757
70.161624
79.691497
90.444352
102.6164
116.56276
132.79017
151.9912
175.08311
203.26564
238.19078
282.21805
338.89381
413.3995
513.37606
650.82423
845.55122
1133.9385
1599.6994
2509.5846
5003.4276
15233.022
93055.347
51.598092
55.21743
61.78471
70.034743
79.541217
90.276034
102.43485
116.37349
132.5995
151.80054
174.90118
203.11453
238.0829
282.15673
338.87769
413.43026
513.46355
650.9876
845.8227
1134.3661
1600.3317
2510.3784
5004.1229
15233.42
93055.36
51.579641
55.161702
61.686255
69.904607
79.388106
90.105799
102.25274
116.18517
132.41061
151.61163
174.71922
202.96035
237.97134
282.09298
338.86105
413.46219
513.55331
651.15378
846.09693
1134.7955
1600.9636
2511.1695
5004.8159
15233.818
93055.374
51.556345
55.102211
61.584656
69.771518
79.232468
89.933905
102.07006
115.99705
132.22162
151.42552
174.54101
202.80381
237.85546
282.02605
338.84331
413.49492
513.64513
651.32264
846.37377
1135.2264
1601.5947
2511.9576
5005.5062
15234.216
93055.388
51.528463
55.039197
61.480176
69.635767
79.07459
89.760556
101.88687
115.80921
132.03385
151.24277
174.36572
202.64578
237.73545
281.9554
338.82389
413.52806
513.73885
651.49418
846.65329
1135.659
1602.2251
2512.7425
5006.1939
15234.613
93055.402
51.49625
54.972896
61.373068
69.497639
78.914739
89.585949
101.7033
115.62196
131.84796
151.06326
174.19299
202.48719
237.61212
281.88107
338.80234
413.56119
513.83427
651.66839
846.9356
1136.0932
1602.8546
2513.5238
5006.8783
15235.01
93055.416
51.45996
54.90354
61.263579
69.357401
78.753173
89.410305
101.51959
115.43564
131.66422
150.88673
174.02267
202.3288
237.48649
281.80355
338.77857
413.59399
513.93114
651.84522
847.22077
1136.5293
1603.483
2514.301
5007.559
15235.407
93055.43
51.419839
54.831355
61.151949
69.215316
78.590147
89.233865
101.33599
115.25051
131.48275
150.71296
173.85461
202.17112
237.35959
281.72371
338.75293
413.62638
514.02926
652.02452
847.50869
1136.9668
1604.1097
2515.0731
5008.235
15235.802
93055.444
51.376131
54.756562
61.038408
69.071635
78.425917
89.056869
101.15269
115.06659
131.30299
150.54055
173.68944
202.01691
237.23227
281.64177
338.72553
413.65839
514.12854
652.20613
847.79914
1137.4055
1604.7343
2515.8393
5008.9059
15236.196
93055.458
51.32907
54.679372
60.923178
68.926604
78.260729
88.879528
100.9698
114.88372
131.12454
150.36945
173.52801
201.86736
237.10532
281.55781
338.69629
413.68998
514.229
652.39005
848.09206
1137.8452
1605.3562
2516.5994
5009.5712
15236.59
93055.471
51.278887
54.599991
60.806474
68.780456
78.094812
88.702026
100.78741
114.70191
130.94758
150.20067
173.37055
201.72182
236.97958
281.47257
338.6654
413.72114
514.33064
652.57634
848.38751
1138.2859
1605.9755
2517.3527
5010.2307
15236.981
93055.485
51.225803
54.518618
60.688499
68.633415
77.928382
88.524526
100.6056
114.52125
130.77243
150.03464
173.21689
201.58003
236.85583
281.38711
338.6335
413.75207
514.4335
652.76505
848.68552
1138.7274
1606.5916
2518.0987
5010.8835
15237.372
93055.499
51.170032
54.435442
60.569449
68.48569
77.761638
88.347192
100.42452
114.34192
130.59934
149.87154
173.06684
201.44184
236.73466
281.30251
338.60153
413.78326
514.53774
652.9562
848.98607
1139.1697
1607.2041
2518.8365
5011.529
15237.76
93055.513
51.111781
54.350646
60.449508
68.337479
77.594772
88.170191
100.24431
114.1641
130.42847
149.71141
172.92025
201.30724
236.61653
281.21971
338.57046
413.81543
514.64373
653.14989
849.28909
1139.6125
1607.8126
2519.5656
5012.1665
15238.146
93055.526
51.051248
54.264401
60.32885
68.188969
77.427967
87.993691
100.06514
113.98793
130.25994
149.55426
172.77705
201.17623
236.5018
281.13948
338.54124
413.84937
514.75197
653.34634
849.59451
1140.0554
1608.4166
2520.2852
5012.7957
15238.531
93055.54
50.988623
54.176875
60.207642
68.040338
77.261403
87.817862
99.88716
113.81356
130.09384
149.40008
172.63718
201.04887
236.3908
281.06246
338.51471
413.88588
514.86304
653.54583
849.90235
1140.4982
1609.0155
2520.9948
5013.4159
15238.912
93055.553
50.924087
54.088223
60.08604
67.891756
77.095252
87.642867
99.710526
113.6411
129.93023
149.24887
172.50065
200.92524
236.2838
280.9892
338.49157
413.92566
514.97749
653.74866
850.21263
1140.9408
1609.609
2521.6938
5014.0268
15239.291
93055.567
50.857814
53.998595
59.964191
67.743382
76.929679
87.468866
99.535376
113.47066
129.76915
149.10066
172.36746
200.80538
236.18099
280.92016
338.47249
413.9694
515.09584
653.95509
850.52531
1141.3827
1610.1965
2522.3819
5014.6279
15239.667
93055.58
50.789968
53.908132
59.842236
67.595371
76.764842
87.296006
99.361828
113.3023
129.61054
148.95508
172.23686
200.68982
236.0841
280.85569
338.45749
414.01729
515.21838
654.16527
850.84026
1141.8236
1610.7776
2523.0584
5015.2189
15240.04
93055.594
50.720705
53.816969
59.720306
67.447865
76.60089
87.124422
99.189971
113.13601
129.45426
148.81194
172.10893
200.57923
235.9939
280.7961
338.44639
414.06915
515.34506
654.37917
851.15733
1142.2632
1611.352
2523.7234
5015.7999
15240.41
93055.607
50.650175
53.725232
59.598526
67.301
76.437961
86.954231
99.019875
112.9718
129.3003
148.67144
171.98448
200.47375
235.9098
280.7418
338.43951
414.12493
515.4757
654.59661
851.47632
1142.7013
1611.9195
2524.3767
5016.3709
15240.776
93055.62
50.57852
53.633041
59.477014
67.154904
76.276178
86.785535
98.851604
112.80971
129.14878
148.53386
171.86385
200.37329
235.83151
280.69313
338.43739
414.18485
515.61018
654.81727
851.79685
1143.1376
1612.4799
2525.0183
5016.9317
15241.14
93055.633
50.505873
53.540511
59.35588
67.009691
76.115656
86.61843
98.685233
112.64983
128.99982
148.39942
171.74719
200.27771
235.75888
280.65031
338.44053
414.24931
515.74853
655.04089
852.11852
1143.5715
1613.0329
2525.6479
5017.4822
15241.5
93055.647
50.43236
53.447749
59.235224
66.86547
75.956501
86.453009
98.520844
112.49224
128.85357
148.26826
171.63456
200.18693
235.69181
280.61346
338.4493
414.31866
515.8909
655.26734
852.44099
1144.0027
1613.578
2526.2655
5018.0226
15241.857
93055.66
50.358103
53.354856
59.115144
66.72234
75.79881
86.289362
98.358527
112.33705
128.71015
148.1405
171.52598
200.10088
235.63023
280.58264
338.46395
414.39322
516.03746
655.49655
852.76397
1144.4309
1614.1152
2526.871
5018.5526
15242.211
93055.673
50.283214
53.261925
58.995726
66.580393
75.642677
86.12758
98.198374
112.18438
128.56966
148.01619
171.42146
200.01952
235.5741
280.55788
338.4846
414.47317
516.18832
655.72845
853.08728
1144.8558
1614.6442
2527.4644
5019.0725
15242.562
93055.686
50.207801
53.169048
58.877054
66.439714
75.488189
85.967753
98.040477
112.0343
128.43219
147.89541
171.32103
199.94282
235.52336
280.53917
338.51132
414.55859
516.34353
655.963
853.41071
1145.2772
1615.1649
2528.0457
5019.5822
15242.909
93055.699
50.131963
53.076306
58.759203
66.300384
75.33543
85.809966
97.884928
111.88691
128.29782
147.7782
171.22467
199.87075
235.47797
280.52645
338.54409
414.6495
516.50306
656.20008
853.73407
1145.6948
1615.6772
2528.615
5020.082
15243.252
93055.712
50.055798
52.98378
58.642246
66.162476
75.18448
85.654303
97.73181
111.7423
128.16663
147.6646
171.1324
199.80328
235.43788
280.51966
338.58285
414.74582
516.6668
656.43952
854.05715
1146.1085
1616.1811
2529.1725
5020.5719
15243.593
93055.724
49.979393
52.891542
58.526248
66.02606
75.035414
85.500845
97.581206
111.60054
128.03865
147.55464
171.04422
199.7404
235.40303
280.51873
338.6275
414.84742
516.83458
656.68111
854.3797
1146.518
1616.6765
2529.7183
5021.0522
15243.93
93055.737
49.902834
52.799662
58.411272
65.891202
74.888304
85.349666
97.43319
111.4617
127.91396
147.44835
170.96014
199.68207
235.37336
280.52354
338.67789
414.95414
517.0062
656.92459
854.70144
1146.9232
1617.1633
2530.2526
5021.5232
15244.263
93055.75
49.8262
52.708206
58.297376
65.757963
74.743217
85.200839
97.287834
111.32583
127.79259
147.34575
170.88014
199.62826
235.3488
280.53398
338.73387
415.06577
517.18141
657.16967
855.0221
1147.3238
1617.6417
2530.7758
5021.985
15244.594
93055.762
49.749566
52.617234
58.184613
65.626401
74.600215
85.054429
97.145203
111.193
127.67459
147.24687
170.80422
199.57893
235.32926
280.54991
338.79526
415.18207
517.35991
657.41605
855.34138
1147.7197
1618.1116
2531.288
5022.4379
15244.921
93055.775
49.673003
52.526804
58.073036
65.496567
74.459359
84.910499
97.005356
111.06326
127.55999
147.15172
170.73237
199.53405
235.31465
280.57118
338.86185
415.3028
517.54144
657.66343
855.65902
1148.1107
1618.5731
2531.7896
5022.8823
15245.246
93055.788
49.596577
52.436972
57.962691
65.368513
74.320702
84.769108
96.868349
110.93666
127.44883
147.06031
170.66458
199.49355
235.30489
280.59765
338.93343
415.42769
517.72568
657.91149
855.97475
1148.4967
1619.0263
2532.2808
5023.3184
15245.567
93055.8
49.520352
52.347788
57.853624
65.242285
74.184296
84.630306
96.734234
110.81324
127.34113
146.97265
170.60083
199.45739
235.29986
280.62915
339.00978
415.55648
517.91234
658.15994
856.28832
1148.8776
1619.4712
2532.7619
5023.7465
15245.885
93055.813
49.444387
52.2593
57.745876
65.117925
74.050187
84.494145
96.603054
110.69303
127.23691
146.88875
170.54109
199.42551
235.29947
280.66551
339.09068
415.68889
518.10113
658.4085
856.59951
1149.2532
1619.908
2533.2332
5024.1668
15246.201
93055.825
49.368739
52.171556
57.639485
64.995473
73.918419
84.360667
96.474853
110.57606
127.1362
146.80859
170.48534
199.39784
235.30358
280.70656
339.1759
415.82466
518.29176
658.6569
856.90811
1149.6234
1620.3368
2533.695
5024.5797
15246.514
93055.837
49.29346
52.084598
57.53449
64.874966
73.78903
84.229914
96.349667
110.46238
127.03901
146.73217
170.43354
199.37432
235.31209
280.75211
339.26521
415.96352
518.48394
658.90487
857.21395
1149.9883
1620.7577
2534.1476
5024.9854
15246.824
93055.85
49.218602
51.998467
57.430923
64.756437
73.662057
84.101921
96.227528
110.35199
126.94535
146.65949
170.38565
199.35486
235.32486
280.80198
339.35837
416.10521
518.67743
659.15219
857.51685
1150.3478
1621.1708
2534.5913
5025.384
15247.132
93055.862
49.144213
51.913203
57.328816
64.639918
73.537532
83.976722
96.108466
110.24492
126.85522
146.59053
170.34163
199.3394
235.34178
280.856
339.45516
416.24948
518.87195
659.39864
857.81667
1150.7019
1621.5763
2535.0263
5025.776
15247.437
93055.874
49.070337
51.828841
57.2282
64.525436
73.415484
83.854344
95.992504
110.14119
126.76862
146.52526
170.30143
199.32784
235.3627
280.91397
339.55535
416.39607
519.06727
659.64401
858.1133
1151.0505
1621.9744
2535.4529
5026.1616
15247.739
93055.887
48.997019
51.745417
57.129101
64.413016
73.295939
83.734812
95.879662
110.0408
126.68555
146.46367
170.265
199.3201
235.38749
280.97571
339.65873
416.54475
519.26317
659.88811
858.40661
1151.3937
1622.3651
2535.8714
5026.5409
15248.039
93055.899
48.924299
51.662964
57.031545
64.302683
73.17892
83.618149
95.769959
109.94377
126.606
146.40571
170.23229
199.31609
235.41603
281.04103
339.76507
416.69529
519.45942
660.13078
858.69651
1151.7315
1622.7487
2536.2822
5026.9142
15248.337
93055.911
48.852217
51.581512
56.935557
64.194456
73.064446
83.504372
95.663406
109.85009
126.52996
146.35136
170.20322
199.31571
235.44816
281.10977
339.87416
416.84747
519.65582
660.37185
858.98292
1152.0639
1623.1254
2536.6853
5027.2817
15248.633
93055.923
48.78081
51.501092
56.841158
64.088355
72.952534
83.393496
95.560011
109.75977
126.45741
146.30059
170.17774
199.31887
235.48376
281.18173
339.9858
417.00108
519.85218
660.61118
859.26577
1152.391
1623.4952
2537.0812
5027.6437
15248.926
93055.935
48.710112
51.421731
56.748368
63.984395
72.8432
83.285532
95.459782
109.67279
126.38834
146.25334
170.15578
199.32546
235.52268
281.25673
340.09978
417.15591
520.04833
660.84864
859.54501
1152.7128
1623.8583
2537.47
5028.0004
15249.217
93055.947
48.640158
51.343457
56.657206
63.88259
72.736455
83.180488
95.362718
109.58915
126.3227
146.20958
170.13728
199.33539
235.56479
281.33461
340.2159
417.31176
520.24408
661.0841
859.82058
1153.0293
1624.215
2537.852
5028.3519
15249.507
93055.959
48.570981
51.266293
56.567689
63.782954
72.632307
83.07837
95.26882
109.50884
126.26049
146.16926
170.12214
199.34856
235.60995
281.41519
340.33399
417.46846
520.43928
661.31747
860.09245
1153.3406
1624.5653
2538.2274
5028.6985
15249.794
93055.972
48.50261
51.190263
56.479833
63.685495
72.530764
82.97918
95.178082
109.43185
126.20166
146.13231
170.11031
199.36486
235.65803
281.49829
340.45385
417.62583
520.63379
661.54863
860.36058
1153.6467
1624.9095
2538.5966
5029.0404
15250.079
93055.984
48.435075
51.115391
56.393652
63.590224
72.431831
82.882918
95.090495
109.35814
126.14619
146.0987
170.10169
199.38418
235.70887
281.58377
340.5753
417.78369
520.82745
661.7775
860.62497
1153.9478
1625.2477
2538.9596
5029.3777
15250.362
93055.996
48.368403
51.041697
56.309159
63.497146
72.335508
82.789581
95.00605
109.2877
126.09403
146.06836
170.09622
199.40642
235.76236
281.67144
340.69818
417.94188
521.02014
662.00399
860.88558
1154.2439
1625.5801
2539.3168
5029.7107
15250.643
93056.008
48.302621
50.969201
56.226365
63.406267
72.241798
82.699163
94.924731
109.22051
126.04513
146.04123
170.09381
199.43148
235.81836
281.76116
340.82232
418.10025
521.21174
662.22803
861.14242
1154.5351
1625.9067
2539.6684
5030.0395
15250.923
93056.019
48.237755
50.897921
56.145281
63.31759
72.150696
82.611655
94.846522
109.15653
125.99947
146.01724
170.09437
199.45925
235.87673
281.85278
340.94755
418.25865
521.40213
662.44956
861.39549
1154.8214
1626.2279
2540.0146
5030.3643
15251.201
93056.031
48.173829
50.827877
56.065916
63.231118
72.0622
82.527047
94.771402
109.09573
125.95698
145.99634
170.09782
199.48962
235.93735
281.94613
341.07373
418.41694
521.5912
662.66852
861.64478
1155.103
1626.5437
2540.3555
5030.6853
15251.477
93056.043
48.110864
50.759083
55.988278
63.14685
71.976302
82.445325
94.699351
109.03808
125.91763
145.97846
170.10408
199.52249
236.00009
282.04108
341.2007
418.57499
521.77885
662.88485
861.89031
1155.3798
1626.8544
2540.6915
5031.0026
15251.751
93056.055
48.048884
50.691556
55.912373
63.064786
71.892997
82.366474
94.630342
108.98354
125.88135
145.96352
170.11305
199.55775
236.06482
282.13747
341.32832
418.73267
521.965
663.09851
862.13209
1155.6521
1627.16
2541.0227
5031.3164
15252.024
93056.067
47.987909
50.625311
55.838208
62.984923
71.812272
82.290477
94.564348
108.93207
125.8481
145.95146
170.12466
199.5953
236.13142
282.23519
341.45646
418.88986
522.14956
663.30947
862.37014
1155.9198
1627.4607
2541.3493
5031.6269
15252.295
93056.079
47.927958
50.56036
55.765786
62.907257
71.734118
82.217314
94.50134
108.88363
125.81782
145.9422
170.1388
199.63502
236.19976
282.33408
341.58499
419.04646
522.33244
663.51768
862.60448
1156.1831
1627.7567
2541.6716
5031.9342
15252.565
93056.091
47.869051
50.496717
55.695112
62.831784
71.658521
82.146962
94.441285
108.83818
125.79044
145.93567
170.1554
199.67683
236.26973
282.43403
341.71377
419.20236
522.51359
663.72313
862.83515
1156.4421
1628.0481
2541.9896
5032.2385
15252.833
93056.103
47.811204
50.434394
55.626188
62.758497
71.585466
82.079399
94.38415
108.79566
125.76592
145.93181
170.17436
199.72062
236.34122
282.5349
341.84268
419.35745
522.69292
663.9258
863.06218
1156.6968
1628.3351
2542.3036
5032.5398
15253.1
93056.115
47.754435
50.3734
55.559015
62.687388
71.514936
82.014599
94.329899
108.75604
125.74418
145.93052
170.1956
199.76628
236.4141
282.63657
341.97163
419.51164
522.87038
664.12566
863.28559
1156.9474
1628.6179
2542.6137
5032.8384
15253.366
93056.126
47.69876
50.313746
55.493595
62.618448
71.446915
81.952534
94.278493
108.71925
125.72518
145.93175
170.21903
199.81372
236.48827
282.73893
342.10048
419.66485
523.04593
664.32271
863.50543
1157.1939
1628.8964
2542.9202
5033.1344
15253.63
93056.138
47.644192
50.25544
55.429925
62.551668
71.381381
81.893175
94.229893
108.68526
125.70883
145.9354
170.24456
199.86283
236.56362
282.84186
342.22915
419.81699
523.2195
664.51693
863.72175
1157.4364
1629.1711
2543.2232
5033.4279
15253.893
93056.15
47.590747
50.198491
55.368006
62.487036
71.318315
81.836491
94.184057
108.654
125.69508
145.94141
170.2721
199.91353
236.64005
282.94527
342.35752
419.96799
523.39106
664.70834
863.93458
1157.675
1629.4418
2543.5228
5033.719
15254.154
93056.162
47.538437
50.142906
55.307835
62.424539
71.257694
81.782451
94.140942
108.62543
125.68387
145.94969
170.30157
199.96572
236.71744
283.04903
342.48552
420.11777
523.56057
664.89693
864.14397
1157.9099
1629.7089
2543.8193
5034.0078
15254.415
93056.174
47.487273
50.088691
55.249408
62.364164
71.199495
81.731019
94.100503
108.59948
125.67511
145.96017
170.33287
200.01929
236.79572
283.15305
342.61304
420.26628
523.728
665.08271
864.34998
1158.141
1629.9723
2544.1128
5034.2945
15254.674
93056.185
47.437268
50.035851
55.19272
62.305896
71.143692
81.682161
94.062695
108.5761
125.66876
145.97277
170.36593
200.07418
236.87477
283.25725
342.74001
420.41345
523.89331
665.26569
864.55265
1158.3686
1630.2324
2544.4034
5034.5792
15254.932
93056.197
47.388431
49.984391
55.137768
62.24972
71.090259
81.63584
94.027469
108.55522
125.66473
145.98742
170.40066
200.13027
236.9545
283.36151
342.86635
420.55922
524.0565
665.44589
864.75205
1158.5927
1630.4891
2544.6912
5034.862
15255.189
93056.209
47.340772
49.934314
55.084544
62.195619
71.039169
81.592018
93.994778
108.53681
125.66296
146.00403
170.43697
200.18749
237.03484
283.46577
342.99198
420.70356
524.21753
665.62332
864.94823
1158.8133
1630.7426
2544.9765
5035.143
15255.445
93056.221
47.294298
49.885623
55.033041
62.143574
70.990394
81.550656
93.964571
108.52078
125.66338
146.02254
170.47479
200.24575
237.11568
283.56993
343.11684
420.8464
524.3764
665.798
865.14124
1159.0307
1630.9931
2545.2593
5035.4223
15255.7
93056.233
47.249018
49.838319
54.983252
62.093568
70.943903
81.511713
93.936798
108.50708
125.66592
146.04285
170.51403
200.30497
237.19694
283.67392
343.24085
420.98771
524.53309
665.96996
865.33115
1159.2448
1631.2406
2545.5397
5035.7
15255.954
93056.244
47.204938
49.792404
54.935167
62.045579
70.899665
81.475147
93.911406
108.49566
125.67051
146.06491
170.55461
200.36507
237.27856
283.77766
343.36397
421.12746
524.68761
666.13923
865.51802
1159.4558
1631.4853
2545.818
5035.9761
15256.206
93056.256
47.162063
49.747876
54.888777
61.999587
70.857649
81.440917
93.888343
108.48644
125.67708
146.08863
170.59646
200.42597
237.36044
283.88108
343.48613
421.26562
524.83994
666.30584
865.70191
1159.6638
1631.7273
2546.0942
5036.2508
15256.458
93056.268
47.120399
49.704737
54.84407
61.95557
70.817821
81.408978
93.867556
108.47936
125.68557
146.11394
170.6395
200.48759
237.44252
283.98411
343.60729
421.40214
524.99009
666.46981
865.88288
1159.8689
1631.9667
2546.3685
5036.5242
15256.709
93056.28
47.079948
49.662982
54.801036
61.913506
70.780148
81.379285
93.84899
108.47437
125.6959
146.14076
170.68365
200.54986
237.52473
284.0867
343.72739
421.53703
525.13806
666.6312
866.06101
1160.0711
1632.2036
2546.6409
5036.7963
15256.959
93056.291
47.040714
49.62261
54.75966
61.87337
70.744595
81.351795
93.83259
108.4714
125.708
146.16903
170.72884
200.61271
237.60699
284.18878
343.8464
421.67024
525.28386
666.79002
866.23636
1160.2705
1632.4382
2546.9115
5037.0672
15257.209
93056.303
47.002698
49.583618
54.719931
61.835138
70.711126
81.32646
93.818302
108.47039
125.72181
146.19867
170.775
200.67606
237.68925
284.29029
343.96427
421.80177
525.42751
666.94633
866.40899
1160.4673
1632.6705
2547.1805
5037.3371
15257.457
93056.315
46.965902
49.545999
54.681833
61.798784
70.679705
81.303234
93.806069
108.47127
125.73726
146.22961
170.82207
200.73987
237.77144
284.39119
344.08097
421.9316
525.56902
667.10016
866.57897
1160.6615
1632.9006
2547.448
5037.6058
15257.704
93056.326
46.930325
49.509749
54.645351
61.764283
70.650294
81.282069
93.795835
108.47398
125.75428
146.26179
170.86996
200.80405
237.8535
284.49143
344.19647
422.05974
525.70839
667.25156
866.74636
1160.8532
1633.1286
2547.714
5037.8736
15257.951
93056.338
46.895967
49.474862
54.61047
61.731607
70.622856
81.262917
93.787544
108.47846
125.7728
146.29512
170.91862
200.86856
237.93539
284.59096
344.31075
422.18616
525.84566
667.40056
866.91125
1161.0425
1633.3546
2547.9786
5038.1405
15258.197
93056.35
46.862825
49.441329
54.577171
61.700727
70.59735
81.245731
93.78114
108.48465
125.79276
146.32956
170.96798
200.93332
238.01705
284.68974
344.42377
422.31086
525.98085
667.54723
867.07368
1161.2295
1633.5788
2548.242
5038.4065
15258.442
93056.362
46.830898
49.409143
54.545438
61.671616
70.573739
81.23046
93.776565
108.49248
125.81409
146.36503
171.01799
200.99829
238.09843
284.78773
344.53551
422.43386
526.11397
667.6916
867.23374
1161.4142
1633.8012
2548.5042
5038.6718
15258.687
93056.373
46.80018
49.378296
54.515252
61.644244
70.551982
81.217056
93.773763
108.50189
125.83674
146.40148
171.06857
201.06341
238.17949
284.88491
344.64596
422.55515
526.24506
667.83372
867.39148
1161.5968
1634.0218
2548.7653
5038.9363
15258.931
93056.385
46.770667
49.348776
54.486594
61.61858
70.532039
81.205469
93.772677
108.51283
125.86062
146.43883
171.11968
201.12863
238.26018
284.98123
344.75511
422.67473
526.37414
667.97364
867.54699
1161.7773
1634.2408
2549.0253
5039.2001
15259.174
93056.397
46.742354
49.320573
54.459443
61.594594
70.513868
81.195649
93.773251
108.52522
125.8857
146.47702
171.17125
201.1939
238.34046
285.07667
344.86294
422.79262
526.50125
668.11142
867.70031
1161.9558
1634.4583
2549.2844
5039.4632
15259.416
93056.409
46.715235
49.293675
54.433778
61.572255
70.497428
81.187546
93.775428
108.53901
125.91189
146.51601
171.22324
201.25917
238.42029
285.17121
344.96944
422.90883
526.62641
668.2471
867.85153
1162.1324
1634.6743
2549.5425
5039.7258
15259.658
93056.42
46.689301
49.26807
54.409578
61.551531
70.482678
81.18111
93.779151
108.55414
125.93915
146.55573
171.27558
201.32441
238.49965
285.26481
345.07461
423.02337
526.74965
668.38073
868.0007
1162.3072
1634.8889
2549.7999
5039.9878
15259.899
93056.432
46.664545
49.243745
54.386821
61.532388
70.469574
81.176291
93.784366
108.57056
125.96741
146.59612
171.32824
201.38956
238.5785
285.35747
345.17844
423.13625
526.87102
668.51236
868.14789
1162.4802
1635.1021
2550.0564
5040.2492
15260.139
93056.444
46.640958
49.220685
54.365484
61.514795
70.458075
81.173038
93.791016
108.58819
125.99661
146.63713
171.38116
201.45459
238.65681
285.44917
345.28093
423.24749
526.99054
668.64205
868.29316
1162.6514
1635.3141
2550.3122
5040.5102
15260.379
93056.455
46.61853
49.198877
54.345542
61.498717
70.448138
81.171302
93.799046
108.60699
126.02671
146.67872
171.4343
201.51947
238.73455
285.53988
345.38209
423.35711
527.10825
668.76986
868.4366
1162.8211
1635.5249
2550.5674
5040.7707
15260.618
93056.467
46.597246
49.1783
54.326969
61.484116
70.439715
81.171025
93.808394
108.6269
126.05762
146.7208
171.48759
201.58413
238.81167
285.62957
345.48187
423.46508
527.22412
668.89572
868.57811
1162.989
1635.7345
2550.8218
5041.0308
15260.856
93056.479
46.577113
49.158956
54.309756
61.470977
70.432782
81.172182
93.819031
108.64787
126.08935
146.76338
171.54104
201.6486
238.88822
285.71831
345.58039
423.57157
527.33841
669.01999
868.71814
1163.1557
1635.9431
2551.0758
5041.2905
15261.094
93056.491
46.558037
49.140744
54.293788
61.459161
70.427178
81.174581
93.830739
108.66967
126.12159
146.80614
171.59429
201.71246
238.96371
285.80549
345.67685
423.6755
527.44965
669.14082
868.8545
1163.3188
1636.149
2551.3282
5041.5496
15261.331
93056.502
46.54037
49.124021
54.279439
61.449076
70.423354
81.178737
93.844108
108.69298
126.15514
146.84998
171.64839
201.77693
239.03953
285.89283
345.77366
423.78036
527.56276
669.26463
868.99476
1163.4861
1636.3582
2551.5822
5041.8083
15261.569
93056.514
46.522398
49.106997
54.264753
61.438526
70.418815
81.181791
93.855857
108.71402
126.18567
146.88991
171.69752
201.8351
239.10732
285.96951
345.8553
423.86332
527.64494
669.34725
869.08446
1163.5977
1636.5154
2551.7985
5042.0442
15261.782
93056.526
46.507817
49.093541
54.253988
61.432362
70.419214
81.19043
93.873965
108.74238
126.22468
146.93978
171.7584
201.90739
239.19395
286.07296
345.97458
423.99998
527.80374
669.53685
869.3181
1163.892
1636.8833
2552.2273
5042.4713
15262.175
93056.538
)
;

boundaryField
{
    inlet
    {
        type            fixedValue;
        value           uniform 28.749445;
    }
    outlet
    {
        type            zeroGradient;
    }
    wall
    {
        blending        binomial2;
        n               2;
        beta1           0.075;
        type            omegaWallFunction;
        value           nonuniform List<scalar> 
250
(
93104.68
93060.515
93055.944
93055.113
93054.825
93054.53
93054.309
93054.155
93054.036
93053.942
93053.868
93053.809
93053.763
93053.726
93053.696
93053.674
93053.657
93053.644
93053.636
93053.632
93053.631
93053.634
93053.639
93053.646
93053.656
93053.667
93053.68
93053.693
93053.707
93053.721
93053.735
93053.748
93053.762
93053.775
93053.788
93053.8
93053.812
93053.824
93053.836
93053.848
93053.859
93053.871
93053.882
93053.894
93053.905
93053.917
93053.928
93053.94
93053.952
93053.964
93053.976
93053.988
93054
93054.012
93054.024
93054.037
93054.049
93054.061
93054.074
93054.087
93054.099
93054.112
93054.125
93054.137
93054.15
93054.163
93054.176
93054.189
93054.202
93054.215
93054.228
93054.241
93054.254
93054.267
93054.28
93054.293
93054.307
93054.32
93054.333
93054.346
93054.359
93054.372
93054.386
93054.399
93054.412
93054.425
93054.439
93054.452
93054.465
93054.478
93054.492
93054.505
93054.518
93054.531
93054.545
93054.558
93054.571
93054.585
93054.598
93054.611
93054.625
93054.638
93054.651
93054.665
93054.678
93054.691
93054.705
93054.718
93054.732
93054.745
93054.758
93054.772
93054.785
93054.799
93054.812
93054.826
93054.839
93054.853
93054.866
93054.88
93054.893
93054.907
93054.92
93054.934
93054.947
93054.961
93054.975
93054.988
93055.002
93055.016
93055.029
93055.043
93055.057
93055.07
93055.084
93055.098
93055.111
93055.125
93055.139
93055.153
93055.166
93055.18
93055.194
93055.208
93055.222
93055.235
93055.249
93055.263
93055.277
93055.291
93055.305
93055.319
93055.333
93055.347
93055.36
93055.374
93055.388
93055.402
93055.416
93055.43
93055.444
93055.458
93055.471
93055.485
93055.499
93055.513
93055.526
93055.54
93055.553
93055.567
93055.58
93055.594
93055.607
93055.62
93055.633
93055.647
93055.66
93055.673
93055.686
93055.699
93055.712
93055.724
93055.737
93055.75
93055.762
93055.775
93055.788
93055.8
93055.813
93055.825
93055.837
93055.85
93055.862
93055.874
93055.887
93055.899
93055.911
93055.923
93055.935
93055.947
93055.959
93055.972
93055.984
93055.996
93056.008
93056.019
93056.031
93056.043
93056.055
93056.067
93056.079
93056.091
93056.103
93056.115
93056.126
93056.138
93056.15
93056.162
93056.174
93056.185
93056.197
93056.209
93056.221
93056.233
93056.244
93056.256
93056.268
93056.28
93056.291
93056.303
93056.315
93056.326
93056.338
93056.35
93056.362
93056.373
93056.385
93056.397
93056.409
93056.42
93056.432
93056.444
93056.455
93056.467
93056.479
93056.491
93056.502
93056.514
93056.526
93056.538
)
;
    }
    front
    {
        type            wedge;
    }
    back
    {
        type            wedge;
    }
    axis
    {
        type            empty;
    }
}


// ************************************************************************* //
