/*--------------------------------*- C++ -*----------------------------------*\
| =========                 |                                                 |
| \\      /  F ield         | OpenFOAM: The Open Source CFD Toolbox           |
|  \\    /   O peration     | Version:  v2012                                 |
|   \\  /    A nd           | Website:  www.openfoam.com                      |
|    \\/     M anipulation  |                                                 |
\*---------------------------------------------------------------------------*/
FoamFile
{
    version     2.0;
    format      ascii;
    class       volScalarField;
    location    "2000";
    object      p_rgh;
}
// * * * * * * * * * * * * * * * * * * * * * * * * * * * * * * * * * * * * * //

dimensions      [1 -1 -2 0 0 0 0];


internalField   nonuniform List<scalar> 
6250
(
101328.11
101328.11
101328.12
101328.12
101328.13
101328.14
101328.15
101328.16
101328.17
101328.17
101328.18
101328.19
101328.2
101328.21
101328.22
101328.23
101328.24
101328.25
101328.26
101328.26
101328.27
101328.28
101328.28
101328.29
101328.3
101328.04
101328.04
101328.04
101328.03
101328.03
101328.03
101328.02
101328.02
101328.01
101328.01
101328
101328
101327.99
101327.99
101327.98
101327.98
101327.97
101327.97
101327.96
101327.96
101327.95
101327.95
101327.95
101327.94
101327.94
101327.97
101327.97
101327.97
101327.97
101327.97
101327.96
101327.96
101327.96
101327.96
101327.96
101327.96
101327.95
101327.95
101327.95
101327.95
101327.95
101327.95
101327.95
101327.95
101327.94
101327.94
101327.94
101327.94
101327.94
101327.94
101327.94
101327.94
101327.94
101327.94
101327.94
101327.94
101327.94
101327.94
101327.94
101327.94
101327.94
101327.94
101327.94
101327.94
101327.94
101327.93
101327.93
101327.93
101327.93
101327.93
101327.93
101327.93
101327.93
101327.93
101327.93
101327.91
101327.91
101327.91
101327.91
101327.91
101327.91
101327.91
101327.91
101327.9
101327.9
101327.9
101327.9
101327.9
101327.9
101327.9
101327.9
101327.9
101327.9
101327.9
101327.9
101327.9
101327.9
101327.9
101327.9
101327.9
101327.88
101327.88
101327.88
101327.88
101327.88
101327.88
101327.88
101327.88
101327.87
101327.87
101327.87
101327.87
101327.87
101327.87
101327.87
101327.87
101327.87
101327.87
101327.87
101327.87
101327.87
101327.87
101327.87
101327.87
101327.87
101327.85
101327.85
101327.85
101327.85
101327.85
101327.85
101327.85
101327.85
101327.85
101327.85
101327.85
101327.85
101327.85
101327.85
101327.85
101327.85
101327.85
101327.85
101327.85
101327.85
101327.85
101327.85
101327.85
101327.85
101327.85
101327.83
101327.83
101327.83
101327.83
101327.83
101327.83
101327.83
101327.83
101327.83
101327.83
101327.83
101327.83
101327.83
101327.83
101327.83
101327.83
101327.83
101327.83
101327.83
101327.83
101327.83
101327.83
101327.83
101327.83
101327.83
101327.81
101327.81
101327.81
101327.81
101327.81
101327.81
101327.81
101327.81
101327.81
101327.8
101327.8
101327.8
101327.8
101327.8
101327.8
101327.8
101327.8
101327.8
101327.8
101327.8
101327.8
101327.8
101327.8
101327.8
101327.8
101327.78
101327.78
101327.78
101327.78
101327.78
101327.78
101327.78
101327.78
101327.78
101327.78
101327.78
101327.78
101327.78
101327.78
101327.78
101327.78
101327.78
101327.78
101327.78
101327.78
101327.78
101327.78
101327.78
101327.78
101327.78
101327.76
101327.76
101327.76
101327.76
101327.76
101327.76
101327.76
101327.76
101327.76
101327.76
101327.76
101327.76
101327.76
101327.76
101327.76
101327.76
101327.76
101327.76
101327.76
101327.76
101327.76
101327.76
101327.76
101327.76
101327.76
101327.75
101327.75
101327.75
101327.75
101327.75
101327.75
101327.75
101327.75
101327.75
101327.75
101327.75
101327.75
101327.75
101327.75
101327.75
101327.75
101327.75
101327.74
101327.74
101327.74
101327.74
101327.74
101327.74
101327.74
101327.74
101327.73
101327.73
101327.73
101327.73
101327.73
101327.73
101327.73
101327.73
101327.73
101327.73
101327.73
101327.73
101327.73
101327.73
101327.73
101327.73
101327.73
101327.73
101327.73
101327.73
101327.73
101327.73
101327.73
101327.73
101327.73
101327.71
101327.71
101327.71
101327.71
101327.71
101327.71
101327.71
101327.71
101327.71
101327.71
101327.71
101327.71
101327.71
101327.71
101327.71
101327.71
101327.71
101327.71
101327.71
101327.71
101327.71
101327.71
101327.71
101327.71
101327.71
101327.69
101327.69
101327.69
101327.69
101327.69
101327.69
101327.69
101327.69
101327.69
101327.69
101327.69
101327.69
101327.69
101327.69
101327.69
101327.69
101327.69
101327.69
101327.69
101327.69
101327.69
101327.69
101327.69
101327.69
101327.69
101327.68
101327.68
101327.68
101327.68
101327.68
101327.68
101327.68
101327.68
101327.68
101327.68
101327.68
101327.68
101327.68
101327.68
101327.68
101327.68
101327.68
101327.68
101327.68
101327.68
101327.68
101327.68
101327.68
101327.68
101327.68
101327.66
101327.66
101327.66
101327.66
101327.66
101327.66
101327.66
101327.66
101327.66
101327.66
101327.66
101327.66
101327.66
101327.66
101327.66
101327.66
101327.66
101327.66
101327.66
101327.66
101327.66
101327.66
101327.66
101327.66
101327.66
101327.65
101327.65
101327.65
101327.65
101327.65
101327.65
101327.65
101327.65
101327.65
101327.65
101327.65
101327.65
101327.65
101327.65
101327.65
101327.65
101327.65
101327.65
101327.65
101327.65
101327.65
101327.65
101327.65
101327.65
101327.65
101327.63
101327.63
101327.63
101327.63
101327.63
101327.63
101327.63
101327.63
101327.63
101327.63
101327.63
101327.63
101327.63
101327.63
101327.63
101327.63
101327.63
101327.63
101327.63
101327.63
101327.63
101327.63
101327.63
101327.63
101327.63
101327.62
101327.62
101327.62
101327.62
101327.62
101327.62
101327.62
101327.62
101327.62
101327.62
101327.62
101327.62
101327.62
101327.62
101327.62
101327.62
101327.62
101327.62
101327.62
101327.62
101327.62
101327.62
101327.62
101327.62
101327.62
101327.6
101327.6
101327.6
101327.6
101327.6
101327.6
101327.6
101327.6
101327.6
101327.6
101327.6
101327.6
101327.6
101327.6
101327.6
101327.6
101327.6
101327.6
101327.6
101327.6
101327.6
101327.6
101327.6
101327.6
101327.6
101327.59
101327.59
101327.59
101327.59
101327.59
101327.59
101327.59
101327.59
101327.59
101327.59
101327.59
101327.59
101327.59
101327.59
101327.59
101327.59
101327.59
101327.59
101327.59
101327.59
101327.59
101327.59
101327.59
101327.59
101327.59
101327.58
101327.58
101327.58
101327.58
101327.58
101327.58
101327.58
101327.58
101327.58
101327.58
101327.58
101327.58
101327.58
101327.58
101327.58
101327.58
101327.58
101327.58
101327.58
101327.58
101327.58
101327.58
101327.58
101327.58
101327.58
101327.56
101327.56
101327.56
101327.56
101327.56
101327.56
101327.56
101327.56
101327.56
101327.56
101327.56
101327.56
101327.56
101327.56
101327.56
101327.56
101327.56
101327.56
101327.56
101327.56
101327.56
101327.56
101327.56
101327.56
101327.56
101327.55
101327.55
101327.55
101327.55
101327.55
101327.55
101327.55
101327.55
101327.55
101327.55
101327.55
101327.55
101327.55
101327.55
101327.55
101327.55
101327.55
101327.55
101327.55
101327.55
101327.55
101327.55
101327.55
101327.55
101327.55
101327.54
101327.54
101327.54
101327.54
101327.54
101327.54
101327.54
101327.54
101327.54
101327.54
101327.54
101327.54
101327.54
101327.54
101327.54
101327.54
101327.54
101327.54
101327.54
101327.54
101327.54
101327.54
101327.54
101327.54
101327.54
101327.53
101327.53
101327.53
101327.53
101327.53
101327.53
101327.53
101327.53
101327.53
101327.53
101327.53
101327.53
101327.53
101327.53
101327.53
101327.53
101327.53
101327.53
101327.53
101327.53
101327.53
101327.53
101327.53
101327.53
101327.53
101327.51
101327.51
101327.51
101327.51
101327.51
101327.51
101327.51
101327.51
101327.51
101327.51
101327.51
101327.51
101327.51
101327.51
101327.51
101327.51
101327.51
101327.51
101327.51
101327.51
101327.51
101327.51
101327.51
101327.51
101327.51
101327.5
101327.5
101327.5
101327.5
101327.5
101327.5
101327.5
101327.5
101327.5
101327.5
101327.5
101327.5
101327.5
101327.5
101327.5
101327.5
101327.5
101327.5
101327.5
101327.5
101327.5
101327.5
101327.5
101327.5
101327.5
101327.49
101327.49
101327.49
101327.49
101327.49
101327.49
101327.49
101327.49
101327.49
101327.49
101327.49
101327.49
101327.49
101327.49
101327.49
101327.49
101327.49
101327.49
101327.49
101327.49
101327.49
101327.49
101327.49
101327.49
101327.49
101327.48
101327.48
101327.48
101327.48
101327.48
101327.48
101327.48
101327.48
101327.48
101327.48
101327.48
101327.48
101327.48
101327.48
101327.48
101327.48
101327.48
101327.48
101327.48
101327.48
101327.48
101327.48
101327.48
101327.48
101327.48
101327.46
101327.46
101327.46
101327.46
101327.46
101327.46
101327.46
101327.46
101327.46
101327.46
101327.46
101327.46
101327.46
101327.46
101327.46
101327.46
101327.46
101327.46
101327.46
101327.46
101327.46
101327.46
101327.46
101327.46
101327.46
101327.45
101327.45
101327.45
101327.45
101327.45
101327.45
101327.45
101327.45
101327.45
101327.45
101327.45
101327.45
101327.45
101327.45
101327.45
101327.45
101327.45
101327.45
101327.45
101327.45
101327.45
101327.45
101327.45
101327.45
101327.45
101327.44
101327.44
101327.44
101327.44
101327.44
101327.44
101327.44
101327.44
101327.44
101327.44
101327.44
101327.44
101327.44
101327.44
101327.44
101327.44
101327.44
101327.44
101327.44
101327.44
101327.44
101327.44
101327.44
101327.44
101327.44
101327.43
101327.43
101327.43
101327.43
101327.43
101327.43
101327.43
101327.43
101327.43
101327.43
101327.43
101327.43
101327.43
101327.43
101327.43
101327.43
101327.43
101327.43
101327.43
101327.43
101327.43
101327.43
101327.43
101327.43
101327.43
101327.42
101327.42
101327.42
101327.42
101327.42
101327.42
101327.42
101327.42
101327.42
101327.42
101327.42
101327.42
101327.42
101327.42
101327.42
101327.42
101327.42
101327.42
101327.42
101327.42
101327.42
101327.42
101327.42
101327.42
101327.42
101327.4
101327.4
101327.4
101327.4
101327.4
101327.4
101327.4
101327.4
101327.4
101327.4
101327.4
101327.4
101327.4
101327.4
101327.4
101327.4
101327.4
101327.4
101327.4
101327.4
101327.4
101327.4
101327.4
101327.4
101327.4
101327.39
101327.39
101327.39
101327.39
101327.39
101327.39
101327.39
101327.39
101327.39
101327.39
101327.39
101327.39
101327.39
101327.39
101327.39
101327.39
101327.39
101327.39
101327.39
101327.39
101327.39
101327.39
101327.39
101327.39
101327.39
101327.38
101327.38
101327.38
101327.38
101327.38
101327.38
101327.38
101327.38
101327.38
101327.38
101327.38
101327.38
101327.38
101327.38
101327.38
101327.38
101327.38
101327.38
101327.38
101327.38
101327.38
101327.38
101327.38
101327.38
101327.38
101327.37
101327.37
101327.37
101327.37
101327.37
101327.37
101327.37
101327.37
101327.37
101327.37
101327.37
101327.37
101327.37
101327.37
101327.37
101327.37
101327.37
101327.37
101327.37
101327.37
101327.37
101327.37
101327.37
101327.37
101327.37
101327.36
101327.36
101327.36
101327.36
101327.36
101327.36
101327.36
101327.36
101327.36
101327.36
101327.36
101327.36
101327.36
101327.36
101327.36
101327.36
101327.36
101327.36
101327.36
101327.36
101327.36
101327.36
101327.36
101327.36
101327.36
101327.34
101327.34
101327.34
101327.34
101327.34
101327.34
101327.34
101327.34
101327.34
101327.34
101327.34
101327.34
101327.34
101327.34
101327.34
101327.34
101327.34
101327.34
101327.34
101327.34
101327.34
101327.34
101327.34
101327.34
101327.34
101327.33
101327.33
101327.33
101327.33
101327.33
101327.33
101327.33
101327.33
101327.33
101327.33
101327.33
101327.33
101327.33
101327.33
101327.33
101327.33
101327.33
101327.33
101327.33
101327.33
101327.33
101327.33
101327.33
101327.33
101327.33
101327.32
101327.32
101327.32
101327.32
101327.32
101327.32
101327.32
101327.32
101327.32
101327.32
101327.32
101327.32
101327.32
101327.32
101327.32
101327.32
101327.32
101327.32
101327.32
101327.32
101327.32
101327.32
101327.32
101327.32
101327.32
101327.31
101327.31
101327.31
101327.31
101327.31
101327.31
101327.31
101327.31
101327.31
101327.31
101327.31
101327.31
101327.31
101327.31
101327.31
101327.31
101327.31
101327.31
101327.31
101327.31
101327.31
101327.31
101327.31
101327.31
101327.31
101327.3
101327.3
101327.3
101327.3
101327.3
101327.3
101327.3
101327.3
101327.3
101327.3
101327.3
101327.3
101327.3
101327.3
101327.3
101327.3
101327.3
101327.3
101327.3
101327.3
101327.3
101327.3
101327.3
101327.3
101327.3
101327.29
101327.29
101327.29
101327.29
101327.29
101327.29
101327.29
101327.29
101327.29
101327.29
101327.29
101327.29
101327.29
101327.29
101327.29
101327.29
101327.29
101327.29
101327.29
101327.29
101327.29
101327.29
101327.29
101327.29
101327.29
101327.27
101327.27
101327.27
101327.27
101327.27
101327.27
101327.27
101327.27
101327.27
101327.27
101327.27
101327.27
101327.27
101327.27
101327.27
101327.27
101327.27
101327.27
101327.27
101327.27
101327.27
101327.27
101327.27
101327.27
101327.27
101327.26
101327.26
101327.26
101327.26
101327.26
101327.26
101327.26
101327.26
101327.26
101327.26
101327.26
101327.26
101327.26
101327.26
101327.26
101327.26
101327.26
101327.26
101327.26
101327.26
101327.26
101327.26
101327.26
101327.26
101327.26
101327.25
101327.25
101327.25
101327.25
101327.25
101327.25
101327.25
101327.25
101327.25
101327.25
101327.25
101327.25
101327.25
101327.25
101327.25
101327.25
101327.25
101327.25
101327.25
101327.25
101327.25
101327.25
101327.25
101327.25
101327.25
101327.24
101327.24
101327.24
101327.24
101327.24
101327.24
101327.24
101327.24
101327.24
101327.24
101327.24
101327.24
101327.24
101327.24
101327.24
101327.24
101327.24
101327.24
101327.24
101327.24
101327.24
101327.24
101327.24
101327.24
101327.24
101327.23
101327.23
101327.23
101327.23
101327.23
101327.23
101327.23
101327.23
101327.23
101327.23
101327.23
101327.23
101327.23
101327.23
101327.23
101327.23
101327.23
101327.23
101327.23
101327.23
101327.23
101327.23
101327.23
101327.23
101327.23
101327.22
101327.22
101327.22
101327.22
101327.22
101327.22
101327.22
101327.22
101327.22
101327.22
101327.22
101327.22
101327.22
101327.22
101327.22
101327.22
101327.22
101327.22
101327.22
101327.22
101327.22
101327.22
101327.22
101327.22
101327.22
101327.2
101327.2
101327.2
101327.21
101327.21
101327.21
101327.21
101327.21
101327.21
101327.21
101327.2
101327.2
101327.2
101327.2
101327.2
101327.2
101327.2
101327.2
101327.2
101327.2
101327.2
101327.2
101327.2
101327.2
101327.2
101327.19
101327.19
101327.19
101327.19
101327.19
101327.19
101327.19
101327.19
101327.19
101327.19
101327.19
101327.19
101327.19
101327.19
101327.19
101327.19
101327.19
101327.19
101327.19
101327.19
101327.19
101327.19
101327.19
101327.19
101327.19
101327.18
101327.18
101327.18
101327.18
101327.18
101327.18
101327.18
101327.18
101327.18
101327.18
101327.18
101327.18
101327.18
101327.18
101327.18
101327.18
101327.18
101327.18
101327.18
101327.18
101327.18
101327.18
101327.18
101327.18
101327.18
101327.17
101327.17
101327.17
101327.17
101327.17
101327.17
101327.17
101327.17
101327.17
101327.17
101327.17
101327.17
101327.17
101327.17
101327.17
101327.17
101327.17
101327.17
101327.17
101327.17
101327.17
101327.17
101327.17
101327.17
101327.17
101327.16
101327.16
101327.16
101327.16
101327.16
101327.16
101327.16
101327.16
101327.16
101327.16
101327.16
101327.16
101327.16
101327.16
101327.16
101327.16
101327.16
101327.16
101327.16
101327.16
101327.16
101327.16
101327.16
101327.16
101327.16
101327.15
101327.15
101327.15
101327.15
101327.15
101327.15
101327.15
101327.15
101327.15
101327.15
101327.15
101327.15
101327.15
101327.15
101327.15
101327.15
101327.15
101327.15
101327.15
101327.15
101327.15
101327.15
101327.15
101327.15
101327.15
101327.14
101327.14
101327.14
101327.14
101327.14
101327.14
101327.14
101327.14
101327.14
101327.14
101327.14
101327.14
101327.14
101327.14
101327.14
101327.14
101327.14
101327.14
101327.14
101327.14
101327.14
101327.14
101327.14
101327.14
101327.14
101327.13
101327.13
101327.13
101327.13
101327.13
101327.13
101327.13
101327.13
101327.13
101327.13
101327.13
101327.13
101327.13
101327.13
101327.13
101327.13
101327.13
101327.13
101327.13
101327.13
101327.13
101327.13
101327.13
101327.13
101327.13
101327.11
101327.11
101327.11
101327.11
101327.11
101327.11
101327.11
101327.11
101327.11
101327.11
101327.11
101327.11
101327.11
101327.11
101327.11
101327.11
101327.11
101327.11
101327.11
101327.11
101327.11
101327.11
101327.11
101327.11
101327.11
101327.1
101327.1
101327.1
101327.1
101327.1
101327.1
101327.1
101327.1
101327.1
101327.1
101327.1
101327.1
101327.1
101327.1
101327.1
101327.1
101327.1
101327.1
101327.1
101327.1
101327.1
101327.1
101327.1
101327.1
101327.1
101327.09
101327.09
101327.09
101327.09
101327.09
101327.09
101327.09
101327.09
101327.09
101327.09
101327.09
101327.09
101327.09
101327.09
101327.09
101327.09
101327.09
101327.09
101327.09
101327.09
101327.09
101327.09
101327.09
101327.09
101327.09
101327.08
101327.08
101327.08
101327.08
101327.08
101327.08
101327.08
101327.08
101327.08
101327.08
101327.08
101327.08
101327.08
101327.08
101327.08
101327.08
101327.08
101327.08
101327.08
101327.08
101327.08
101327.08
101327.08
101327.08
101327.08
101327.07
101327.07
101327.07
101327.07
101327.07
101327.07
101327.07
101327.07
101327.07
101327.07
101327.07
101327.07
101327.07
101327.07
101327.07
101327.07
101327.07
101327.07
101327.07
101327.07
101327.07
101327.07
101327.07
101327.07
101327.07
101327.06
101327.06
101327.06
101327.06
101327.06
101327.06
101327.06
101327.06
101327.06
101327.06
101327.06
101327.06
101327.06
101327.06
101327.06
101327.06
101327.06
101327.06
101327.06
101327.06
101327.06
101327.06
101327.06
101327.06
101327.06
101327.05
101327.05
101327.05
101327.05
101327.05
101327.05
101327.05
101327.05
101327.05
101327.05
101327.05
101327.05
101327.05
101327.05
101327.05
101327.05
101327.05
101327.05
101327.05
101327.05
101327.05
101327.05
101327.05
101327.05
101327.05
101327.04
101327.04
101327.04
101327.04
101327.04
101327.04
101327.04
101327.04
101327.04
101327.04
101327.04
101327.04
101327.04
101327.04
101327.04
101327.04
101327.04
101327.04
101327.04
101327.04
101327.04
101327.04
101327.04
101327.04
101327.04
101327.03
101327.03
101327.03
101327.03
101327.03
101327.03
101327.03
101327.03
101327.03
101327.03
101327.03
101327.03
101327.03
101327.03
101327.03
101327.03
101327.03
101327.03
101327.03
101327.03
101327.03
101327.03
101327.03
101327.03
101327.03
101327.02
101327.02
101327.02
101327.02
101327.02
101327.02
101327.02
101327.02
101327.02
101327.02
101327.02
101327.02
101327.02
101327.02
101327.02
101327.02
101327.02
101327.02
101327.02
101327.02
101327.02
101327.02
101327.02
101327.02
101327.02
101327
101327
101327
101327
101327
101327
101327
101327
101327
101327
101327
101327
101327
101327
101327
101327
101327
101327
101327
101327
101327
101327
101327
101327
101327
101326.99
101326.99
101326.99
101326.99
101326.99
101326.99
101326.99
101326.99
101326.99
101326.99
101326.99
101326.99
101326.99
101326.99
101326.99
101326.99
101326.99
101326.99
101326.99
101326.99
101326.99
101326.99
101326.99
101326.99
101326.99
101326.98
101326.98
101326.98
101326.98
101326.98
101326.98
101326.98
101326.98
101326.98
101326.98
101326.98
101326.98
101326.98
101326.98
101326.98
101326.98
101326.98
101326.98
101326.98
101326.98
101326.98
101326.98
101326.98
101326.98
101326.98
101326.97
101326.97
101326.97
101326.97
101326.97
101326.97
101326.97
101326.97
101326.97
101326.97
101326.97
101326.97
101326.97
101326.97
101326.97
101326.97
101326.97
101326.97
101326.97
101326.97
101326.97
101326.97
101326.97
101326.97
101326.97
101326.96
101326.96
101326.96
101326.96
101326.96
101326.96
101326.96
101326.96
101326.96
101326.96
101326.96
101326.96
101326.96
101326.96
101326.96
101326.96
101326.96
101326.96
101326.96
101326.96
101326.96
101326.96
101326.96
101326.96
101326.96
101326.95
101326.95
101326.95
101326.95
101326.95
101326.95
101326.95
101326.95
101326.95
101326.95
101326.95
101326.95
101326.95
101326.95
101326.95
101326.95
101326.95
101326.95
101326.95
101326.95
101326.95
101326.95
101326.95
101326.95
101326.95
101326.94
101326.94
101326.94
101326.94
101326.94
101326.94
101326.94
101326.94
101326.94
101326.94
101326.94
101326.94
101326.94
101326.94
101326.94
101326.94
101326.94
101326.94
101326.94
101326.94
101326.94
101326.94
101326.94
101326.94
101326.94
101326.93
101326.93
101326.93
101326.93
101326.93
101326.93
101326.93
101326.93
101326.93
101326.93
101326.93
101326.93
101326.93
101326.93
101326.93
101326.93
101326.93
101326.93
101326.93
101326.93
101326.93
101326.93
101326.93
101326.93
101326.93
101326.92
101326.92
101326.92
101326.92
101326.92
101326.92
101326.92
101326.92
101326.92
101326.92
101326.92
101326.92
101326.92
101326.92
101326.92
101326.92
101326.92
101326.92
101326.92
101326.92
101326.92
101326.92
101326.92
101326.92
101326.92
101326.91
101326.91
101326.91
101326.91
101326.91
101326.91
101326.91
101326.91
101326.91
101326.91
101326.91
101326.91
101326.91
101326.91
101326.91
101326.91
101326.91
101326.91
101326.91
101326.91
101326.91
101326.91
101326.91
101326.91
101326.91
101326.9
101326.9
101326.9
101326.9
101326.9
101326.9
101326.9
101326.9
101326.9
101326.9
101326.9
101326.9
101326.9
101326.9
101326.9
101326.9
101326.9
101326.9
101326.9
101326.9
101326.9
101326.9
101326.9
101326.9
101326.9
101326.88
101326.88
101326.88
101326.88
101326.88
101326.88
101326.88
101326.88
101326.88
101326.88
101326.88
101326.88
101326.88
101326.88
101326.88
101326.88
101326.88
101326.88
101326.88
101326.88
101326.88
101326.88
101326.88
101326.88
101326.88
101326.87
101326.87
101326.87
101326.87
101326.87
101326.87
101326.87
101326.87
101326.87
101326.87
101326.87
101326.87
101326.87
101326.87
101326.87
101326.87
101326.87
101326.87
101326.87
101326.87
101326.87
101326.87
101326.87
101326.87
101326.87
101326.86
101326.86
101326.86
101326.86
101326.86
101326.86
101326.86
101326.86
101326.86
101326.86
101326.86
101326.86
101326.86
101326.86
101326.86
101326.86
101326.86
101326.86
101326.86
101326.86
101326.86
101326.86
101326.86
101326.86
101326.86
101326.85
101326.85
101326.85
101326.85
101326.85
101326.85
101326.85
101326.85
101326.85
101326.85
101326.85
101326.85
101326.85
101326.85
101326.85
101326.85
101326.85
101326.85
101326.85
101326.85
101326.85
101326.85
101326.85
101326.85
101326.85
101326.84
101326.84
101326.84
101326.84
101326.84
101326.84
101326.84
101326.84
101326.84
101326.84
101326.84
101326.84
101326.84
101326.84
101326.84
101326.84
101326.84
101326.84
101326.84
101326.84
101326.84
101326.84
101326.84
101326.84
101326.84
101326.83
101326.83
101326.83
101326.83
101326.83
101326.83
101326.83
101326.83
101326.83
101326.83
101326.83
101326.83
101326.83
101326.83
101326.83
101326.83
101326.83
101326.83
101326.83
101326.83
101326.83
101326.83
101326.83
101326.83
101326.83
101326.82
101326.82
101326.82
101326.82
101326.82
101326.82
101326.82
101326.82
101326.82
101326.82
101326.82
101326.82
101326.82
101326.82
101326.82
101326.82
101326.82
101326.82
101326.82
101326.82
101326.82
101326.82
101326.82
101326.82
101326.82
101326.81
101326.81
101326.81
101326.81
101326.81
101326.81
101326.81
101326.81
101326.81
101326.81
101326.81
101326.81
101326.81
101326.81
101326.81
101326.81
101326.81
101326.81
101326.81
101326.81
101326.81
101326.81
101326.81
101326.81
101326.81
101326.8
101326.8
101326.8
101326.8
101326.8
101326.8
101326.8
101326.8
101326.8
101326.8
101326.8
101326.8
101326.8
101326.8
101326.8
101326.8
101326.8
101326.8
101326.8
101326.8
101326.8
101326.8
101326.8
101326.8
101326.8
101326.79
101326.79
101326.79
101326.79
101326.79
101326.79
101326.79
101326.79
101326.79
101326.79
101326.79
101326.79
101326.79
101326.79
101326.79
101326.79
101326.79
101326.79
101326.79
101326.79
101326.79
101326.79
101326.79
101326.79
101326.79
101326.78
101326.78
101326.78
101326.78
101326.78
101326.78
101326.78
101326.78
101326.78
101326.78
101326.78
101326.78
101326.78
101326.78
101326.78
101326.78
101326.78
101326.78
101326.78
101326.78
101326.78
101326.78
101326.78
101326.78
101326.78
101326.77
101326.77
101326.77
101326.77
101326.77
101326.77
101326.77
101326.77
101326.77
101326.77
101326.77
101326.77
101326.77
101326.77
101326.77
101326.77
101326.77
101326.77
101326.77
101326.77
101326.77
101326.77
101326.77
101326.77
101326.77
101326.76
101326.76
101326.76
101326.76
101326.76
101326.76
101326.75
101326.75
101326.75
101326.75
101326.75
101326.75
101326.75
101326.75
101326.75
101326.75
101326.75
101326.75
101326.75
101326.75
101326.75
101326.75
101326.75
101326.75
101326.75
101326.74
101326.74
101326.74
101326.74
101326.74
101326.74
101326.74
101326.74
101326.74
101326.74
101326.74
101326.74
101326.74
101326.74
101326.74
101326.74
101326.74
101326.74
101326.74
101326.74
101326.74
101326.74
101326.74
101326.74
101326.74
101326.73
101326.73
101326.73
101326.73
101326.73
101326.73
101326.73
101326.73
101326.73
101326.73
101326.73
101326.73
101326.73
101326.73
101326.73
101326.73
101326.73
101326.73
101326.73
101326.73
101326.73
101326.73
101326.73
101326.73
101326.73
101326.72
101326.72
101326.72
101326.72
101326.72
101326.72
101326.72
101326.72
101326.72
101326.72
101326.72
101326.72
101326.72
101326.72
101326.72
101326.72
101326.72
101326.72
101326.72
101326.72
101326.72
101326.72
101326.72
101326.72
101326.72
101326.71
101326.71
101326.71
101326.71
101326.71
101326.71
101326.71
101326.71
101326.71
101326.71
101326.71
101326.71
101326.71
101326.71
101326.71
101326.71
101326.71
101326.71
101326.71
101326.71
101326.71
101326.71
101326.71
101326.71
101326.71
101326.7
101326.7
101326.7
101326.7
101326.7
101326.7
101326.7
101326.7
101326.7
101326.7
101326.7
101326.7
101326.7
101326.7
101326.7
101326.7
101326.7
101326.7
101326.7
101326.7
101326.7
101326.7
101326.7
101326.7
101326.7
101326.69
101326.69
101326.69
101326.69
101326.69
101326.69
101326.69
101326.69
101326.69
101326.69
101326.69
101326.69
101326.69
101326.69
101326.69
101326.69
101326.69
101326.69
101326.69
101326.69
101326.69
101326.69
101326.69
101326.69
101326.69
101326.68
101326.68
101326.68
101326.68
101326.68
101326.68
101326.68
101326.68
101326.68
101326.68
101326.68
101326.68
101326.68
101326.68
101326.68
101326.68
101326.68
101326.68
101326.68
101326.68
101326.68
101326.68
101326.68
101326.68
101326.68
101326.67
101326.67
101326.67
101326.67
101326.67
101326.67
101326.67
101326.67
101326.67
101326.67
101326.67
101326.67
101326.67
101326.67
101326.67
101326.67
101326.67
101326.67
101326.67
101326.67
101326.67
101326.67
101326.67
101326.67
101326.67
101326.66
101326.66
101326.66
101326.66
101326.66
101326.66
101326.66
101326.66
101326.66
101326.66
101326.66
101326.66
101326.66
101326.66
101326.66
101326.66
101326.66
101326.66
101326.66
101326.66
101326.66
101326.66
101326.66
101326.66
101326.66
101326.65
101326.65
101326.65
101326.65
101326.65
101326.65
101326.65
101326.65
101326.65
101326.65
101326.65
101326.65
101326.65
101326.65
101326.65
101326.65
101326.65
101326.65
101326.65
101326.65
101326.65
101326.65
101326.65
101326.65
101326.65
101326.64
101326.64
101326.64
101326.64
101326.64
101326.64
101326.64
101326.64
101326.64
101326.64
101326.64
101326.64
101326.64
101326.64
101326.64
101326.64
101326.64
101326.64
101326.64
101326.64
101326.64
101326.64
101326.64
101326.64
101326.64
101326.63
101326.63
101326.63
101326.63
101326.63
101326.63
101326.63
101326.63
101326.63
101326.63
101326.63
101326.63
101326.63
101326.63
101326.63
101326.63
101326.63
101326.63
101326.63
101326.63
101326.63
101326.63
101326.63
101326.63
101326.63
101326.62
101326.62
101326.62
101326.62
101326.62
101326.62
101326.62
101326.62
101326.62
101326.62
101326.62
101326.62
101326.62
101326.62
101326.62
101326.62
101326.62
101326.62
101326.62
101326.62
101326.62
101326.62
101326.62
101326.62
101326.62
101326.6
101326.6
101326.6
101326.6
101326.6
101326.6
101326.6
101326.6
101326.6
101326.6
101326.6
101326.6
101326.6
101326.6
101326.6
101326.6
101326.6
101326.6
101326.6
101326.6
101326.6
101326.6
101326.6
101326.6
101326.6
101326.59
101326.59
101326.59
101326.59
101326.59
101326.59
101326.59
101326.59
101326.59
101326.59
101326.59
101326.59
101326.59
101326.59
101326.59
101326.59
101326.59
101326.59
101326.59
101326.59
101326.59
101326.59
101326.59
101326.59
101326.59
101326.58
101326.58
101326.58
101326.58
101326.58
101326.58
101326.58
101326.58
101326.58
101326.58
101326.58
101326.58
101326.58
101326.58
101326.58
101326.58
101326.58
101326.58
101326.58
101326.58
101326.58
101326.58
101326.58
101326.58
101326.58
101326.57
101326.57
101326.57
101326.57
101326.57
101326.57
101326.57
101326.57
101326.57
101326.57
101326.57
101326.57
101326.57
101326.57
101326.57
101326.57
101326.57
101326.57
101326.57
101326.57
101326.57
101326.57
101326.57
101326.57
101326.57
101326.56
101326.56
101326.56
101326.56
101326.56
101326.56
101326.56
101326.56
101326.56
101326.56
101326.56
101326.56
101326.56
101326.56
101326.56
101326.56
101326.56
101326.56
101326.56
101326.56
101326.56
101326.56
101326.56
101326.56
101326.56
101326.55
101326.55
101326.55
101326.55
101326.55
101326.55
101326.55
101326.55
101326.55
101326.55
101326.55
101326.55
101326.55
101326.55
101326.55
101326.55
101326.55
101326.55
101326.55
101326.55
101326.55
101326.55
101326.55
101326.55
101326.55
101326.54
101326.54
101326.54
101326.54
101326.54
101326.54
101326.54
101326.54
101326.54
101326.54
101326.54
101326.54
101326.54
101326.54
101326.54
101326.54
101326.54
101326.54
101326.54
101326.54
101326.54
101326.54
101326.54
101326.54
101326.54
101326.53
101326.53
101326.53
101326.53
101326.53
101326.53
101326.53
101326.53
101326.53
101326.53
101326.53
101326.53
101326.53
101326.53
101326.53
101326.53
101326.53
101326.53
101326.53
101326.53
101326.53
101326.53
101326.53
101326.53
101326.53
101326.52
101326.52
101326.52
101326.52
101326.52
101326.52
101326.52
101326.52
101326.52
101326.52
101326.52
101326.52
101326.52
101326.52
101326.52
101326.52
101326.52
101326.52
101326.52
101326.52
101326.52
101326.52
101326.52
101326.52
101326.52
101326.51
101326.51
101326.51
101326.51
101326.51
101326.51
101326.51
101326.51
101326.51
101326.51
101326.51
101326.51
101326.51
101326.51
101326.51
101326.51
101326.51
101326.51
101326.51
101326.51
101326.51
101326.51
101326.51
101326.51
101326.51
101326.5
101326.5
101326.5
101326.5
101326.5
101326.5
101326.5
101326.5
101326.5
101326.5
101326.5
101326.5
101326.5
101326.5
101326.5
101326.5
101326.5
101326.5
101326.5
101326.5
101326.5
101326.5
101326.5
101326.5
101326.5
101326.49
101326.49
101326.49
101326.49
101326.49
101326.49
101326.49
101326.49
101326.49
101326.49
101326.49
101326.49
101326.49
101326.49
101326.49
101326.49
101326.49
101326.49
101326.49
101326.49
101326.49
101326.49
101326.49
101326.49
101326.49
101326.48
101326.48
101326.48
101326.48
101326.48
101326.48
101326.48
101326.48
101326.48
101326.48
101326.48
101326.48
101326.48
101326.48
101326.48
101326.48
101326.48
101326.48
101326.48
101326.48
101326.48
101326.48
101326.48
101326.48
101326.48
101326.46
101326.46
101326.46
101326.46
101326.46
101326.46
101326.46
101326.46
101326.46
101326.46
101326.46
101326.46
101326.46
101326.46
101326.46
101326.46
101326.46
101326.46
101326.46
101326.46
101326.46
101326.46
101326.46
101326.46
101326.46
101326.45
101326.45
101326.45
101326.45
101326.45
101326.45
101326.45
101326.45
101326.45
101326.45
101326.45
101326.45
101326.45
101326.45
101326.45
101326.45
101326.45
101326.45
101326.45
101326.45
101326.45
101326.45
101326.45
101326.45
101326.45
101326.44
101326.44
101326.44
101326.44
101326.44
101326.44
101326.44
101326.44
101326.44
101326.44
101326.44
101326.44
101326.44
101326.44
101326.44
101326.44
101326.44
101326.44
101326.44
101326.44
101326.44
101326.44
101326.44
101326.44
101326.44
101326.43
101326.43
101326.43
101326.43
101326.43
101326.43
101326.43
101326.43
101326.43
101326.43
101326.43
101326.43
101326.43
101326.43
101326.43
101326.43
101326.43
101326.43
101326.43
101326.43
101326.43
101326.43
101326.43
101326.43
101326.43
101326.42
101326.42
101326.42
101326.42
101326.42
101326.42
101326.42
101326.42
101326.42
101326.42
101326.42
101326.42
101326.42
101326.42
101326.42
101326.42
101326.42
101326.42
101326.42
101326.42
101326.42
101326.42
101326.42
101326.42
101326.42
101326.41
101326.41
101326.41
101326.41
101326.41
101326.41
101326.41
101326.41
101326.41
101326.41
101326.41
101326.41
101326.41
101326.41
101326.41
101326.41
101326.41
101326.41
101326.41
101326.41
101326.41
101326.41
101326.41
101326.41
101326.41
101326.4
101326.4
101326.4
101326.4
101326.4
101326.4
101326.4
101326.4
101326.4
101326.4
101326.4
101326.4
101326.4
101326.4
101326.4
101326.4
101326.4
101326.4
101326.4
101326.4
101326.4
101326.4
101326.4
101326.4
101326.4
101326.39
101326.39
101326.39
101326.39
101326.39
101326.39
101326.39
101326.39
101326.39
101326.39
101326.39
101326.39
101326.39
101326.39
101326.39
101326.39
101326.39
101326.39
101326.39
101326.39
101326.39
101326.39
101326.39
101326.39
101326.39
101326.38
101326.38
101326.38
101326.38
101326.38
101326.38
101326.38
101326.38
101326.38
101326.38
101326.38
101326.38
101326.38
101326.38
101326.38
101326.38
101326.38
101326.38
101326.38
101326.38
101326.38
101326.38
101326.38
101326.38
101326.38
101326.37
101326.37
101326.37
101326.37
101326.37
101326.37
101326.37
101326.37
101326.37
101326.37
101326.37
101326.37
101326.37
101326.37
101326.37
101326.37
101326.37
101326.37
101326.37
101326.37
101326.37
101326.37
101326.37
101326.37
101326.37
101326.36
101326.36
101326.36
101326.36
101326.36
101326.36
101326.36
101326.36
101326.36
101326.36
101326.36
101326.36
101326.36
101326.36
101326.36
101326.36
101326.36
101326.36
101326.36
101326.36
101326.36
101326.36
101326.36
101326.36
101326.36
101326.35
101326.35
101326.35
101326.35
101326.35
101326.35
101326.35
101326.35
101326.35
101326.35
101326.35
101326.35
101326.35
101326.35
101326.35
101326.35
101326.35
101326.35
101326.35
101326.35
101326.35
101326.35
101326.35
101326.35
101326.35
101326.34
101326.34
101326.34
101326.34
101326.34
101326.34
101326.34
101326.34
101326.34
101326.34
101326.34
101326.34
101326.34
101326.34
101326.34
101326.34
101326.34
101326.34
101326.34
101326.34
101326.34
101326.34
101326.34
101326.34
101326.34
101326.32
101326.32
101326.32
101326.32
101326.32
101326.32
101326.32
101326.32
101326.32
101326.32
101326.32
101326.32
101326.32
101326.32
101326.32
101326.32
101326.32
101326.32
101326.32
101326.32
101326.32
101326.32
101326.32
101326.32
101326.32
101326.31
101326.31
101326.31
101326.31
101326.31
101326.31
101326.31
101326.31
101326.31
101326.31
101326.31
101326.31
101326.31
101326.31
101326.31
101326.31
101326.31
101326.31
101326.31
101326.31
101326.31
101326.31
101326.31
101326.31
101326.31
101326.3
101326.3
101326.3
101326.3
101326.3
101326.3
101326.3
101326.3
101326.3
101326.3
101326.3
101326.3
101326.3
101326.3
101326.3
101326.3
101326.3
101326.3
101326.3
101326.3
101326.3
101326.3
101326.3
101326.3
101326.3
101326.29
101326.29
101326.29
101326.29
101326.29
101326.29
101326.29
101326.29
101326.29
101326.29
101326.29
101326.29
101326.29
101326.29
101326.29
101326.29
101326.29
101326.29
101326.29
101326.29
101326.29
101326.29
101326.29
101326.29
101326.29
101326.28
101326.28
101326.28
101326.28
101326.28
101326.28
101326.28
101326.28
101326.28
101326.28
101326.28
101326.28
101326.28
101326.28
101326.28
101326.28
101326.28
101326.28
101326.28
101326.28
101326.28
101326.28
101326.28
101326.28
101326.28
101326.27
101326.27
101326.27
101326.27
101326.27
101326.27
101326.27
101326.27
101326.27
101326.27
101326.27
101326.27
101326.27
101326.27
101326.27
101326.27
101326.27
101326.27
101326.27
101326.27
101326.27
101326.27
101326.27
101326.27
101326.27
101326.26
101326.26
101326.26
101326.26
101326.26
101326.26
101326.26
101326.26
101326.26
101326.26
101326.26
101326.26
101326.26
101326.26
101326.26
101326.26
101326.26
101326.26
101326.26
101326.26
101326.26
101326.26
101326.26
101326.26
101326.26
101326.25
101326.25
101326.25
101326.25
101326.25
101326.25
101326.25
101326.25
101326.25
101326.25
101326.25
101326.25
101326.25
101326.25
101326.25
101326.25
101326.25
101326.25
101326.25
101326.25
101326.25
101326.25
101326.25
101326.25
101326.25
101326.24
101326.24
101326.24
101326.24
101326.24
101326.24
101326.24
101326.24
101326.24
101326.24
101326.24
101326.24
101326.24
101326.24
101326.24
101326.24
101326.24
101326.24
101326.24
101326.24
101326.24
101326.24
101326.24
101326.24
101326.24
101326.23
101326.23
101326.23
101326.23
101326.23
101326.23
101326.23
101326.23
101326.23
101326.23
101326.23
101326.23
101326.23
101326.23
101326.23
101326.23
101326.23
101326.23
101326.23
101326.23
101326.23
101326.23
101326.23
101326.23
101326.23
101326.22
101326.22
101326.22
101326.22
101326.22
101326.22
101326.22
101326.22
101326.22
101326.22
101326.22
101326.22
101326.22
101326.22
101326.22
101326.22
101326.22
101326.22
101326.22
101326.22
101326.22
101326.22
101326.22
101326.22
101326.22
101326.2
101326.2
101326.2
101326.2
101326.2
101326.2
101326.2
101326.2
101326.2
101326.2
101326.2
101326.2
101326.2
101326.2
101326.2
101326.2
101326.2
101326.2
101326.2
101326.2
101326.2
101326.2
101326.2
101326.2
101326.2
101326.19
101326.19
101326.19
101326.19
101326.19
101326.19
101326.19
101326.19
101326.19
101326.19
101326.19
101326.19
101326.19
101326.19
101326.19
101326.19
101326.19
101326.19
101326.19
101326.19
101326.19
101326.19
101326.19
101326.19
101326.19
101326.18
101326.18
101326.18
101326.18
101326.18
101326.18
101326.18
101326.18
101326.18
101326.18
101326.18
101326.18
101326.18
101326.18
101326.18
101326.18
101326.18
101326.18
101326.18
101326.18
101326.18
101326.18
101326.18
101326.18
101326.18
101326.17
101326.17
101326.17
101326.17
101326.17
101326.17
101326.17
101326.17
101326.17
101326.17
101326.17
101326.17
101326.17
101326.17
101326.17
101326.17
101326.17
101326.17
101326.17
101326.17
101326.17
101326.17
101326.17
101326.17
101326.17
101326.16
101326.16
101326.16
101326.16
101326.16
101326.16
101326.16
101326.16
101326.16
101326.16
101326.16
101326.16
101326.16
101326.16
101326.16
101326.16
101326.16
101326.16
101326.16
101326.16
101326.16
101326.16
101326.16
101326.16
101326.16
101326.15
101326.15
101326.15
101326.15
101326.15
101326.15
101326.15
101326.15
101326.15
101326.15
101326.15
101326.15
101326.15
101326.15
101326.15
101326.15
101326.15
101326.15
101326.15
101326.15
101326.15
101326.15
101326.15
101326.15
101326.15
101326.14
101326.14
101326.14
101326.14
101326.14
101326.14
101326.14
101326.14
101326.14
101326.14
101326.14
101326.14
101326.14
101326.14
101326.14
101326.14
101326.14
101326.14
101326.14
101326.14
101326.14
101326.14
101326.14
101326.14
101326.14
101326.13
101326.13
101326.13
101326.13
101326.13
101326.13
101326.13
101326.13
101326.13
101326.13
101326.13
101326.13
101326.13
101326.13
101326.13
101326.13
101326.13
101326.13
101326.13
101326.13
101326.13
101326.13
101326.13
101326.13
101326.13
101326.12
101326.12
101326.12
101326.12
101326.12
101326.12
101326.12
101326.12
101326.12
101326.12
101326.12
101326.12
101326.12
101326.12
101326.12
101326.12
101326.12
101326.12
101326.12
101326.12
101326.12
101326.12
101326.12
101326.12
101326.12
101326.11
101326.11
101326.11
101326.11
101326.11
101326.11
101326.11
101326.11
101326.11
101326.11
101326.11
101326.11
101326.11
101326.11
101326.11
101326.11
101326.11
101326.11
101326.11
101326.11
101326.11
101326.11
101326.11
101326.11
101326.11
101326.1
101326.1
101326.1
101326.1
101326.1
101326.1
101326.1
101326.1
101326.1
101326.1
101326.1
101326.1
101326.1
101326.1
101326.1
101326.1
101326.1
101326.1
101326.1
101326.1
101326.1
101326.1
101326.1
101326.1
101326.1
101326.08
101326.08
101326.08
101326.08
101326.08
101326.08
101326.08
101326.08
101326.08
101326.08
101326.08
101326.08
101326.08
101326.08
101326.08
101326.08
101326.08
101326.08
101326.08
101326.08
101326.08
101326.08
101326.08
101326.08
101326.08
101326.07
101326.07
101326.07
101326.07
101326.07
101326.07
101326.07
101326.07
101326.07
101326.07
101326.07
101326.07
101326.07
101326.07
101326.07
101326.07
101326.07
101326.07
101326.07
101326.07
101326.07
101326.07
101326.07
101326.07
101326.07
101326.06
101326.06
101326.06
101326.06
101326.06
101326.06
101326.06
101326.06
101326.06
101326.06
101326.06
101326.06
101326.06
101326.06
101326.06
101326.06
101326.06
101326.06
101326.06
101326.06
101326.06
101326.06
101326.06
101326.06
101326.06
101326.05
101326.05
101326.05
101326.05
101326.05
101326.05
101326.05
101326.05
101326.05
101326.05
101326.05
101326.05
101326.05
101326.05
101326.05
101326.05
101326.05
101326.05
101326.05
101326.05
101326.05
101326.05
101326.05
101326.05
101326.05
101326.04
101326.04
101326.04
101326.04
101326.04
101326.04
101326.04
101326.04
101326.04
101326.04
101326.04
101326.04
101326.04
101326.04
101326.04
101326.04
101326.04
101326.04
101326.04
101326.04
101326.04
101326.04
101326.04
101326.04
101326.04
101326.03
101326.03
101326.03
101326.03
101326.03
101326.03
101326.03
101326.03
101326.03
101326.03
101326.03
101326.03
101326.03
101326.03
101326.03
101326.03
101326.03
101326.03
101326.03
101326.03
101326.03
101326.03
101326.03
101326.03
101326.03
101326.02
101326.02
101326.02
101326.02
101326.02
101326.02
101326.02
101326.02
101326.02
101326.02
101326.02
101326.02
101326.02
101326.02
101326.02
101326.02
101326.02
101326.02
101326.02
101326.02
101326.02
101326.02
101326.02
101326.02
101326.02
101326.01
101326.01
101326.01
101326.01
101326.01
101326.01
101326.01
101326.01
101326.01
101326.01
101326.01
101326.01
101326.01
101326.01
101326.01
101326.01
101326.01
101326.01
101326.01
101326.01
101326.01
101326.01
101326.01
101326.01
101326.01
101326
101326
101326
101326
101326
101325.99
101325.99
101325.99
101325.99
101325.99
101325.99
101325.99
101325.99
101325.99
101325.99
101325.99
101325.99
101326
101326
101326
101326
101326
101326
101326
101326
101325.98
101325.98
101325.98
101325.98
101325.98
101325.98
101325.98
101325.98
101325.98
101325.98
101325.98
101325.98
101325.98
101325.98
101325.98
101325.98
101325.98
101325.98
101325.98
101325.98
101325.98
101325.98
101325.98
101325.98
101325.98
101325.97
101325.97
101325.97
101325.97
101325.97
101325.97
101325.97
101325.97
101325.97
101325.97
101325.97
101325.97
101325.97
101325.97
101325.97
101325.97
101325.97
101325.97
101325.97
101325.97
101325.97
101325.97
101325.97
101325.97
101325.97
101325.96
101325.96
101325.96
101325.96
101325.96
101325.96
101325.96
101325.96
101325.96
101325.96
101325.96
101325.96
101325.96
101325.96
101325.96
101325.96
101325.96
101325.96
101325.96
101325.96
101325.96
101325.96
101325.96
101325.96
101325.96
101325.95
101325.95
101325.95
101325.95
101325.95
101325.95
101325.95
101325.95
101325.95
101325.95
101325.95
101325.95
101325.95
101325.95
101325.95
101325.95
101325.95
101325.95
101325.95
101325.95
101325.95
101325.95
101325.95
101325.95
101325.95
101325.94
101325.94
101325.94
101325.94
101325.94
101325.94
101325.94
101325.94
101325.94
101325.94
101325.94
101325.94
101325.94
101325.94
101325.94
101325.94
101325.94
101325.94
101325.94
101325.94
101325.94
101325.94
101325.94
101325.94
101325.94
101325.93
101325.93
101325.93
101325.93
101325.93
101325.93
101325.93
101325.93
101325.93
101325.93
101325.93
101325.93
101325.93
101325.93
101325.93
101325.93
101325.93
101325.93
101325.93
101325.93
101325.93
101325.93
101325.93
101325.93
101325.93
101325.92
101325.92
101325.92
101325.92
101325.92
101325.92
101325.92
101325.92
101325.92
101325.92
101325.92
101325.92
101325.92
101325.92
101325.92
101325.92
101325.92
101325.92
101325.92
101325.92
101325.92
101325.92
101325.92
101325.92
101325.92
101325.9
101325.9
101325.9
101325.9
101325.9
101325.9
101325.9
101325.9
101325.9
101325.9
101325.9
101325.9
101325.9
101325.9
101325.9
101325.9
101325.9
101325.9
101325.9
101325.9
101325.9
101325.9
101325.9
101325.9
101325.9
101325.89
101325.89
101325.89
101325.89
101325.89
101325.89
101325.89
101325.89
101325.89
101325.89
101325.89
101325.89
101325.89
101325.89
101325.89
101325.89
101325.89
101325.89
101325.89
101325.89
101325.89
101325.89
101325.89
101325.89
101325.89
101325.88
101325.88
101325.88
101325.88
101325.88
101325.88
101325.88
101325.88
101325.88
101325.88
101325.88
101325.88
101325.88
101325.88
101325.88
101325.88
101325.88
101325.88
101325.88
101325.88
101325.88
101325.88
101325.88
101325.88
101325.88
101325.87
101325.87
101325.87
101325.87
101325.87
101325.87
101325.87
101325.87
101325.87
101325.87
101325.87
101325.87
101325.87
101325.87
101325.87
101325.87
101325.87
101325.87
101325.87
101325.87
101325.87
101325.87
101325.87
101325.87
101325.87
101325.86
101325.86
101325.86
101325.86
101325.86
101325.86
101325.86
101325.86
101325.86
101325.86
101325.86
101325.86
101325.86
101325.86
101325.86
101325.86
101325.86
101325.86
101325.86
101325.86
101325.86
101325.86
101325.86
101325.86
101325.86
101325.85
101325.85
101325.85
101325.85
101325.85
101325.85
101325.85
101325.85
101325.85
101325.85
101325.85
101325.85
101325.85
101325.85
101325.85
101325.85
101325.85
101325.85
101325.85
101325.85
101325.85
101325.85
101325.85
101325.85
101325.85
101325.84
101325.84
101325.84
101325.84
101325.84
101325.84
101325.84
101325.84
101325.84
101325.84
101325.84
101325.84
101325.84
101325.84
101325.84
101325.84
101325.84
101325.84
101325.84
101325.84
101325.84
101325.84
101325.84
101325.84
101325.84
101325.83
101325.83
101325.83
101325.83
101325.83
101325.83
101325.83
101325.83
101325.83
101325.83
101325.83
101325.83
101325.83
101325.83
101325.83
101325.83
101325.83
101325.83
101325.83
101325.83
101325.83
101325.83
101325.83
101325.83
101325.83
101325.81
101325.81
101325.81
101325.81
101325.81
101325.81
101325.81
101325.81
101325.81
101325.81
101325.81
101325.81
101325.81
101325.81
101325.81
101325.81
101325.81
101325.81
101325.81
101325.81
101325.81
101325.81
101325.81
101325.81
101325.81
101325.8
101325.8
101325.8
101325.8
101325.8
101325.8
101325.8
101325.8
101325.8
101325.8
101325.8
101325.8
101325.8
101325.8
101325.8
101325.8
101325.8
101325.8
101325.8
101325.8
101325.8
101325.8
101325.8
101325.8
101325.8
101325.79
101325.79
101325.79
101325.79
101325.79
101325.79
101325.79
101325.79
101325.79
101325.79
101325.79
101325.79
101325.79
101325.79
101325.79
101325.79
101325.79
101325.79
101325.79
101325.79
101325.79
101325.79
101325.79
101325.79
101325.79
101325.78
101325.78
101325.78
101325.78
101325.78
101325.78
101325.78
101325.78
101325.78
101325.78
101325.78
101325.78
101325.78
101325.78
101325.78
101325.78
101325.78
101325.78
101325.78
101325.78
101325.78
101325.78
101325.78
101325.78
101325.78
101325.77
101325.77
101325.77
101325.77
101325.77
101325.77
101325.77
101325.77
101325.77
101325.77
101325.77
101325.77
101325.77
101325.77
101325.77
101325.77
101325.77
101325.77
101325.77
101325.77
101325.77
101325.77
101325.77
101325.77
101325.77
101325.76
101325.76
101325.76
101325.76
101325.76
101325.76
101325.76
101325.76
101325.76
101325.76
101325.76
101325.76
101325.76
101325.76
101325.76
101325.76
101325.76
101325.76
101325.76
101325.76
101325.76
101325.76
101325.76
101325.76
101325.76
101325.74
101325.74
101325.74
101325.74
101325.74
101325.74
101325.74
101325.74
101325.74
101325.74
101325.74
101325.74
101325.74
101325.74
101325.74
101325.74
101325.74
101325.74
101325.74
101325.74
101325.74
101325.74
101325.74
101325.74
101325.74
101325.73
101325.73
101325.73
101325.73
101325.73
101325.73
101325.73
101325.73
101325.73
101325.73
101325.73
101325.73
101325.73
101325.73
101325.73
101325.73
101325.73
101325.73
101325.73
101325.73
101325.73
101325.73
101325.73
101325.73
101325.73
101325.72
101325.72
101325.72
101325.72
101325.72
101325.72
101325.72
101325.72
101325.72
101325.72
101325.72
101325.72
101325.72
101325.72
101325.72
101325.72
101325.72
101325.72
101325.72
101325.72
101325.72
101325.72
101325.72
101325.72
101325.72
101325.71
101325.71
101325.71
101325.71
101325.71
101325.71
101325.71
101325.71
101325.71
101325.71
101325.71
101325.71
101325.71
101325.71
101325.71
101325.71
101325.71
101325.71
101325.71
101325.71
101325.71
101325.71
101325.71
101325.71
101325.71
101325.7
101325.7
101325.7
101325.7
101325.7
101325.7
101325.7
101325.7
101325.7
101325.7
101325.7
101325.7
101325.7
101325.7
101325.7
101325.7
101325.7
101325.7
101325.7
101325.7
101325.7
101325.7
101325.7
101325.7
101325.7
101325.69
101325.69
101325.69
101325.69
101325.69
101325.69
101325.69
101325.69
101325.69
101325.69
101325.69
101325.69
101325.69
101325.69
101325.69
101325.69
101325.69
101325.69
101325.69
101325.69
101325.69
101325.69
101325.69
101325.69
101325.69
101325.68
101325.68
101325.68
101325.68
101325.68
101325.68
101325.68
101325.68
101325.68
101325.68
101325.68
101325.68
101325.68
101325.68
101325.68
101325.68
101325.68
101325.68
101325.68
101325.68
101325.68
101325.68
101325.68
101325.68
101325.68
101325.66
101325.66
101325.66
101325.66
101325.66
101325.66
101325.66
101325.66
101325.66
101325.66
101325.66
101325.66
101325.66
101325.66
101325.66
101325.66
101325.66
101325.66
101325.66
101325.66
101325.66
101325.66
101325.66
101325.66
101325.66
101325.65
101325.65
101325.65
101325.65
101325.65
101325.65
101325.65
101325.65
101325.65
101325.65
101325.65
101325.65
101325.65
101325.65
101325.65
101325.65
101325.65
101325.65
101325.65
101325.65
101325.65
101325.65
101325.65
101325.65
101325.65
101325.64
101325.64
101325.64
101325.64
101325.64
101325.64
101325.64
101325.64
101325.64
101325.64
101325.64
101325.64
101325.64
101325.64
101325.64
101325.64
101325.64
101325.64
101325.64
101325.64
101325.64
101325.64
101325.64
101325.64
101325.64
101325.63
101325.63
101325.63
101325.63
101325.63
101325.63
101325.63
101325.63
101325.63
101325.63
101325.63
101325.63
101325.63
101325.63
101325.63
101325.63
101325.63
101325.63
101325.63
101325.63
101325.63
101325.63
101325.63
101325.63
101325.63
101325.62
101325.62
101325.62
101325.62
101325.62
101325.62
101325.62
101325.62
101325.62
101325.62
101325.62
101325.62
101325.62
101325.62
101325.62
101325.62
101325.62
101325.62
101325.62
101325.62
101325.62
101325.62
101325.62
101325.62
101325.62
101325.61
101325.61
101325.61
101325.61
101325.61
101325.61
101325.61
101325.61
101325.61
101325.61
101325.61
101325.61
101325.61
101325.61
101325.61
101325.61
101325.61
101325.61
101325.61
101325.61
101325.61
101325.61
101325.61
101325.61
101325.61
101325.59
101325.59
101325.59
101325.59
101325.59
101325.59
101325.59
101325.59
101325.59
101325.59
101325.59
101325.59
101325.59
101325.59
101325.59
101325.59
101325.59
101325.59
101325.59
101325.59
101325.59
101325.59
101325.59
101325.59
101325.59
101325.58
101325.58
101325.58
101325.58
101325.58
101325.58
101325.58
101325.58
101325.58
101325.58
101325.58
101325.58
101325.58
101325.58
101325.58
101325.58
101325.58
101325.58
101325.58
101325.58
101325.58
101325.58
101325.58
101325.58
101325.58
101325.57
101325.57
101325.57
101325.57
101325.57
101325.57
101325.57
101325.57
101325.57
101325.57
101325.57
101325.57
101325.57
101325.57
101325.57
101325.57
101325.57
101325.57
101325.57
101325.57
101325.57
101325.57
101325.57
101325.57
101325.57
101325.56
101325.56
101325.56
101325.56
101325.56
101325.56
101325.56
101325.56
101325.56
101325.56
101325.56
101325.56
101325.56
101325.56
101325.56
101325.56
101325.56
101325.56
101325.56
101325.56
101325.56
101325.56
101325.56
101325.56
101325.56
101325.55
101325.55
101325.55
101325.55
101325.55
101325.55
101325.55
101325.55
101325.55
101325.55
101325.55
101325.55
101325.55
101325.55
101325.55
101325.55
101325.55
101325.55
101325.55
101325.55
101325.55
101325.55
101325.55
101325.55
101325.55
101325.54
101325.54
101325.54
101325.54
101325.54
101325.54
101325.54
101325.54
101325.54
101325.54
101325.54
101325.54
101325.54
101325.54
101325.54
101325.54
101325.54
101325.54
101325.54
101325.54
101325.54
101325.54
101325.54
101325.54
101325.54
101325.52
101325.52
101325.52
101325.52
101325.52
101325.52
101325.52
101325.52
101325.52
101325.52
101325.52
101325.52
101325.52
101325.52
101325.52
101325.52
101325.52
101325.52
101325.52
101325.52
101325.52
101325.52
101325.52
101325.52
101325.52
101325.51
101325.51
101325.51
101325.51
101325.51
101325.51
101325.51
101325.51
101325.51
101325.51
101325.51
101325.51
101325.51
101325.51
101325.51
101325.51
101325.51
101325.51
101325.51
101325.51
101325.51
101325.51
101325.51
101325.51
101325.51
101325.5
101325.5
101325.5
101325.5
101325.5
101325.5
101325.5
101325.5
101325.5
101325.5
101325.5
101325.5
101325.5
101325.5
101325.5
101325.5
101325.5
101325.5
101325.5
101325.5
101325.5
101325.5
101325.5
101325.5
101325.5
101325.49
101325.49
101325.49
101325.49
101325.49
101325.49
101325.49
101325.49
101325.49
101325.49
101325.49
101325.49
101325.49
101325.49
101325.49
101325.49
101325.49
101325.49
101325.49
101325.49
101325.49
101325.49
101325.49
101325.49
101325.49
101325.48
101325.48
101325.48
101325.48
101325.48
101325.48
101325.48
101325.48
101325.48
101325.48
101325.48
101325.48
101325.48
101325.48
101325.48
101325.48
101325.48
101325.48
101325.48
101325.48
101325.48
101325.48
101325.48
101325.48
101325.48
101325.46
101325.46
101325.46
101325.46
101325.46
101325.46
101325.46
101325.46
101325.46
101325.46
101325.46
101325.46
101325.46
101325.46
101325.46
101325.46
101325.46
101325.46
101325.46
101325.46
101325.46
101325.46
101325.46
101325.46
101325.46
101325.45
101325.45
101325.45
101325.45
101325.45
101325.45
101325.45
101325.45
101325.45
101325.45
101325.45
101325.45
101325.45
101325.45
101325.45
101325.45
101325.45
101325.45
101325.45
101325.45
101325.45
101325.45
101325.45
101325.45
101325.45
101325.44
101325.44
101325.44
101325.44
101325.44
101325.44
101325.44
101325.44
101325.44
101325.44
101325.44
101325.44
101325.44
101325.44
101325.44
101325.44
101325.44
101325.44
101325.44
101325.44
101325.44
101325.44
101325.44
101325.44
101325.44
101325.43
101325.43
101325.43
101325.43
101325.43
101325.43
101325.43
101325.43
101325.43
101325.43
101325.43
101325.43
101325.43
101325.43
101325.43
101325.43
101325.43
101325.43
101325.43
101325.43
101325.43
101325.43
101325.43
101325.43
101325.43
101325.42
101325.42
101325.42
101325.42
101325.42
101325.42
101325.42
101325.42
101325.42
101325.42
101325.42
101325.42
101325.42
101325.42
101325.42
101325.42
101325.42
101325.42
101325.42
101325.42
101325.42
101325.42
101325.42
101325.42
101325.42
101325.41
101325.41
101325.41
101325.41
101325.41
101325.41
101325.41
101325.41
101325.41
101325.41
101325.41
101325.41
101325.41
101325.41
101325.41
101325.41
101325.41
101325.41
101325.41
101325.41
101325.41
101325.41
101325.41
101325.41
101325.41
101325.39
101325.39
101325.39
101325.39
101325.39
101325.39
101325.39
101325.39
101325.39
101325.39
101325.39
101325.39
101325.39
101325.39
101325.39
101325.39
101325.39
101325.39
101325.39
101325.39
101325.39
101325.39
101325.39
101325.39
101325.39
101325.38
101325.38
101325.38
101325.38
101325.38
101325.38
101325.38
101325.38
101325.38
101325.38
101325.38
101325.38
101325.38
101325.38
101325.38
101325.38
101325.38
101325.38
101325.38
101325.38
101325.38
101325.38
101325.38
101325.38
101325.38
101325.37
101325.37
101325.37
101325.37
101325.37
101325.37
101325.37
101325.37
101325.37
101325.37
101325.37
101325.37
101325.37
101325.37
101325.37
101325.37
101325.37
101325.37
101325.37
101325.37
101325.37
101325.37
101325.37
101325.37
101325.37
101325.36
101325.36
101325.36
101325.36
101325.36
101325.36
101325.36
101325.36
101325.36
101325.36
101325.36
101325.36
101325.36
101325.36
101325.36
101325.36
101325.36
101325.36
101325.36
101325.36
101325.36
101325.36
101325.36
101325.36
101325.36
101325.35
101325.35
101325.35
101325.35
101325.35
101325.35
101325.35
101325.35
101325.35
101325.35
101325.35
101325.35
101325.35
101325.35
101325.35
101325.35
101325.35
101325.35
101325.35
101325.35
101325.35
101325.35
101325.35
101325.35
101325.35
101325.34
101325.34
101325.34
101325.34
101325.34
101325.34
101325.34
101325.34
101325.34
101325.34
101325.34
101325.34
101325.34
101325.34
101325.34
101325.34
101325.34
101325.34
101325.34
101325.34
101325.34
101325.34
101325.34
101325.34
101325.34
101325.32
101325.32
101325.32
101325.32
101325.32
101325.32
101325.32
101325.32
101325.32
101325.32
101325.32
101325.32
101325.32
101325.32
101325.32
101325.32
101325.32
101325.32
101325.32
101325.32
101325.32
101325.32
101325.32
101325.32
101325.32
101325.31
101325.31
101325.31
101325.31
101325.31
101325.31
101325.31
101325.31
101325.31
101325.31
101325.31
101325.31
101325.31
101325.31
101325.31
101325.31
101325.31
101325.31
101325.31
101325.31
101325.31
101325.31
101325.31
101325.31
101325.31
101325.3
101325.3
101325.3
101325.3
101325.3
101325.3
101325.3
101325.3
101325.3
101325.3
101325.3
101325.3
101325.3
101325.3
101325.3
101325.3
101325.3
101325.3
101325.3
101325.3
101325.3
101325.3
101325.3
101325.3
101325.3
101325.29
101325.29
101325.29
101325.29
101325.29
101325.29
101325.29
101325.29
101325.29
101325.29
101325.29
101325.29
101325.29
101325.29
101325.29
101325.29
101325.29
101325.29
101325.29
101325.29
101325.29
101325.29
101325.29
101325.29
101325.29
101325.28
101325.28
101325.28
101325.28
101325.28
101325.28
101325.28
101325.28
101325.28
101325.28
101325.28
101325.28
101325.28
101325.28
101325.28
101325.28
101325.28
101325.28
101325.28
101325.28
101325.28
101325.28
101325.28
101325.28
101325.28
101325.27
101325.27
101325.27
101325.27
101325.27
101325.27
101325.27
101325.27
101325.27
101325.27
101325.27
101325.27
101325.27
101325.27
101325.27
101325.27
101325.27
101325.27
101325.27
101325.27
101325.27
101325.27
101325.27
101325.27
101325.27
101325.25
101325.25
101325.25
101325.25
101325.25
101325.25
101325.25
101325.25
101325.25
101325.25
101325.25
101325.25
101325.25
101325.25
101325.25
101325.25
101325.25
101325.25
101325.25
101325.25
101325.25
101325.25
101325.25
101325.25
101325.25
101325.24
101325.24
101325.24
101325.24
101325.24
101325.24
101325.24
101325.24
101325.24
101325.24
101325.24
101325.24
101325.24
101325.24
101325.24
101325.24
101325.24
101325.24
101325.24
101325.24
101325.24
101325.24
101325.24
101325.24
101325.24
101325.23
101325.23
101325.23
101325.23
101325.23
101325.23
101325.23
101325.23
101325.23
101325.23
101325.23
101325.23
101325.23
101325.23
101325.23
101325.23
101325.23
101325.23
101325.23
101325.23
101325.23
101325.23
101325.23
101325.23
101325.23
101325.22
101325.22
101325.22
101325.22
101325.22
101325.22
101325.22
101325.22
101325.22
101325.22
101325.22
101325.22
101325.22
101325.22
101325.22
101325.22
101325.22
101325.22
101325.22
101325.22
101325.22
101325.22
101325.22
101325.22
101325.22
101325.21
101325.21
101325.21
101325.21
101325.21
101325.21
101325.21
101325.21
101325.21
101325.21
101325.21
101325.21
101325.21
101325.21
101325.21
101325.21
101325.21
101325.21
101325.21
101325.21
101325.21
101325.21
101325.21
101325.21
101325.21
101325.19
101325.19
101325.19
101325.19
101325.19
101325.19
101325.19
101325.19
101325.19
101325.19
101325.19
101325.19
101325.19
101325.19
101325.19
101325.19
101325.19
101325.19
101325.19
101325.19
101325.19
101325.19
101325.19
101325.19
101325.19
101325.18
101325.18
101325.18
101325.18
101325.18
101325.18
101325.18
101325.18
101325.18
101325.18
101325.18
101325.18
101325.18
101325.18
101325.18
101325.18
101325.18
101325.18
101325.18
101325.18
101325.18
101325.18
101325.18
101325.18
101325.18
101325.17
101325.17
101325.17
101325.17
101325.17
101325.17
101325.17
101325.17
101325.17
101325.17
101325.17
101325.17
101325.17
101325.17
101325.17
101325.17
101325.17
101325.17
101325.17
101325.17
101325.17
101325.17
101325.17
101325.17
101325.17
101325.16
101325.16
101325.16
101325.16
101325.16
101325.16
101325.16
101325.16
101325.16
101325.16
101325.16
101325.16
101325.16
101325.16
101325.16
101325.16
101325.16
101325.16
101325.16
101325.16
101325.16
101325.16
101325.16
101325.16
101325.16
101325.15
101325.15
101325.15
101325.15
101325.15
101325.15
101325.15
101325.15
101325.15
101325.15
101325.15
101325.15
101325.15
101325.15
101325.15
101325.15
101325.15
101325.15
101325.15
101325.15
101325.15
101325.15
101325.15
101325.15
101325.15
101325.14
101325.14
101325.14
101325.14
101325.14
101325.14
101325.14
101325.14
101325.14
101325.14
101325.14
101325.14
101325.14
101325.14
101325.14
101325.14
101325.14
101325.14
101325.14
101325.14
101325.14
101325.14
101325.14
101325.14
101325.14
101325.12
101325.12
101325.12
101325.12
101325.12
101325.12
101325.12
101325.12
101325.12
101325.12
101325.12
101325.12
101325.12
101325.12
101325.12
101325.12
101325.12
101325.12
101325.12
101325.12
101325.12
101325.12
101325.12
101325.12
101325.12
101325.11
101325.11
101325.11
101325.11
101325.11
101325.11
101325.11
101325.11
101325.11
101325.11
101325.11
101325.11
101325.11
101325.11
101325.11
101325.11
101325.11
101325.11
101325.11
101325.11
101325.11
101325.11
101325.11
101325.11
101325.11
101325.1
101325.1
101325.1
101325.1
101325.1
101325.1
101325.1
101325.1
101325.1
101325.1
101325.1
101325.1
101325.1
101325.1
101325.1
101325.1
101325.1
101325.1
101325.1
101325.1
101325.1
101325.1
101325.1
101325.1
101325.1
101325.09
101325.09
101325.09
101325.09
101325.09
101325.09
101325.09
101325.09
101325.09
101325.09
101325.09
101325.09
101325.09
101325.09
101325.09
101325.09
101325.09
101325.09
101325.09
101325.09
101325.09
101325.09
101325.09
101325.09
101325.09
101325.08
101325.08
101325.08
101325.08
101325.08
101325.08
101325.08
101325.08
101325.08
101325.08
101325.08
101325.08
101325.08
101325.08
101325.08
101325.08
101325.08
101325.08
101325.08
101325.08
101325.08
101325.08
101325.08
101325.08
101325.08
101325.06
101325.06
101325.06
101325.06
101325.06
101325.06
101325.06
101325.06
101325.06
101325.06
101325.06
101325.06
101325.06
101325.06
101325.06
101325.06
101325.06
101325.06
101325.06
101325.06
101325.06
101325.06
101325.06
101325.06
101325.06
101325.05
101325.05
101325.05
101325.05
101325.05
101325.05
101325.05
101325.05
101325.05
101325.05
101325.05
101325.05
101325.05
101325.05
101325.05
101325.05
101325.05
101325.05
101325.05
101325.05
101325.05
101325.05
101325.05
101325.05
101325.05
101325.04
101325.04
101325.04
101325.04
101325.04
101325.04
101325.04
101325.04
101325.04
101325.04
101325.04
101325.04
101325.04
101325.04
101325.04
101325.04
101325.04
101325.04
101325.04
101325.04
101325.04
101325.04
101325.04
101325.04
101325.04
101325.03
101325.03
101325.03
101325.03
101325.03
101325.03
101325.03
101325.03
101325.03
101325.03
101325.03
101325.03
101325.03
101325.03
101325.03
101325.03
101325.03
101325.03
101325.03
101325.03
101325.03
101325.03
101325.03
101325.03
101325.03
101325.02
101325.02
101325.02
101325.02
101325.02
101325.02
101325.02
101325.02
101325.02
101325.02
101325.02
101325.02
101325.02
101325.02
101325.02
101325.02
101325.02
101325.02
101325.02
101325.02
101325.02
101325.02
101325.02
101325.02
101325.02
101325.01
101325.01
101325.01
101325.01
101325.01
101325.01
101325.01
101325.01
101325.01
101325.01
101325.01
101325.01
101325.01
101325.01
101325.01
101325.01
101325.01
101325.01
101325.01
101325.01
101325.01
101325.01
101325.01
101325.01
101325.01
)
;

boundaryField
{
    inlet
    {
        type            zeroGradient;
    }
    outlet
    {
        type            fixedValue;
        value           uniform 101325;
    }
    wall
    {
        type            fixedFluxPressure;
        gradient        uniform 0;
        value           nonuniform List<scalar> 
250
(
101328.3
101327.94
101327.94
101327.93
101327.9
101327.87
101327.85
101327.83
101327.8
101327.78
101327.76
101327.74
101327.73
101327.71
101327.69
101327.68
101327.66
101327.65
101327.63
101327.62
101327.6
101327.59
101327.58
101327.56
101327.55
101327.54
101327.53
101327.51
101327.5
101327.49
101327.48
101327.46
101327.45
101327.44
101327.43
101327.42
101327.4
101327.39
101327.38
101327.37
101327.36
101327.34
101327.33
101327.32
101327.31
101327.3
101327.29
101327.27
101327.26
101327.25
101327.24
101327.23
101327.22
101327.2
101327.19
101327.18
101327.17
101327.16
101327.15
101327.14
101327.13
101327.11
101327.1
101327.09
101327.08
101327.07
101327.06
101327.05
101327.04
101327.03
101327.02
101327
101326.99
101326.98
101326.97
101326.96
101326.95
101326.94
101326.93
101326.92
101326.91
101326.9
101326.88
101326.87
101326.86
101326.85
101326.84
101326.83
101326.82
101326.81
101326.8
101326.79
101326.78
101326.77
101326.75
101326.74
101326.73
101326.72
101326.71
101326.7
101326.69
101326.68
101326.67
101326.66
101326.65
101326.64
101326.63
101326.62
101326.6
101326.59
101326.58
101326.57
101326.56
101326.55
101326.54
101326.53
101326.52
101326.51
101326.5
101326.49
101326.48
101326.46
101326.45
101326.44
101326.43
101326.42
101326.41
101326.4
101326.39
101326.38
101326.37
101326.36
101326.35
101326.34
101326.32
101326.31
101326.3
101326.29
101326.28
101326.27
101326.26
101326.25
101326.24
101326.23
101326.22
101326.2
101326.19
101326.18
101326.17
101326.16
101326.15
101326.14
101326.13
101326.12
101326.11
101326.1
101326.08
101326.07
101326.06
101326.05
101326.04
101326.03
101326.02
101326.01
101326
101325.98
101325.97
101325.96
101325.95
101325.94
101325.93
101325.92
101325.9
101325.89
101325.88
101325.87
101325.86
101325.85
101325.84
101325.83
101325.81
101325.8
101325.79
101325.78
101325.77
101325.76
101325.74
101325.73
101325.72
101325.71
101325.7
101325.69
101325.68
101325.66
101325.65
101325.64
101325.63
101325.62
101325.61
101325.59
101325.58
101325.57
101325.56
101325.55
101325.54
101325.52
101325.51
101325.5
101325.49
101325.48
101325.46
101325.45
101325.44
101325.43
101325.42
101325.41
101325.39
101325.38
101325.37
101325.36
101325.35
101325.34
101325.32
101325.31
101325.3
101325.29
101325.28
101325.27
101325.25
101325.24
101325.23
101325.22
101325.21
101325.19
101325.18
101325.17
101325.16
101325.15
101325.14
101325.12
101325.11
101325.1
101325.09
101325.08
101325.06
101325.05
101325.04
101325.03
101325.02
101325.01
)
;
    }
    front
    {
        type            wedge;
    }
    back
    {
        type            wedge;
    }
    axis
    {
        type            empty;
    }
}


// ************************************************************************* //
