/*--------------------------------*- C++ -*----------------------------------*\
| =========                 |                                                 |
| \\      /  F ield         | OpenFOAM: The Open Source CFD Toolbox           |
|  \\    /   O peration     | Version:  v2012                                 |
|   \\  /    A nd           | Website:  www.openfoam.com                      |
|    \\/     M anipulation  |                                                 |
\*---------------------------------------------------------------------------*/
FoamFile
{
    version     2.0;
    format      ascii;
    class       volScalarField;
    location    "2000";
    object      T;
}
// * * * * * * * * * * * * * * * * * * * * * * * * * * * * * * * * * * * * * //

dimensions      [0 0 0 1 0 0 0];


internalField   nonuniform List<scalar> 
6250
(
299.99999
299.99999
299.99999
299.99998
299.99998
299.99998
299.99998
299.99998
299.99996
299.9999
299.9997
299.99923
299.99821
299.99621
299.99235
299.98494
299.97288
299.9674
300.0403
300.42473
301.6143
304.39462
309.84593
319.45802
335.6288
299.99993
299.99993
299.99993
299.99992
299.99991
299.9999
299.99986
299.99977
299.99957
299.99917
299.99846
299.99742
299.99619
299.99565
299.9995
300.02251
300.11972
300.46485
301.4733
303.84524
308.37445
315.5522
325.13253
335.88003
345.84548
299.99988
299.99988
299.99987
299.99987
299.99985
299.9998
299.9997
299.99951
299.99921
299.99889
299.99885
299.99997
300.00459
300.01927
300.06327
300.19474
300.57861
301.60078
303.90658
308.16342
314.61937
322.78284
331.50968
339.63477
346.71452
299.99985
299.99984
299.99984
299.99982
299.99978
299.9997
299.99959
299.99951
299.99969
300.0007
300.00384
300.01204
300.03234
300.08243
300.20915
300.53566
301.35251
303.18577
306.63932
312.00145
318.93726
326.58418
334.06869
340.92546
347.09607
299.99982
299.99981
299.9998
299.99977
299.99973
299.99969
299.9998
300.00035
300.00206
300.00637
300.01621
300.03792
300.08578
300.19376
300.445
301.03487
302.35166
304.93415
309.17447
314.98674
321.77105
328.79087
335.52906
341.73767
347.35545
299.99978
299.99978
299.99976
299.99974
299.99977
299.99997
300.00071
300.00272
300.00741
300.01747
300.0382
300.08054
300.16837
300.35591
300.76715
301.66388
303.48137
306.66517
311.37158
317.29331
323.79964
330.35406
336.60414
342.35453
347.55307
299.99976
299.99975
299.99975
299.99979
300.00003
300.00079
300.00278
300.00729
300.01667
300.03523
300.07125
300.1414
300.28098
300.56693
301.16422
302.38402
304.65234
308.28818
313.25681
319.13282
325.37293
331.57056
337.44715
342.83849
347.70799
299.99973
299.99974
299.99979
300
300.00067
300.00242
300.00641
300.01462
300.03053
300.06042
300.11606
300.22074
300.4225
300.8222
301.62227
303.16138
305.81384
309.77004
314.86816
320.64323
326.64581
332.55097
338.1251
343.22727
347.83245
299.99973
299.99977
299.99993
300.00046
300.00188
300.00515
300.01197
300.02514
300.04946
300.0934
300.17269
300.31792
300.59069
301.11566
302.12585
303.96292
306.93532
311.11848
316.2575
321.91164
327.70208
333.35998
338.68325
343.5472
347.93488
299.99976
299.99986
300.00025
300.0013
300.00383
300.00923
300.01976
300.03917
300.07368
300.13421
300.24078
300.43177
300.78283
301.44129
302.6622
304.77007
308.00283
312.33999
317.46775
322.99389
328.5933
334.03842
339.15001
343.8145
348.02046
299.99986
300.00008
300.00081
300.00264
300.00671
300.01484
300.02999
300.05685
300.10323
300.18266
300.31974
300.56102
300.99652
301.79436
303.22231
305.57151
309.00864
313.44139
318.52871
323.92659
329.35335
334.61358
339.5447
344.04035
348.09276
300.00006
300.00047
300.00171
300.00461
300.01064
300.02216
300.04278
300.07825
300.13804
300.23845
300.40889
300.70444
301.22941
302.1697
303.79452
306.35745
309.95614
314.43515
319.46321
324.73591
330.00651
335.10517
339.88133
344.23288
348.15438
300.00042
300.00109
300.00303
300.0073
300.01577
300.03128
300.0582
300.10336
300.17795
300.30119
300.50755
300.86091
301.47946
302.56308
304.37273
307.12222
310.84415
315.33374
320.29017
325.44218
330.57122
335.52799
340.17031
344.39808
348.20727
300.00098
300.00201
300.00485
300.01082
300.02218
300.04229
300.07627
300.13209
300.22275
300.37051
300.61512
301.02951
301.74511
302.97157
304.95372
307.86182
311.6708
316.14706
321.02454
326.06096
331.06197
335.89407
340.42008
344.5408
348.25295
300.00182
300.00331
300.00726
300.01526
300.02994
300.05522
300.09698
300.16434
300.27222
300.44607
300.73116
301.20963
302.02527
303.39337
305.53457
308.57226
312.43665
316.88305
321.67802
326.60465
331.48974
336.21199
340.63667
344.66452
348.29255
300.00299
300.00504
300.01032
300.02067
300.0391
300.07008
300.12027
300.20001
300.32618
300.52758
300.85526
301.40059
302.31823
303.82361
306.1113
309.25547
313.14578
317.54928
322.26026
327.08312
331.86294
336.48807
340.82446
344.77176
348.32688
300.00456
300.00728
300.01411
300.02711
300.0497
300.08687
300.14609
300.23896
300.38442
300.61479
300.98703
301.6017
302.62285
304.26097
306.68114
309.90904
313.80224
318.15293
322.77954
327.5044
332.18835
336.72745
340.98699
344.86456
348.35658
300.00659
300.01007
300.01867
300.03462
300.06174
300.10555
300.17436
300.28107
300.44676
300.70738
301.12604
301.81235
302.93865
304.70528
307.24185
310.53031
314.40931
318.70034
323.24307
327.87532
332.4717
336.93453
341.12728
344.94462
348.3822
300.00912
300.01349
300.02404
300.04324
300.07522
300.12611
300.20503
300.32623
300.51304
300.80522
301.27225
302.03271
303.26532
305.15493
307.79098
311.11813
314.97005
319.1971
323.65714
328.2018
332.71801
337.11315
341.24796
345.01346
348.40424
300.01223
300.01756
300.03027
300.05297
300.09015
300.1485
300.23801
300.37432
300.5831
300.90809
301.42542
302.26322
303.60433
305.60913
308.32505
311.67133
315.48692
319.64778
324.02701
328.48888
332.93155
337.26659
341.35131
345.07238
348.42309
300.01595
300.02235
300.03739
300.06382
300.10651
300.17268
300.27322
300.42522
300.65677
301.01583
301.58556
302.50372
303.95217
306.06243
308.8457
312.19574
315.96455
320.05707
324.35742
328.74095
333.11604
337.39774
341.43929
345.12251
348.43914
300.02032
300.02787
300.04542
300.07582
300.12428
300.19861
300.3106
300.47885
300.73402
301.1286
301.75308
302.75367
304.30575
306.51193
309.35281
312.69437
316.40799
320.43005
324.65314
328.96228
333.27503
337.50931
341.51378
345.16492
348.45271
300.02539
300.03417
300.05437
300.08894
300.14344
300.22624
300.35007
300.53511
300.81475
301.24626
301.9281
303.01346
304.66437
306.95587
309.84421
313.16847
316.82193
320.77158
324.91872
329.15693
333.41192
337.60389
341.57656
345.20062
348.46413
300.03118
300.04126
300.06426
300.1032
300.16397
300.25552
300.39157
300.59391
300.89883
301.36875
302.1108
303.28321
305.02722
307.39153
310.31426
313.61924
317.21542
321.08888
325.15989
329.32959
333.5305
337.68437
341.62957
345.23072
348.47376
300.03771
300.04916
300.07509
300.11857
300.18583
300.28641
300.43503
300.6552
300.98633
301.49651
302.30173
303.56221
305.39249
307.81724
310.76371
314.04806
317.58935
321.38682
325.38217
329.48534
333.63507
337.75408
341.67511
345.25653
348.48201
300.045
300.05788
300.08687
300.13505
300.209
300.31887
300.4804
300.719
301.07748
301.63007
302.50096
303.84771
305.75778
308.23454
311.19484
314.45621
317.94424
321.66826
325.58986
329.62872
333.72975
337.81632
341.71549
345.27937
348.48931
300.05307
300.06744
300.09959
300.15263
300.23345
300.35285
300.52765
300.78525
301.17214
301.76945
302.70872
304.13808
306.12114
308.64433
311.60988
314.84521
318.28122
321.93521
325.78605
329.7633
333.81798
337.87396
341.75273
345.30041
348.49604
300.06193
300.07784
300.11325
300.17128
300.25916
300.38831
300.57673
300.85391
301.2704
301.91487
302.92474
304.4329
306.48188
309.0453
312.01007
315.21663
318.60176
322.18935
325.97298
329.89168
333.90229
337.9291
341.78835
345.32052
348.50247
300.07159
300.08909
300.12784
300.19099
300.28608
300.42521
300.6276
300.92505
301.3726
302.06665
303.14836
304.73144
306.83954
309.43649
312.39593
315.57182
318.90737
322.43219
326.15235
330.01567
333.9844
337.98316
341.82335
345.34028
348.50879
300.08204
300.10117
300.14335
300.21173
300.3142
300.46354
300.68029
300.99885
301.47915
302.22506
303.37891
305.03276
307.19354
309.81737
312.76775
315.91194
319.19947
322.66499
326.32535
330.13643
334.06534
338.03696
341.85831
345.36005
348.51511
300.0933
300.11409
300.15978
300.2335
300.34349
300.50326
300.7348
301.07526
301.59013
302.39067
303.61621
305.33563
307.54305
310.18772
313.12586
316.2375
319.47917
322.88933
326.49318
330.25485
334.14578
338.09102
341.89359
345.38
348.52149
300.10535
300.12784
300.17711
300.25627
300.37392
300.54435
300.79107
301.1543
301.70581
302.56382
303.86016
305.63921
307.88693
310.54722
313.47033
316.54863
319.74739
323.10683
326.65714
330.37185
334.22636
338.14576
341.92947
345.40031
348.52799
300.11819
300.14241
300.19532
300.28001
300.40546
300.58678
300.84915
301.23623
301.82654
302.74401
304.10837
305.94258
308.22673
310.89628
313.80162
316.84656
320.00482
323.3173
326.81759
330.48791
334.30748
338.20149
341.96615
345.42109
348.53464
300.13181
300.15779
300.2144
300.30472
300.4381
300.63057
300.90916
301.32137
301.95251
302.93042
304.35944
306.24521
308.56244
311.23549
314.12055
317.1324
320.25206
323.52066
326.97442
330.60297
334.38912
338.25819
342.00365
345.44235
348.54144
300.14621
300.17398
300.23434
300.33036
300.47182
300.67573
300.97119
301.40991
302.08394
303.12259
304.6128
306.54655
308.89294
311.56518
314.42801
317.40706
320.48968
323.71702
327.12742
330.71675
334.47096
338.31558
342.04176
345.46398
348.54836
300.16137
300.19095
300.25512
300.35692
300.50662
300.72226
301.03519
301.50192
302.22118
303.32044
304.86794
306.84589
309.21728
311.88531
314.72469
317.67141
320.71829
323.90662
327.27644
330.82883
334.55251
338.37323
342.08015
345.48579
348.55534
300.17729
300.2087
300.27671
300.38439
300.54246
300.77013
301.10122
301.59758
302.3643
303.52369
305.12454
307.14255
309.53478
312.19591
315.01114
317.92613
320.93847
324.08974
327.42139
330.93889
334.63333
338.43072
342.11854
345.5076
348.56232
300.19395
300.22721
300.29912
300.41275
300.57935
300.81939
301.16946
301.69715
302.51313
303.73183
305.38226
307.43593
309.84504
312.4971
315.2878
318.17171
321.15069
324.26665
327.56225
331.04665
334.71304
338.48769
342.15665
345.52926
348.56925
300.21135
300.24647
300.32232
300.44198
300.61729
300.87012
301.24015
301.80084
302.66741
303.94424
305.64065
307.72562
310.14791
312.78911
315.55508
318.4086
321.35536
324.43761
327.69902
331.15194
334.79136
338.54387
342.19429
345.55066
348.5761
300.22946
300.26647
300.3463
300.47208
300.6563
300.9224
301.31347
301.90891
302.8271
304.16059
305.89921
308.01089
310.44312
313.07212
315.81334
318.63718
321.55282
324.60284
327.83174
331.25461
334.86809
338.59906
342.2313
345.57171
348.58283
300.24827
300.28719
300.37104
300.50304
300.69638
300.97621
301.38948
302.02168
302.99194
304.3784
306.157
308.29383
310.7313
313.34642
316.06293
318.85782
321.74338
324.76253
327.96044
331.35457
334.94305
338.65309
342.26755
345.59233
348.58943
300.26778
300.30862
300.39654
300.53486
300.73753
301.03158
301.46831
302.13922
303.16151
304.5973
306.41374
308.57383
311.01275
313.61242
316.30429
319.07092
321.92738
324.91689
328.08519
331.45177
335.01615
338.70585
342.30298
345.61249
348.59588
300.28797
300.33075
300.42279
300.56752
300.77976
301.08862
301.55014
302.26144
303.33537
304.81736
306.66911
308.85005
311.28758
313.87054
316.53787
319.27688
322.10515
325.06615
328.20607
331.54622
335.08733
338.75729
342.33754
345.63215
348.60217
300.30882
300.35356
300.44976
300.60102
300.82311
301.14749
301.63514
302.38817
303.51312
305.03858
306.92281
309.12191
311.55586
314.12117
316.76406
319.47608
322.27702
325.21054
328.32322
331.63793
335.15656
338.80737
342.37118
345.65129
348.6083
300.33033
300.37705
300.47747
300.63539
300.86767
301.20835
301.72345
302.51925
303.69442
305.26078
307.17451
309.38904
311.81763
314.36461
316.98323
319.66887
322.44327
325.35028
328.43676
331.72698
335.22387
338.85607
342.4039
345.6699
348.61425
300.35249
300.4012
300.5059
300.67063
300.91345
301.27127
301.81528
302.65469
303.87888
305.48367
307.42391
309.65124
312.07296
314.60113
317.19571
319.85557
322.6042
325.4856
328.54683
331.81342
335.28927
338.9034
342.4357
345.68799
348.62004
300.37528
300.42601
300.53505
300.70675
300.96045
301.33631
301.91085
302.79455
304.06614
305.70685
307.67072
309.90839
312.32196
314.831
317.4018
320.03648
322.76008
325.61669
328.65358
331.89734
335.3528
338.9494
342.46661
345.70558
348.62567
300.39869
300.45146
300.56491
300.74373
301.00869
301.40357
302.01026
302.93877
304.25605
305.93003
307.9146
310.16028
312.56471
315.05451
317.60183
320.21189
322.91115
325.74377
328.75713
331.97883
335.41453
338.99408
342.49662
345.72265
348.63113
300.42272
300.47756
300.59549
300.7816
301.05827
301.47321
302.11354
303.08712
304.44785
306.1528
308.15606
310.407
312.80131
315.27185
317.79606
320.38207
323.05765
325.86701
328.85763
332.05796
335.47449
339.03748
342.52577
345.73923
348.63644
300.44736
300.50429
300.62677
300.82039
301.1093
301.54538
302.22062
303.23914
304.64057
306.37486
308.39579
310.64893
313.03196
315.48323
317.98474
320.54726
323.1998
325.9866
328.9552
332.13484
335.53274
339.07963
342.55408
345.75534
348.64159
300.4726
300.53164
300.65878
300.86014
301.1619
301.62021
302.33139
303.39442
304.83411
306.59607
308.63336
310.88633
313.25691
315.68885
318.16808
320.70769
323.3378
326.10271
329.04997
332.20954
335.58936
339.12059
342.58158
345.77098
348.6466
300.49843
300.55963
300.69152
300.90089
301.21613
301.69784
302.44585
303.55262
305.02847
306.81626
308.86828
311.11929
313.47644
315.88897
318.34631
320.86357
323.47186
326.2155
329.14208
332.28217
335.6444
339.16039
342.6083
345.78617
348.65146
300.52485
300.58825
300.725
300.94264
301.27203
301.77843
302.56402
303.71349
305.22352
307.03523
309.10025
311.34781
313.69077
316.08384
318.51965
321.0151
323.60215
326.32513
329.23164
332.35281
335.69794
339.19909
342.63427
345.80094
348.65619
300.55186
300.61748
300.75922
300.98539
301.32968
301.86209
302.6859
303.87688
305.41912
307.25276
309.32904
311.57192
313.90009
316.2737
318.68834
321.16249
323.72885
326.43175
329.31876
332.42155
335.75003
339.23674
342.65953
345.81531
348.66078
300.57945
300.64735
300.79417
301.02919
301.38916
301.94886
302.81139
304.04266
305.61507
307.46864
309.55448
311.79161
314.10456
316.45876
318.85259
321.30594
323.85214
326.53551
329.40357
332.48847
335.80074
339.27337
342.68409
345.82928
348.66525
300.60763
300.67783
300.82989
301.07413
301.45061
302.03876
302.94039
304.21072
305.8112
307.6827
309.77647
312.00693
314.30434
316.63923
319.0126
321.44562
323.97217
326.63653
329.48616
332.55366
335.85013
339.30903
342.70801
345.84288
348.6696
300.63638
300.70895
300.86639
301.12028
301.51413
302.1318
303.07276
304.38092
306.00735
307.89475
309.99486
312.2179
314.49961
316.81532
319.16858
321.58171
324.08911
326.73495
329.56664
332.6172
335.89826
339.34377
342.73129
345.85612
348.67384
300.66571
300.7407
300.90372
301.16772
301.57984
302.22799
303.20838
304.55293
306.20335
308.10487
310.20957
312.42453
314.69048
316.98721
319.3207
321.7144
324.2031
326.83089
329.64511
332.67915
335.94519
339.37761
342.75397
345.86901
348.67797
300.69563
300.7731
300.94189
301.21649
301.64787
302.32742
303.3469
304.72565
306.39891
308.31402
310.42085
312.62688
314.87707
317.15506
319.46916
321.84384
324.31428
326.92447
329.72167
332.7396
335.99096
339.41061
342.77608
345.88158
348.68199
300.72613
300.80616
300.9809
301.26663
301.71834
302.4301
303.48802
304.89891
306.59397
308.52191
310.62893
312.82511
315.05948
317.31902
319.61411
321.9702
324.42281
327.01582
329.79641
332.79862
336.03565
339.44282
342.79765
345.89384
348.68591
300.75722
300.83987
301.02077
301.3182
301.79134
302.53603
303.63154
305.07274
306.7884
308.72818
310.83388
313.01937
315.23784
317.47922
319.7557
322.09363
324.52881
327.10505
329.86943
332.8563
336.07931
339.47427
342.81871
345.90581
348.68974
300.78891
300.87425
301.06154
301.37129
301.86691
302.64511
303.77735
305.24711
306.98207
308.93251
311.0357
313.20982
315.41232
317.63581
319.89407
322.21425
324.63241
327.19228
329.94083
332.91271
336.12202
339.50503
342.8393
345.91751
348.69348
300.8212
300.9093
301.10326
301.42599
301.94509
302.75728
303.92536
305.42198
307.17484
309.13471
311.23437
313.39657
315.58306
317.78893
320.02937
322.3322
324.73374
327.27761
330.01071
332.96794
336.16383
339.53513
342.85944
345.92896
348.69715
300.85409
300.94507
301.146
301.48238
302.02591
302.87245
304.07546
305.59727
307.36656
309.33463
311.42987
313.57972
315.75021
317.93872
320.16171
322.4476
324.8329
327.36113
330.07914
333.02205
336.20481
339.56463
342.87918
345.94017
348.70074
300.88761
300.98156
301.18982
301.54056
302.10938
302.99054
304.22755
305.77288
307.5571
309.53215
311.6222
313.75938
315.9139
318.08532
320.29123
322.56056
324.92999
327.44296
330.1462
333.0751
336.24499
339.59355
342.89853
345.95117
348.70425
300.92176
301.01881
301.23475
301.60062
302.19557
303.11145
304.38149
305.94869
307.74635
309.72718
311.81135
313.93562
316.07425
318.22886
320.41805
322.67119
325.02512
327.52316
330.21198
333.12717
336.28444
339.62194
342.91752
345.96196
348.70771
300.95656
301.05683
301.28083
301.66265
302.28458
303.23512
304.53717
306.1246
307.93418
309.91963
311.99733
314.10853
316.23139
318.36946
320.54228
322.7796
325.11837
327.60182
330.27653
333.1783
336.3232
339.64984
342.93617
345.97256
348.7111
300.99203
301.09563
301.3281
301.72675
302.37644
303.36145
304.69421
306.30045
308.12078
310.10944
312.18013
314.27821
316.38542
318.50724
320.66403
322.88588
325.20983
327.67901
330.33993
333.22854
336.3613
339.67725
342.95451
345.98298
348.71443
301.02817
301.13524
301.37662
301.79298
302.47118
303.49025
304.8518
306.47605
308.30682
310.29678
312.35979
314.44472
316.53647
318.64231
320.78339
322.99013
325.29959
327.75481
330.40222
333.27794
336.39877
339.70422
342.97254
345.99323
348.71771
301.065
301.17569
301.42646
301.86141
302.56874
303.62134
305.00985
306.65136
308.49208
310.4818
312.53639
314.60812
316.68462
318.77477
320.90048
323.09242
325.38771
327.82927
330.46345
333.32655
336.43566
339.73077
342.99029
346.00331
348.72094
301.10254
301.21703
301.4777
301.93209
302.66909
303.75456
305.1684
306.82631
308.67626
310.66453
312.71004
314.7685
316.82996
318.90472
321.01539
323.19285
325.47427
327.90247
330.5237
333.37439
336.47199
339.75693
343.00778
346.01325
348.72411
301.14083
301.25931
301.53043
302.00504
302.77216
303.88982
305.32747
307.0008
308.85913
310.84499
312.88084
314.92596
316.97258
319.03226
321.1282
323.2915
325.55935
327.97445
330.58299
333.42153
336.5078
339.78271
343.02501
346.02304
348.72725
301.17989
301.30259
301.5847
302.08031
302.8779
304.027
305.48704
307.17473
309.04052
311.02314
313.04887
315.0806
317.11257
319.15746
321.23899
323.38844
325.643
328.04529
330.64138
333.46799
336.54312
339.80814
343.04202
346.0327
348.73034
301.21977
301.34691
301.64059
302.15796
302.98624
304.16603
305.64707
307.34801
309.22031
311.19896
313.2142
315.23251
317.25003
319.28041
321.34784
323.48374
325.7253
328.11503
330.69892
333.5138
336.57797
339.83324
343.05879
346.04223
348.73339
301.26048
301.3923
301.69819
302.23805
303.09714
304.30679
305.8075
307.52053
309.39841
311.37244
313.37689
315.38178
317.38504
319.4012
321.45482
323.57746
325.80629
328.18371
330.75564
333.559
336.61238
339.85802
343.07536
346.05164
348.7364
301.30206
301.4388
301.75756
302.32064
303.21054
304.4492
305.96824
307.69222
309.57472
311.54356
313.537
315.52849
317.51769
319.5199
321.56001
323.66968
325.88604
328.25139
330.81157
333.60362
336.64636
339.88251
343.09173
346.06094
348.73937
301.34453
301.48645
301.81876
302.40577
303.32641
304.59313
306.1292
307.86299
309.7492
311.71234
313.69458
315.67274
317.64806
319.63658
321.66347
323.76043
325.96458
328.31811
330.86676
333.64767
336.67994
339.90671
343.10791
346.07013
348.74231
301.38792
301.53532
301.88187
302.49346
303.44472
304.73853
306.2903
308.03273
309.92177
311.87876
313.84969
315.81458
317.77624
319.75134
321.76527
323.84979
326.04198
328.38391
330.92124
333.6912
336.71314
339.93064
343.12391
346.07922
348.74522
301.43229
301.58547
301.94695
302.58374
303.56542
304.88506
306.45144
308.20166
310.09239
312.04282
314.00238
315.95411
317.9023
319.86422
321.86547
323.93781
326.11826
328.44881
330.97502
333.73421
336.74596
339.9543
343.13973
346.08821
348.7481
301.47768
301.63698
302.01406
302.67659
303.68834
305.03212
306.61246
308.37026
310.26119
312.20453
314.15271
316.0914
318.02631
319.9753
321.96412
324.02452
326.19348
328.51286
331.02814
333.77673
336.77842
339.97771
343.15538
346.0971
348.75094
301.52415
301.68991
302.08326
302.77199
303.81334
305.17964
306.77335
308.53836
310.42826
312.36395
314.30071
316.2265
318.14835
320.08465
322.06128
324.10998
326.26767
328.57608
331.08062
333.81876
336.81054
340.00088
343.17087
346.1059
348.75376
301.57175
301.74434
302.15459
302.86993
303.94027
305.32765
306.93405
308.70576
310.59365
312.52115
314.44643
316.35948
318.26849
320.19232
322.157
324.19424
326.34087
328.63851
331.13249
333.86034
336.84232
340.02382
343.18621
346.11461
348.75654
301.62057
301.80033
302.22812
302.97037
304.06905
305.47618
307.09451
308.87226
310.75735
312.6762
314.58993
316.49039
318.38678
320.29839
322.25135
324.27734
326.41311
328.70018
331.18376
333.90147
336.87379
340.04653
343.20139
346.12323
348.7593
301.67065
301.85797
302.30388
303.07327
304.19957
305.62522
307.25465
309.03774
310.91935
312.82915
314.73129
316.6193
318.50328
320.4029
322.34436
324.35933
326.48444
328.76111
331.23446
333.94218
336.90495
340.06902
343.21643
346.13177
348.76204
301.72206
301.91731
302.38192
303.1786
304.33177
305.77474
307.41441
309.20209
311.07962
312.98006
314.87057
316.74627
318.61805
320.5059
322.43609
324.44023
326.55488
328.82133
331.28461
333.98248
336.93582
340.0913
343.23133
346.14024
348.76474
301.77486
301.97842
302.46231
303.28633
304.46557
305.92471
307.57372
309.36525
311.23816
313.12897
315.00783
316.87136
318.73115
320.60744
322.52658
324.5201
326.62447
328.88087
331.33423
334.02239
336.9664
340.11339
343.24609
346.14863
348.76743
301.82909
302.04137
302.5451
303.39643
304.60089
306.07508
307.73251
309.52713
311.39495
313.27592
315.14313
316.99463
318.84262
320.70758
322.61587
324.59897
326.69324
328.93975
331.38335
334.06191
336.9967
340.13528
343.26073
346.15694
348.77009
301.88482
302.10622
302.63032
303.50885
304.73765
306.22578
307.89072
309.6877
311.54999
313.42094
315.27653
317.11614
318.95253
320.80636
322.70401
324.67687
326.76122
328.99799
331.43196
334.10107
337.02674
340.15698
343.27524
346.16518
348.77273
301.94211
302.17305
302.71802
303.62358
304.87578
306.37675
308.04829
309.84691
311.70327
313.56407
315.40808
317.23594
319.06091
320.90382
322.79102
324.75383
326.82842
329.05562
331.48011
334.13987
337.05652
340.1785
343.28964
346.17336
348.77534
302.00104
302.24193
302.80821
303.74057
305.01518
306.52795
308.20519
310.0047
311.85479
313.70537
315.53785
317.35409
319.16783
321.00001
322.87695
324.82989
326.89489
329.11265
331.52779
334.17832
337.08605
340.19985
343.30391
346.18147
348.77794
302.06169
302.31292
302.90091
303.85981
305.15586
306.67933
308.3613
310.16101
312.00454
313.84486
315.66588
317.47065
319.27333
321.09496
322.96183
324.90508
326.96064
329.16912
331.57503
334.21645
337.11535
340.22104
343.31808
346.18951
348.78051
302.12414
302.3861
302.99616
303.98119
305.29733
306.83075
308.51703
310.31589
312.15253
313.98258
315.79222
317.58566
319.37745
321.18872
323.0457
324.97942
327.0257
329.22503
331.62185
334.25426
337.14442
340.24206
343.33214
346.1975
348.78306
302.18848
302.46153
303.09395
304.10458
305.43931
306.98215
308.67253
310.46943
312.29877
314.11854
315.91693
317.69917
319.48024
321.28133
323.12859
325.05294
327.09009
329.28041
331.66824
334.29176
337.17327
340.26292
343.34609
346.20543
348.7856
302.25479
302.53929
303.19427
304.22988
305.58178
307.1335
308.82764
310.62169
312.44331
314.25279
316.04003
317.81124
319.58175
321.37282
323.21052
325.12566
327.15383
329.33526
331.71424
334.32896
337.2019
340.28364
343.35995
346.2133
348.78812
302.32315
302.61943
303.2971
304.35697
305.72478
307.28479
308.98222
310.77271
312.5862
314.38534
316.16156
317.92189
319.68201
321.46323
323.29154
325.19762
327.21694
329.38962
331.75984
334.36587
337.23032
340.3042
343.3737
346.22111
348.79062
302.39366
302.70201
303.40244
304.48578
305.86831
307.43596
309.13615
310.92247
312.72749
314.51626
316.28157
318.03118
319.78107
321.55259
323.37167
325.26884
327.27944
329.44348
331.80507
334.40249
337.25854
340.32463
343.38737
346.22887
348.7931
302.4664
302.78708
303.51024
304.61622
306.01237
307.58698
309.28935
311.07096
312.86722
314.64559
316.40009
318.13914
319.87897
321.64095
323.45094
325.33933
327.34135
329.49687
331.84993
334.43885
337.28656
340.34492
343.40094
346.23658
348.79557
302.54146
302.87471
303.62049
304.74824
306.15695
307.73778
309.44174
311.21818
313.00543
314.77336
316.51717
318.2458
319.97573
321.72833
323.52937
325.40913
327.40269
329.5498
331.89443
334.47494
337.31439
340.36508
343.41442
346.24424
348.79802
302.61891
302.96493
303.73317
304.88178
306.30202
307.88833
309.59326
311.36411
313.14215
314.89964
316.63284
318.35121
320.07139
321.81477
323.607
325.47825
327.46347
329.60229
331.93859
334.51077
337.34204
340.3851
343.42782
346.25185
348.80045
302.69885
303.05779
303.84823
305.01678
306.44754
308.03859
309.74387
311.50875
313.27742
315.02445
316.74715
318.4554
320.16598
321.90028
323.68385
325.54672
327.52371
329.65434
331.98241
334.54634
337.3695
340.405
343.44113
346.25941
348.80287
302.78135
303.15333
303.96566
305.15318
306.59349
308.18851
309.89354
311.65209
313.41125
315.14785
316.86014
318.55841
320.25954
321.9849
323.75993
325.61455
327.58343
329.70598
332.02591
334.58167
337.39679
340.42477
343.45436
346.26692
348.80527
302.86649
303.25159
304.08542
305.29092
306.73983
308.33807
310.0422
311.79412
313.5437
315.26988
316.97186
318.66027
320.3521
322.06865
323.83529
325.68176
327.64264
329.7572
332.06908
334.61677
337.4239
340.44442
343.46751
346.27439
348.80766
302.95435
303.35261
304.20747
305.42995
306.88653
308.48722
310.18983
311.93485
313.67478
315.39057
317.08233
318.76102
320.44368
322.15157
323.90992
325.74837
327.70135
329.80802
332.11194
334.65162
337.45084
340.46396
343.48057
346.28181
348.81004
303.04501
303.45641
304.33178
305.57021
307.03356
308.63593
310.3364
312.07427
313.80453
315.50998
317.19162
318.8607
320.53432
322.23367
323.98386
325.8144
327.75959
329.85846
332.1545
334.68625
337.47762
340.48337
343.49356
346.28919
348.8124
303.13853
303.56302
304.4583
305.71163
307.18087
308.78418
310.4819
312.2124
313.93296
315.62812
317.29974
318.95934
320.62405
322.31498
324.05713
325.87986
327.81735
329.90852
332.19678
334.72067
337.50424
340.50268
343.50648
346.29653
348.81475
303.23499
303.67246
304.58698
305.85415
307.32842
308.93194
310.62633
312.34924
314.06009
315.74505
317.40674
319.05698
320.7129
322.39553
324.12975
325.94477
327.87465
329.95822
332.23878
334.75488
337.53071
340.52188
343.51933
346.30382
348.81708
303.33445
303.78475
304.71779
305.99772
307.47616
309.0792
310.76969
312.48481
314.18595
315.86077
317.51265
319.15364
320.80089
322.47534
324.20173
326.00915
327.93151
330.00756
332.2805
334.78888
337.55704
340.54098
343.53211
346.31108
348.8194
303.43697
303.89989
304.85066
306.14229
307.62407
309.22591
310.912
312.61912
314.31056
315.97533
317.6175
319.24936
320.88805
322.55443
324.2731
326.073
327.98794
330.05656
332.32196
334.82269
337.58323
340.55998
343.54482
346.3183
348.82171
303.54261
304.01789
304.98554
306.2877
307.77206
309.37219
311.05326
312.7522
314.43394
316.08875
317.72132
319.34416
320.97441
322.63282
324.34387
326.13636
328.04396
330.10522
332.36315
334.8563
337.60927
340.57888
343.55747
346.32549
348.82401
303.65143
304.13874
305.12233
306.43372
307.92009
309.51819
311.19355
312.88405
314.55612
316.20106
317.82414
319.43807
321.05999
322.71053
324.41406
326.19922
328.09957
330.15355
332.40409
334.88971
337.63517
340.59769
343.57006
346.33264
348.8263
303.76345
304.26242
305.26094
306.58032
308.06813
309.66384
311.33292
313.01473
314.67711
316.31227
317.92598
319.53112
321.14481
322.78759
324.48369
326.26161
328.15479
330.20157
332.44477
334.92294
337.66094
340.6164
343.58258
346.33975
348.82857
303.87872
304.38891
305.4013
306.7275
308.21617
309.80907
311.47137
313.14426
314.79694
316.42241
318.02687
319.62333
321.22889
322.86402
324.55277
326.32355
328.20963
330.24928
332.48522
334.95599
337.68658
340.63502
343.59504
346.34682
348.83084
303.99725
304.51816
305.54332
306.87527
308.3642
309.95381
311.60893
313.27269
314.91566
316.53152
318.12683
319.71472
321.31227
322.93982
324.62133
326.38504
328.26411
330.29669
332.52543
334.98885
337.71209
340.65354
343.60744
346.35387
348.83309
304.11906
304.65015
305.68696
307.02365
308.5122
310.09801
311.74559
313.40005
315.03328
316.63962
318.22588
319.80531
321.39495
323.01503
324.68938
326.44609
328.31822
330.34381
332.56541
335.02155
337.73747
340.67198
343.61978
346.36088
348.83533
304.24416
304.78482
305.83216
307.17261
308.66014
310.24161
311.88135
313.52638
315.14986
316.74673
318.32406
319.89513
321.47695
323.08966
324.75693
326.50673
328.37199
330.39065
332.60518
335.05408
337.76274
340.69034
343.63207
346.36786
348.83757
304.37254
304.92214
305.97886
307.32216
308.808
310.3846
312.01621
313.65169
315.26543
316.8529
318.42138
319.98421
321.55831
323.16372
324.824
326.56696
328.42542
330.43722
332.64473
335.08645
337.78788
340.70862
343.6443
346.3748
348.83979
304.50418
305.06204
306.12701
307.47227
308.95578
310.52696
312.15017
313.77602
315.38002
316.95815
318.51788
320.07255
321.63903
323.23724
324.8906
326.6268
328.47853
330.48352
332.68407
335.11867
337.81292
340.72682
343.65648
346.38172
348.842
304.63906
305.20448
306.27657
307.62292
309.10344
310.66868
312.28324
313.89938
315.49365
317.06251
318.61358
320.16019
321.71913
323.31022
324.95674
326.68626
328.53132
330.52957
332.72321
335.15074
337.83785
340.74494
343.66861
346.38861
348.84421
304.77714
305.34939
306.42749
307.7741
309.25098
310.80976
312.41542
314.02179
315.60636
317.16601
318.7085
320.24714
321.79864
323.3827
325.02245
326.74535
328.5838
330.57537
332.76216
335.18266
337.86268
340.76299
343.6807
346.39548
348.8464
304.91838
305.49671
306.57971
307.92576
309.39839
310.9502
312.54673
314.14327
315.71816
317.26868
318.80268
320.33343
321.87757
323.45467
325.08773
326.80407
328.63599
330.62093
332.80092
335.21444
337.88741
340.78098
343.69274
346.40232
348.84859
305.06273
305.64638
306.73319
308.0779
309.54566
311.09
312.67718
314.26383
315.82909
317.37054
318.89612
320.41908
321.95595
323.52616
325.1526
326.86245
328.68789
330.66626
332.8395
335.24608
337.91204
340.7989
343.70473
346.40913
348.85077
305.21013
305.79832
306.88787
308.23049
309.69278
311.22917
312.80678
314.38351
315.93916
317.47161
318.98887
320.50411
322.03378
323.59718
325.21707
326.9205
328.73951
330.71137
332.8779
335.2776
337.93658
340.81675
343.71669
346.41592
348.85294
305.36051
305.95247
307.04371
308.38349
309.83975
311.36772
312.93555
314.50232
316.0484
317.57193
319.08093
320.58854
322.11108
323.66775
325.28116
326.97822
328.79087
330.75625
332.91614
335.30899
337.96103
340.83455
343.7286
346.42269
348.85511
305.51378
306.10875
307.20066
308.5369
309.98655
311.50565
313.06351
314.62028
316.15683
317.6715
319.17233
320.67239
322.18788
323.73788
325.34487
327.03562
328.84196
330.80094
332.95422
335.34027
337.9854
340.85229
343.74048
346.42943
348.85727
305.66988
306.26707
307.35866
308.69068
310.1332
311.64298
313.19069
314.73741
316.26448
317.77036
319.26309
320.75568
322.26419
323.80759
325.40822
327.09272
328.89281
330.84542
332.99214
335.37143
338.00969
340.86998
343.75232
346.43616
348.85942
305.82869
306.42736
307.51764
308.84481
310.27968
311.77973
313.3171
314.85375
316.37137
317.86853
319.35324
320.83842
322.34003
323.87689
325.47122
327.14953
328.94341
330.8897
333.02991
335.40248
338.03391
340.88761
343.76413
346.44287
348.86157
305.99013
306.58951
307.67757
308.99927
310.426
311.9159
313.44277
314.96932
316.47752
317.96602
319.44279
320.92063
322.4154
323.94579
325.53388
327.20606
328.99378
330.93381
333.06755
335.43343
338.05806
340.9052
343.77591
346.44956
348.86371
306.15407
306.75344
307.83838
309.15406
310.57218
312.05151
313.56771
315.08413
316.58296
318.06286
319.53175
321.00234
322.49034
324.01432
325.59623
327.26232
329.04394
330.97773
333.10504
335.46429
338.08214
340.92275
343.78767
346.45623
348.86584
306.32041
306.91906
308.00002
309.30904
310.71818
312.18669
313.69196
315.19821
316.6877
318.15908
319.62016
321.08355
322.56485
324.08247
325.65825
327.31831
329.09387
331.02149
333.14241
335.49505
338.10616
340.94025
343.79939
346.46289
348.86797
306.48903
307.08626
308.16238
309.46392
310.86397
312.32172
313.81563
315.31158
316.79177
318.25468
319.70803
321.16429
322.63894
324.15028
325.71998
327.37405
329.1436
331.06508
333.17966
335.52572
338.13012
340.95772
343.81109
346.46954
348.8701
306.65977
307.25493
308.32535
309.61872
311.00957
312.45658
313.93878
315.42428
316.89519
318.3497
319.79538
321.24457
322.71264
324.21774
325.78142
327.42956
329.19314
331.10852
333.21679
335.55631
338.15402
340.97516
343.82277
346.47617
348.87222
306.83251
307.42494
308.48886
309.77345
311.15501
312.59121
314.06146
315.53637
316.99797
318.44414
319.88222
321.32441
322.78596
324.28487
325.84258
327.48482
329.24248
331.15181
333.2538
335.58683
338.17788
340.99256
343.83443
346.4828
348.87434
307.00707
307.59618
308.65284
309.92815
311.30028
312.72558
314.18371
315.64787
317.10016
318.53803
319.96857
321.40383
322.8589
324.35168
325.90347
327.53987
329.29165
331.19496
333.29072
335.61727
338.2017
341.00994
343.84608
346.48941
348.87646
307.18331
307.76852
308.81723
310.08284
311.4454
312.85968
314.30554
315.75884
317.20177
318.63139
320.05445
321.48284
322.9315
324.4182
325.96411
327.59471
329.34065
331.23798
333.32754
335.64765
338.22547
341.02729
343.85771
346.49602
348.87857
307.36106
307.94184
308.98198
310.23753
311.59037
312.99351
314.42696
315.8693
317.30285
318.72424
320.13989
321.56146
323.00375
324.48442
326.0245
327.64934
329.38949
331.28088
333.36427
335.67798
338.24921
341.04462
343.86932
346.50261
348.88068
307.54016
308.11604
309.14705
310.39224
311.73521
313.12707
314.54799
315.97927
317.40343
318.81661
320.22489
321.6397
323.07569
324.55037
326.08466
327.70379
329.43817
331.32366
333.40092
335.70824
338.27292
341.06194
343.88093
346.50921
348.88279
307.72045
308.29099
309.31239
310.54693
311.87989
313.26036
314.66865
316.08881
317.50353
318.90853
320.30948
321.71758
323.14731
324.61606
326.1446
327.75806
329.48672
331.36634
333.43749
335.73847
338.29661
341.07925
343.89254
346.5158
348.8849
307.90178
308.46659
309.47797
310.70165
312.02449
313.39339
314.78891
316.19788
317.60317
319.00001
320.39368
321.79512
323.21864
324.6815
326.20433
327.81215
329.53513
331.40891
333.474
335.76865
338.32027
341.09655
343.90414
346.52239
348.88701
308.084
308.64274
309.64372
310.85627
312.16845
313.52611
314.90934
316.30667
317.70238
319.09107
320.47751
321.87233
323.28969
324.74669
326.26387
327.86609
329.58341
331.45139
333.51044
335.7988
338.34392
341.11384
343.91573
346.52898
348.88911
308.26695
308.81933
309.80959
311.0107
312.31184
313.65856
315.02987
316.41529
317.80122
319.18174
320.56098
321.94923
323.36048
324.81167
326.32322
327.91987
329.63158
331.49379
333.54683
335.82891
338.36756
341.13113
343.92733
346.53556
348.89122
308.45049
308.99626
309.9755
311.1649
312.45477
313.79075
315.15038
316.52378
317.89975
319.27204
320.64411
322.02584
323.43101
324.87643
326.38239
327.97352
329.67964
331.53611
333.58317
335.859
338.39119
341.14843
343.93893
346.54215
348.89333
308.63447
309.1734
310.14139
311.31886
312.59733
313.92269
315.27077
316.63214
317.99803
319.36202
320.72692
322.10218
323.50131
324.941
326.44141
328.02704
329.7276
331.57837
333.61947
335.88908
338.41483
341.16573
343.95054
346.54875
348.89544
308.81876
309.35067
310.3072
311.47257
312.7396
314.05442
315.39103
316.74034
318.09607
319.45171
320.80944
322.17825
323.57139
325.00539
326.50028
328.08044
329.77548
331.62056
333.65574
335.91915
338.43847
341.18305
343.96216
346.55535
348.89755
309.00322
309.52797
310.47288
311.62603
312.88155
314.18569
315.5111
316.84864
318.19396
319.54115
320.8917
322.25408
323.64127
325.06961
326.55901
328.13374
329.82329
331.66272
333.69199
335.94921
338.46212
341.20038
343.97379
346.56196
348.89967
309.18772
309.7052
310.63839
311.77922
313.02311
314.31631
315.63097
316.95725
318.29186
319.63038
320.97371
322.3297
323.71096
325.13367
326.61762
328.18694
329.87103
331.70483
333.72822
335.97928
338.48579
341.21774
343.98544
346.56858
348.90178
309.37214
309.88228
310.80366
311.9321
313.16423
314.44639
315.75065
317.06603
318.38983
319.71949
321.05552
322.40511
323.78048
325.1976
326.67612
328.24007
329.91872
331.74691
333.76445
336.00937
338.50949
341.23512
343.99711
346.57521
348.9039
309.55638
310.05914
310.96866
312.08463
313.30493
314.57605
315.87015
317.17485
318.48784
319.80852
321.13717
322.48034
323.84985
325.26141
326.73453
328.29313
329.96636
331.78898
333.80068
336.03947
338.53322
341.25253
344.00881
346.58185
348.90603
309.74032
310.23568
311.13333
312.23679
313.44522
314.70536
315.98938
317.28365
318.58598
319.89752
321.21868
322.55543
323.91908
325.32511
326.79286
328.34614
330.01398
331.83104
333.83692
336.06961
338.55698
341.26999
344.02053
346.58852
348.90816
309.92388
310.41184
311.29761
312.38855
313.58511
314.83424
316.10803
317.39237
318.68456
319.98665
321.30014
322.63039
323.9882
325.38872
326.85113
328.3991
330.06158
331.8731
333.87319
336.09979
338.5808
341.28748
344.03229
346.5952
348.9103
310.10695
310.58755
311.46148
312.5399
313.72457
314.96269
316.22621
317.501
318.78344
320.07599
321.3816
322.70528
324.05723
325.45226
326.90935
328.45205
330.10918
331.91518
333.9095
336.13001
338.60467
341.30503
344.04408
346.6019
348.91244
310.28947
310.76274
311.62488
312.69081
313.8636
315.09071
316.34406
317.60956
318.88247
320.1655
321.46311
322.78012
324.1262
325.51575
326.96755
328.50499
330.15679
331.9573
333.94585
336.1603
338.62861
341.32265
344.05592
346.60862
348.9146
310.47134
310.93736
311.78778
312.84125
314.00219
315.21833
316.46161
317.71789
318.98156
320.2553
321.54475
322.85498
324.19514
325.57922
327.02573
328.55794
330.20444
331.99946
333.98227
336.19066
338.65263
341.34032
344.06781
346.61538
348.91676
310.6525
311.11133
311.95012
312.99121
314.14034
315.34556
316.5788
317.82581
319.08068
320.34556
321.62665
322.92991
324.26408
325.64268
327.08393
328.61092
330.25213
332.04169
334.01876
336.22111
338.67673
341.35808
344.07975
346.62217
348.91893
310.83289
311.28462
312.11189
313.14067
314.27804
315.47239
316.69563
317.93342
319.1798
320.43613
321.70884
323.00498
324.33307
325.70616
327.14215
328.66394
330.29988
332.08399
334.05534
336.25165
338.70093
341.37592
344.09175
346.62899
348.92111
311.01244
311.45717
312.27304
313.28961
314.41529
315.59882
316.81213
318.04081
319.2789
320.52689
321.79128
323.08023
324.40216
325.76971
327.20044
328.71704
330.34772
332.1264
334.09204
336.28232
338.72525
341.39385
344.10382
346.63585
348.92331
311.1911
311.62893
312.43354
313.438
314.55207
315.72486
316.92833
318.14802
319.37796
320.61778
321.87397
323.15567
324.47137
325.83334
327.25881
328.77023
330.39566
332.16892
334.12886
336.31311
338.74969
341.4119
344.11597
346.64276
348.92552
311.36882
311.79987
312.59336
313.58583
314.68839
315.85051
317.04422
318.255
319.47672
320.70876
321.95714
323.23143
324.54077
325.8971
327.31729
328.82353
330.44373
332.21157
334.16582
336.34405
338.77428
341.43007
344.12821
346.64971
348.92774
311.54556
311.96993
312.75248
313.73309
314.82423
315.97578
317.15981
318.36172
319.57529
320.79979
322.04065
323.30754
324.6104
325.96102
327.37591
328.87698
330.49195
332.25439
334.20296
336.37516
338.79902
341.44837
344.14054
346.65672
348.92998
311.72127
312.1391
312.91086
313.87976
314.95959
316.10066
317.27508
318.46821
319.67373
320.89088
322.1244
323.38395
324.68029
326.02515
327.4347
328.93059
330.54034
332.29738
334.24027
336.40646
338.82394
341.46681
344.15298
346.66379
348.93225
311.89593
312.30734
313.06848
314.02582
315.09446
316.22514
317.39005
318.57449
319.77208
320.982
322.20832
323.46064
324.75046
326.08951
327.4937
328.9844
330.58893
332.34059
334.2778
336.43796
338.84905
341.48542
344.16553
346.67093
348.93453
312.06949
312.47462
313.22533
314.17126
315.22884
316.34924
317.50473
318.68058
319.87035
321.07316
322.29237
323.53754
324.82088
326.15412
327.55293
329.03843
330.63775
332.38402
334.31556
336.4697
338.87438
341.50421
344.17821
346.67814
348.93684
312.24194
312.64092
313.38138
314.31606
315.36272
316.47295
317.61912
318.78649
319.96853
321.16423
322.37654
323.61478
324.89161
326.219
327.61241
329.09271
330.68681
332.4277
334.35358
336.50168
338.89994
341.52319
344.19102
346.68543
348.93917
312.41325
312.8062
313.53661
314.46022
315.49609
316.59626
317.73323
318.8922
320.06656
321.25517
322.46081
323.6924
324.96268
326.28417
327.67216
329.14725
330.73614
332.47166
334.39187
336.53393
338.92574
341.54238
344.20398
346.6928
348.94153
312.5834
312.97046
313.69101
314.60373
315.62894
316.71919
317.84705
318.9977
320.16444
321.34604
322.54517
323.77028
325.0341
326.34966
327.7322
329.20207
330.78576
332.51591
334.43045
336.56646
338.95181
341.56178
344.2171
346.70026
348.94391
312.75237
313.13368
313.84456
314.74656
315.76128
316.84172
317.96057
319.10299
320.2622
321.43687
322.62962
323.84838
325.10583
326.41548
327.79256
329.25721
330.83569
332.56047
334.46935
336.59931
338.97816
341.58142
344.23038
346.70781
348.94633
312.92014
313.29584
313.99726
314.88872
315.8931
316.96384
318.07379
319.20808
320.35985
321.52769
322.71414
323.92666
325.17782
326.48162
327.85325
329.31267
330.88595
332.60536
334.50857
336.63247
339.0048
341.6013
344.24383
346.71547
348.94878
313.08671
313.45693
314.14908
315.0302
316.02438
317.08557
318.18672
319.31297
320.45739
321.61849
322.79872
324.00509
325.25007
326.54807
327.91427
329.36847
330.93655
332.6506
334.54815
336.66596
339.03175
341.62143
344.25747
346.72322
348.95126
313.25207
313.61694
314.30002
315.17098
316.15512
317.20688
318.29935
319.41766
320.55483
321.70928
322.88337
324.08366
325.32255
326.6148
327.97561
329.42462
330.9875
332.6962
334.58808
336.69981
339.05901
341.64183
344.27129
346.73109
348.95378
313.4162
313.77586
314.45007
315.31106
316.28533
317.32779
318.41169
319.52216
320.65216
321.80004
322.96806
324.16237
325.39525
326.68182
328.03727
329.48111
331.03882
332.74217
334.62838
336.73401
339.0866
341.66249
344.28529
346.73906
348.95633
313.57912
313.93369
314.59922
315.45043
316.41498
317.44828
318.52373
319.62647
320.7494
321.89078
323.05281
324.24121
325.46816
326.74911
328.09925
329.53794
331.09049
332.78851
334.66905
336.76856
339.11452
341.68342
344.29949
346.74714
348.95891
313.7408
314.09042
314.74747
315.58909
316.54409
317.56836
318.63548
319.73058
320.84653
321.98151
323.1376
324.32016
325.54125
326.81666
328.16154
329.59511
331.14253
332.83522
334.71009
336.80348
339.14276
341.70463
344.31389
346.75534
348.96154
313.90125
314.24604
314.89481
315.72702
316.67263
317.68802
318.74692
319.83449
320.94355
322.07219
323.22238
324.39921
325.6146
326.88448
328.22413
329.65261
331.19492
332.8823
334.75151
336.83875
339.17133
341.72609
344.32846
346.76364
348.96419
314.06048
314.40057
315.04124
315.86424
316.80062
317.80727
318.85806
319.9382
321.04045
322.1628
323.30712
324.47837
325.68822
326.95261
328.28703
329.71045
331.24766
332.92974
334.79329
336.87438
339.20021
341.74782
344.34323
346.77204
348.96688
314.21848
314.55399
315.18676
316.00073
316.92805
317.92609
318.9689
320.04171
321.13721
322.25334
323.39185
324.55763
325.76207
327.02104
328.35026
329.76863
331.30075
332.97755
334.83543
336.91035
339.22941
341.76981
344.35818
346.78056
348.96961
314.37526
314.70631
315.33136
316.13648
317.05491
318.04448
319.07943
320.145
321.23384
322.34381
323.47659
324.63698
325.83609
327.08973
328.4138
329.82714
331.3542
333.02571
334.87792
336.94666
339.25892
341.79205
344.3733
346.78917
348.97236
314.53082
314.85752
315.47505
316.27151
317.18121
318.16244
319.18964
320.24806
321.33034
322.43423
323.56135
324.71641
325.91028
327.15866
328.47763
329.88598
331.40799
333.07422
334.92076
336.9833
339.28872
341.81453
344.3886
346.79788
348.97515
314.68517
315.00764
315.61781
316.40581
317.30693
318.27997
319.29953
320.35091
321.42669
322.52459
323.64612
324.79592
325.98462
327.22783
328.54176
329.94514
331.46212
333.12308
334.96395
337.02026
339.31881
341.83726
344.40407
346.80669
348.97797
314.83832
315.15667
315.75967
316.53937
317.43207
318.39706
319.4091
320.45353
321.52292
322.61489
323.7309
324.87551
326.0591
327.2972
328.60615
330.00461
331.51658
333.17228
335.00747
337.05755
339.34919
341.86021
344.4197
346.8156
348.98082
314.99027
315.30462
315.90061
316.67219
317.55664
318.5137
319.51834
320.55593
321.619
322.70512
323.81568
324.95516
326.13371
327.36678
328.67081
330.06437
331.57135
333.2218
335.05131
337.09513
339.37984
341.88339
344.43549
346.8246
348.9837
315.14104
315.45148
316.04064
316.80428
317.68064
318.62991
319.62726
320.6581
321.71494
322.7953
323.90047
325.03487
326.20844
327.43655
328.7357
330.12442
331.62643
333.27164
335.09546
337.13301
339.41075
341.90678
344.45143
346.83368
348.98661
315.29062
315.59727
316.17976
316.93563
317.80405
318.74567
319.73585
320.76005
321.81074
322.8854
323.98526
325.11464
326.28329
327.5065
328.80083
330.18473
331.6818
333.32177
335.1399
337.17117
339.44192
341.93038
344.46752
346.84285
348.98954
315.43904
315.74199
316.31798
317.06625
317.92688
318.86099
319.84411
320.86176
321.90639
322.97543
324.07004
325.19445
326.35825
327.57662
328.86618
330.2453
331.73745
333.37219
335.18463
337.2096
339.47332
341.95417
344.48374
346.85209
348.9925
315.5863
315.88565
316.4553
317.19614
318.04914
318.97586
319.95203
320.96323
322.0019
323.06539
324.15481
325.27431
326.4333
327.64689
328.93173
330.30612
331.79336
333.42289
335.22963
337.24828
339.50495
341.97814
344.5001
346.86141
348.99548
315.73242
316.02827
316.59173
317.32529
318.17081
319.09028
320.05962
321.06447
322.09725
323.15527
324.23956
325.3542
326.50845
327.71732
328.99748
330.36716
331.84952
333.47384
335.27487
337.28719
339.53678
342.00229
344.51657
346.8708
348.99849
315.8774
316.16984
316.72726
317.45372
318.2919
319.20425
320.16688
321.16547
322.19245
323.24507
324.32429
325.43413
326.58368
327.78788
329.06342
330.42841
331.90592
333.52502
335.32036
337.32633
339.56882
342.02659
344.53316
346.88026
349.00151
316.02127
316.31038
316.86191
317.58142
318.41242
319.31777
320.27379
321.26623
322.28748
323.33477
324.40899
325.51408
326.65899
327.85858
329.12953
330.48987
331.96253
333.57644
335.36606
337.36567
339.60103
342.05105
344.54986
346.88978
349.00456
316.16402
316.4499
316.99569
317.7084
318.53235
319.43084
320.38037
321.36674
322.38236
323.42439
324.49366
325.59405
326.73437
327.92939
329.1958
330.55153
332.01935
333.62806
335.41197
337.40521
339.63342
342.07565
344.56666
346.89935
349.00762
316.30568
316.58841
317.1286
317.83466
318.65171
319.54347
320.48661
321.46701
322.47707
323.51391
324.5783
325.67403
326.80981
328.00032
329.26222
330.61335
332.07636
333.67989
335.45808
337.44492
339.66597
342.10037
344.58354
346.90898
349.0107
316.44625
316.72592
317.26064
317.9602
318.7705
319.65564
320.5925
321.56703
322.57161
323.60333
324.66289
325.75402
326.88531
328.07135
329.32879
330.67535
332.13355
333.73189
335.50436
337.4848
339.69866
342.12521
344.60051
346.91865
349.0138
316.58575
316.86244
317.39183
318.08504
318.88871
319.76736
320.69805
321.6668
322.66598
323.69264
324.74743
325.83401
326.96085
328.14248
329.39548
330.7375
332.19091
333.78407
335.5508
337.52483
339.73148
342.15017
344.61756
346.92837
349.01691
316.7242
316.99798
317.52217
318.20917
319.00635
319.87863
320.80326
321.76632
322.76017
323.78185
324.83192
325.91399
327.03643
328.21368
329.46229
330.79978
332.24842
333.83639
335.5974
337.565
339.76443
342.17522
344.63468
346.93813
349.02003
316.86161
317.13256
317.65167
318.3326
319.12343
319.98945
320.90813
321.86558
322.85419
323.87094
324.91635
325.99396
327.11204
328.28496
329.52921
330.8622
332.30607
333.88886
335.64413
337.6053
339.79749
342.20036
344.65186
346.94793
349.02317
316.99798
317.26618
317.78033
318.45533
319.23994
320.09983
321.01264
321.96458
322.94803
323.95991
325.00072
326.07392
327.18768
328.35631
329.59622
330.92473
332.36384
333.94146
335.69098
337.64571
339.83065
342.22559
344.6691
346.95776
349.02631
317.13334
317.39885
317.90818
318.57738
319.35588
320.20976
321.11681
322.06333
323.04167
324.04877
325.08502
326.15384
327.26333
328.42771
329.66332
330.98737
332.42173
333.99418
335.73795
337.68622
339.8639
342.25088
344.68639
346.96762
349.02947
317.2677
317.5306
318.03521
318.69874
319.47127
320.31924
321.22064
322.16181
323.13514
324.13749
325.16925
326.23374
327.33899
328.49916
329.73049
331.0501
332.47972
334.047
335.78501
337.72683
339.89723
342.27625
344.70374
346.97751
349.03263
317.40108
317.66142
318.16144
318.81942
319.5861
320.42828
321.32412
322.26003
323.22841
324.22609
325.2534
326.3136
327.41466
328.57065
329.79773
331.11291
332.5378
334.09991
335.83217
337.76751
339.93063
342.30167
344.72112
346.98742
349.03581
317.53348
317.79134
318.28687
318.93943
319.70038
320.53687
321.42725
322.35799
323.32149
324.31456
325.33746
326.39342
327.49032
328.64217
329.86503
331.17579
332.59596
334.1529
335.8794
337.80827
339.9641
342.32715
344.73854
346.99736
349.03899
317.66492
317.92036
318.41151
319.05877
319.81411
320.64502
321.53003
322.45568
323.41437
324.40288
325.42144
326.47318
327.56597
328.71371
329.93237
331.23874
332.65419
334.20596
335.9267
337.84909
339.99761
342.35267
344.75599
347.00731
349.04217
317.79541
318.0485
318.53537
319.17746
319.9273
320.75274
321.63247
322.5531
323.50705
324.49107
325.50532
326.5529
327.64159
328.78526
329.99974
331.30173
332.71248
334.25907
335.97405
337.88996
340.03118
342.37823
344.77347
347.01728
349.04536
317.92498
318.17577
318.65847
319.29549
320.03995
320.86001
321.73456
322.65026
323.59953
324.5791
325.5891
326.63255
327.71719
328.85681
330.06715
331.36477
332.77081
334.31224
336.02145
337.93087
340.06478
342.40382
344.79098
347.02726
349.04856
318.05363
318.30217
318.78081
319.41287
320.15205
320.96685
321.8363
322.74714
323.69181
324.66699
325.67278
326.71213
327.79276
328.92836
330.13457
331.42783
332.82918
334.36544
336.06889
337.97181
340.09841
342.42944
344.8085
347.03725
349.05175
318.18138
318.42774
318.90239
319.52961
320.26363
321.07326
321.9377
322.84376
323.78388
324.75473
325.75635
326.79165
327.86828
328.9999
330.20199
331.49091
332.88757
334.41867
336.11635
338.01278
340.13206
342.45507
344.82603
347.04726
349.05495
318.30824
318.55246
319.02324
319.64572
320.37468
321.17923
322.03874
322.9401
323.87574
324.84231
325.83981
326.87108
327.94376
329.07142
330.26942
331.554
332.94598
334.47192
336.16383
338.05376
340.16573
342.48072
344.84358
347.05726
349.05816
318.43422
318.67637
319.14335
319.7612
320.4852
321.28477
322.13945
323.03617
323.96739
324.92973
325.92314
326.95043
328.01919
329.1429
330.33683
331.6171
333.00439
334.52518
336.21132
338.09475
340.1994
342.50638
344.86113
347.06727
349.06136
318.55934
318.79946
319.26275
319.87606
320.5952
321.38989
322.2398
323.13196
324.05882
325.01698
326.00636
327.02969
328.09455
329.21436
330.40423
331.68018
333.06281
334.57844
336.25881
338.13575
340.23308
342.53204
344.87869
347.07729
349.06457
318.68362
318.92176
319.38143
319.99031
320.70469
321.49458
322.33982
323.22748
324.15004
325.10407
326.08945
327.10886
328.16985
329.28576
330.47159
331.74325
333.12121
334.63168
336.30629
338.17673
340.26675
342.5577
344.89625
347.0873
349.06777
318.80706
319.04327
319.49941
320.10395
320.81367
321.59885
322.43948
323.32272
324.24103
325.19099
326.1724
327.18792
328.24507
329.35712
330.53893
331.80629
333.17959
334.68491
336.35376
338.2177
340.30041
342.58335
344.9138
347.09731
349.07098
318.92967
319.16401
319.6167
320.217
320.92214
321.7027
322.53881
323.41768
324.33181
325.27773
326.25522
327.26688
328.32021
329.42842
330.60621
331.8693
333.23794
334.73812
336.4012
338.25865
340.33406
342.60899
344.93134
347.10732
349.07418
319.05148
319.28398
319.7333
320.32944
321.0301
321.80613
322.63779
323.51237
324.42236
325.36429
326.3379
327.34573
328.39527
329.49965
330.67345
331.93227
333.29626
334.79129
336.44861
338.29958
340.36768
342.63461
344.94888
347.11732
349.07738
319.1725
319.4032
319.84923
320.44131
321.13757
321.90914
322.73643
323.60677
324.51269
325.45067
326.42044
327.42447
328.47023
329.57081
330.74063
331.99519
333.35453
334.84442
336.49599
338.34047
340.40127
342.66021
344.9664
347.12731
349.08058
319.29273
319.52168
319.96449
320.55259
321.24455
322.01174
322.83473
323.7009
324.60279
325.53687
326.50282
327.50308
328.5451
329.64189
330.80775
332.05805
333.41275
334.8975
336.54332
338.38131
340.43483
342.68579
344.9839
347.1373
349.08377
319.4122
319.63944
320.07909
320.6633
321.35104
322.11393
322.93268
323.79475
324.69266
325.62288
326.58505
327.58157
328.61986
329.71289
330.87479
332.12084
333.47091
334.95053
336.59059
338.42212
340.46836
342.71134
345.00139
347.14727
349.08696
319.5309
319.75647
320.19305
320.77345
321.45704
322.21572
323.0303
323.88831
324.7823
325.70871
326.66713
327.65993
328.69452
329.78379
330.94175
332.18357
333.529
335.00349
336.63781
338.46287
340.50184
342.73686
345.01886
347.15724
349.09015
319.64886
319.8728
320.30637
320.88304
321.56257
322.31709
323.12758
323.9816
324.87171
325.79434
326.74905
327.73815
328.76906
329.8546
331.00863
332.24621
333.58702
335.05639
336.68497
338.50356
340.53527
342.76235
345.0363
347.16718
349.09334
319.76609
319.98844
320.41907
320.99207
321.66762
322.41807
323.22452
324.0746
324.96088
325.87977
326.8308
327.81623
328.84348
329.92531
331.07541
332.30877
333.64496
335.10921
336.73206
338.5442
340.56865
342.78779
345.05371
347.17712
349.09652
319.8826
320.10339
320.53114
321.10056
321.7722
322.51865
323.32113
324.16732
325.04982
325.965
326.91238
327.89417
328.91778
329.9959
331.14209
332.37124
333.70282
335.16195
336.77907
338.58477
340.60198
342.81319
345.0711
347.18704
349.09969
319.99839
320.21766
320.64259
321.20851
321.87632
322.61883
323.4174
324.25976
325.13852
326.05004
326.99379
327.97196
328.99195
330.06638
331.20867
332.43361
333.76058
335.21461
336.82601
338.62526
340.63524
342.83855
345.08845
347.19693
349.10286
320.11349
320.33127
320.75345
321.31593
321.97997
322.71862
323.51333
324.35192
325.22697
326.13487
327.07503
328.0496
329.06598
330.13674
331.27514
332.49588
333.81825
335.26717
336.87286
338.66568
340.66845
342.86386
345.10577
347.20682
349.10602
320.22791
320.44423
320.86371
321.42282
322.08317
322.81801
323.60893
324.44379
325.31519
326.21949
327.15609
328.12709
329.13988
330.20697
331.34149
332.55804
333.87581
335.31964
336.91962
338.70602
340.70158
342.88912
345.12306
347.21668
349.10918
320.34164
320.55654
320.97338
321.52919
322.18591
322.91702
323.7042
324.53538
325.40317
326.30391
327.23697
328.20441
329.21363
330.27707
331.40773
332.62008
333.93326
335.372
336.96628
338.74628
340.73465
342.91432
345.14031
347.22652
349.11233
320.45472
320.66822
321.08248
321.63505
322.28821
323.01564
323.79914
324.62669
325.4909
326.38811
327.31766
328.28157
329.28724
330.34704
331.47383
332.68201
333.9906
335.42426
337.01285
338.78645
340.76764
342.93947
345.15753
347.23634
349.11547
320.56713
320.77928
321.191
321.7404
322.39007
323.11387
323.89375
324.71771
325.57839
326.4721
327.39817
328.35856
329.36069
330.41687
331.5398
332.74381
334.04783
335.47641
337.05931
338.82652
340.80056
342.96456
345.1747
347.24613
349.1186
320.67891
320.88972
321.29897
321.84525
322.49148
323.21173
323.98803
324.80845
325.66563
326.55588
327.47848
328.43539
329.43399
330.48655
331.60564
332.80548
334.10492
335.52844
337.10567
338.86651
340.83339
342.98959
345.19183
347.25591
349.12173
320.79005
320.99956
321.40637
321.9496
322.59246
323.30921
324.08199
324.8989
325.75263
326.63944
327.5586
328.51203
329.50713
330.55608
331.67134
332.86701
334.1619
335.58035
337.15192
338.90639
340.86615
343.01455
345.20892
347.26565
349.12485
320.90057
321.1088
321.51324
322.05347
322.69301
323.40631
324.17562
324.98908
325.83937
326.72278
327.63853
328.5885
329.5801
330.62546
331.73689
332.92841
334.21874
335.63213
337.19805
338.94618
340.89882
343.03945
345.22596
347.27538
349.12796
321.01047
321.21745
321.61956
322.15685
322.79313
323.50304
324.26892
325.07896
325.92587
326.8059
327.71826
328.66479
329.65291
330.69469
331.80229
332.98967
334.27544
335.68379
337.24407
338.98585
340.9314
343.06429
345.24296
347.28507
349.13107
321.11977
321.32553
321.72535
322.25975
322.89284
323.5994
324.3619
325.16857
326.01212
326.88879
327.79778
328.7409
329.72554
330.76375
331.86754
333.05077
334.332
335.73532
337.28997
339.02543
340.96389
343.08905
345.25991
347.29474
349.13416
321.22848
321.43303
321.83061
322.36218
322.99212
323.69539
324.45456
325.25789
326.09812
326.97146
327.87711
328.81682
329.79801
330.83265
331.93263
333.11173
334.38843
335.78671
337.33574
339.06489
340.99629
343.11375
345.27681
347.30438
349.13725
321.3366
321.53998
321.93536
322.46415
323.09099
323.79102
324.54689
325.34693
326.18386
327.05391
327.95622
328.89254
329.87029
330.90137
331.99756
333.17253
334.4447
335.83797
337.38138
339.10424
341.0286
343.13837
345.29367
347.314
349.14032
321.44414
321.64637
322.03959
322.56565
323.18945
323.88629
324.63891
325.43568
326.26935
327.13612
328.03513
328.96808
329.94239
330.96993
332.06232
333.23318
334.50082
335.88908
337.4269
339.14348
341.06081
343.16292
345.31047
347.32358
349.14339
321.55112
321.75222
322.14333
322.6667
323.2875
323.98119
324.73061
325.52416
326.35459
327.21811
328.11383
329.04342
330.01431
331.03831
332.12692
333.29366
334.5568
335.94005
337.47229
339.1826
341.09293
343.18739
345.32722
347.33314
349.14645
321.65754
321.85753
322.24656
322.7673
323.38515
324.07574
324.82199
325.61234
326.43957
327.29987
328.19231
329.11856
330.08605
331.10652
332.19134
333.35399
334.61261
335.99088
337.51754
339.2216
341.12494
343.21179
345.34392
347.34267
349.1495
321.76341
321.96232
322.34931
322.86745
323.4824
324.16994
324.91305
325.70025
326.5243
327.38139
328.27058
329.1935
330.15759
331.17454
332.2556
333.41414
334.66827
336.04156
337.56265
339.26048
341.15686
343.23611
345.36057
347.35216
349.15254
321.86874
322.06658
322.45157
322.96717
323.57926
324.26378
325.0038
325.78787
326.60877
327.46268
328.34863
329.26824
330.22894
331.24238
332.31967
333.47412
334.72376
336.09208
337.60763
339.29924
341.18867
343.26036
345.37716
347.36163
349.15557
321.97353
322.17033
322.55335
323.06644
323.67573
324.35727
325.09424
325.87521
326.69298
327.54373
328.42647
329.34278
330.3001
331.31003
332.38356
333.53393
334.77909
336.14245
337.65247
339.33788
341.22038
343.28452
345.3937
347.37106
349.15859
322.0778
322.27357
322.65466
323.16529
323.77181
324.45041
325.18436
325.96227
326.77694
327.62454
328.50408
329.41711
330.37106
331.37749
332.44728
333.59357
334.83426
336.19267
337.69716
339.37639
341.25199
343.30861
345.41019
347.38047
349.1616
322.18155
322.37631
322.75551
323.26372
323.8675
324.54321
325.27417
326.04905
326.86064
327.70512
328.58147
329.49123
330.44183
331.44476
332.5108
333.65303
334.88925
336.24273
337.74172
339.41478
341.28349
343.33261
345.42662
347.38984
349.1646
322.28479
322.47856
322.8559
323.36172
323.96282
324.63567
325.36368
326.13554
326.94408
327.78546
328.65864
329.56514
330.51239
331.51184
332.57414
333.71231
334.94408
336.29263
337.78612
339.45304
341.31488
343.35653
345.44299
347.39918
349.16759
322.38753
322.58033
322.95584
323.45931
324.05776
324.72778
325.45287
326.22176
327.02727
327.86556
328.73559
329.63883
330.58275
331.57872
332.6373
333.7714
334.99873
336.34237
337.83038
339.49117
341.34617
343.38037
345.45931
347.40849
349.17056
322.48977
322.68162
323.05532
323.55649
324.15232
324.81956
325.54176
326.30769
327.11019
327.94542
328.8123
329.71231
330.6529
331.6454
332.70026
333.83032
335.05321
336.39194
337.8745
339.52917
341.37735
343.40413
345.47557
347.41776
349.17353
322.59152
322.78244
323.15437
323.65327
324.24652
324.911
325.63034
326.39334
327.19286
328.02503
328.88879
329.78558
330.72284
331.71189
332.76302
333.88905
335.10752
336.44136
337.91846
339.56703
341.40842
343.4278
345.49177
347.427
349.17649
322.6928
322.88279
323.25298
323.74964
324.34035
325.00211
325.71862
326.47871
327.27526
328.1044
328.96505
329.85862
330.79258
331.77817
332.82559
333.94759
335.16164
336.4906
337.96228
339.60477
341.43938
343.45139
345.50792
347.43621
349.17944
322.79359
322.98268
323.35116
323.84561
324.43381
325.09288
325.80659
326.5638
327.3574
328.18353
329.04108
329.93145
330.86211
331.84424
332.88797
334.00594
335.21559
336.53969
338.00594
339.64238
341.47023
343.4749
345.524
347.44539
349.18238
322.89393
323.08213
323.44892
323.9412
324.52692
325.18333
325.89426
326.64862
327.43929
328.26242
329.11688
330.00406
330.93143
331.91012
332.95015
334.06411
335.26936
336.5886
338.04945
339.67985
341.50098
343.49832
345.54003
347.45454
349.1853
322.99377
323.18109
323.54622
324.03636
324.61964
325.27342
325.9816
326.73312
327.52089
328.34103
329.19242
330.07642
331.0005
331.97576
333.0121
334.12206
335.32293
336.63733
338.0928
339.71717
341.5316
343.52165
345.556
347.46364
349.18822
323.09332
323.27977
323.64327
324.13129
324.71216
325.36334
326.06879
326.8175
327.60237
328.41954
329.26786
330.14869
331.0695
332.04132
333.07398
334.17993
335.37642
336.68599
338.13607
339.75444
341.56216
343.54493
345.57193
347.47273
349.19113
323.19167
323.37728
323.73918
324.22512
324.80362
325.45223
326.155
326.90092
327.68293
328.49715
329.34244
330.22013
331.13769
332.10611
333.13511
334.2371
335.42925
336.73404
338.1788
339.79123
341.59234
343.56792
345.58767
347.48171
349.194
323.29298
323.47774
323.83801
324.32186
324.89795
325.54396
326.24399
326.98708
327.76617
328.57738
329.41957
330.29403
331.20824
332.17316
333.19839
334.2963
335.48398
336.78383
338.22309
339.82937
341.62362
343.59175
345.60397
347.49101
349.19697
323.37841
323.56243
323.92131
324.40335
324.97737
325.62113
326.3188
327.05944
327.836
328.64461
329.48412
330.35581
331.26715
332.22906
333.25107
334.34548
335.52934
336.82499
338.25961
339.86074
341.6493
343.61128
345.61733
347.49862
349.19941
323.5336
323.71637
324.07286
324.5518
325.12224
325.76212
326.45569
327.19207
327.96422
328.76827
329.60305
330.46981
331.37608
332.33268
333.34898
334.43716
335.61419
336.90231
338.32852
339.92023
341.69824
343.64866
345.64295
347.51325
349.20409
)
;

boundaryField
{
    inlet
    {
        type            fixedValue;
        value           uniform 300;
    }
    outlet
    {
        type            inletOutlet;
        inletValue      uniform 300;
        value           nonuniform List<scalar> 
25
(
323.5336
323.71637
324.07286
324.5518
325.12224
325.76212
326.45569
327.19207
327.96422
328.76827
329.60305
330.46981
331.37608
332.33268
333.34898
334.43716
335.61419
336.90231
338.32852
339.92023
341.69824
343.64866
345.64295
347.51325
349.20409
)
;
    }
    wall
    {
        type            fixedValue;
        value           uniform 350;
    }
    front
    {
        type            wedge;
    }
    back
    {
        type            wedge;
    }
    axis
    {
        type            empty;
    }
}


// ************************************************************************* //
