/*--------------------------------*- C++ -*----------------------------------*\
| =========                 |                                                 |
| \\      /  F ield         | OpenFOAM: The Open Source CFD Toolbox           |
|  \\    /   O peration     | Version:  v2012                                 |
|   \\  /    A nd           | Website:  www.openfoam.com                      |
|    \\/     M anipulation  |                                                 |
\*---------------------------------------------------------------------------*/
FoamFile
{
    version     2.0;
    format      ascii;
    class       volScalarField;
    location    "2000";
    object      alphat;
}
// * * * * * * * * * * * * * * * * * * * * * * * * * * * * * * * * * * * * * //

dimensions      [1 -1 -1 0 0 0 0];


internalField   nonuniform List<scalar> 
6250
(
0.0013789883
0.0013790084
0.0013790978
0.0013792375
0.0013794079
0.0013795764
0.0013796502
0.0013793899
0.0013782369
0.001375007
0.0013674131
0.0013514363
0.0013206958
0.001266198
0.0011771637
0.0010438823
0.00086326021
0.0006461021
0.00042155373
0.00023034093
0.00010275695
3.8303113e-05
1.3759638e-05
6.2398791e-06
3.7447299e-06
0.0013764318
0.0013765228
0.0013767177
0.0013769994
0.001377297
0.001377445
0.0013770276
0.001375108
0.0013697991
0.0013577086
0.0013334367
0.0012895008
0.0012172186
0.0011089825
0.00096180792
0.00078105579
0.0005823076
0.00038931019
0.00022721406
0.00011292773
4.786161e-05
1.9212819e-05
8.8648918e-06
3.772145e-06
9.6730163e-07
0.0013735475
0.0013736846
0.001373945
0.0013742687
0.0013744708
0.001374109
0.0013721963
0.0013667701
0.0013543847
0.0013297548
0.0012859399
0.0012154779
0.0011125774
0.00097587165
0.00081062548
0.00062917118
0.00044895214
0.00028855906
0.00016295318
7.9382519e-05
3.5160992e-05
1.7455631e-05
8.89937e-06
3.2252125e-06
4.61568e-07
0.0013704996
0.0013706629
0.0013709434
0.0013711848
0.0013710022
0.0013695282
0.0013650181
0.0013543833
0.0013328705
0.0012942419
0.0012317932
0.0011402325
0.0010179142
0.00086851364
0.00070129257
0.00052968945
0.00036868816
0.00023185432
0.00012887965
6.3786724e-05
3.2609276e-05
2.0021077e-05
1.0730385e-05
3.0794509e-06
3.7758396e-07
0.0013674532
0.0013676225
0.0013678628
0.0013678694
0.0013669606
0.0013637244
0.0013555865
0.0013384645
0.0013068271
0.0012544718
0.0011760819
0.0010691532
0.00093553108
0.00078184426
0.00061860275
0.00045831013
0.00031329326
0.00019393524
0.00010752675
5.6360979e-05
3.4410116e-05
2.3565757e-05
1.2914035e-05
3.1480237e-06
3.5376684e-07
0.0013644203
0.0013645634
0.0013646726
0.0013642402
0.0013622041
0.0013565426
0.0013438978
0.0013194788
0.0012775596
0.0012127053
0.0011214618
0.0010038814
0.00086421831
0.0007104938
0.00055313548
0.00040324779
0.00027112498
0.00016536756
9.2016983e-05
5.3348245e-05
3.5385167e-05
2.6371595e-05
1.4803805e-05
3.285936e-06
3.3917146e-07
0.0013613932
0.0013614691
0.0013613305
0.0013602164
0.001356626
0.0013479226
0.0013301013
0.0012980062
0.0012462114
0.0011704605
0.0010691817
0.00094445054
0.00080200077
0.00065032756
0.00049929731
0.00035880781
0.00023792394
0.00014441751
8.335692e-05
5.408938e-05
3.7854468e-05
2.8982435e-05
1.6284906e-05
3.4025855e-06
3.2821059e-07
0.0013583618
0.0013583185
0.0013577936
0.0013557326
0.0013501686
0.0013379005
0.0013144671
0.0012746788
0.0012137569
0.0011287711
0.0010198122
0.00089041864
0.00074712718
0.0005984066
0.00045343689
0.00032117809
0.00020992584
0.00012673131
7.7877307e-05
5.4396161e-05
4.0899126e-05
3.1291529e-05
1.7407238e-05
3.4754598e-06
3.1957138e-07
0.0013553004
0.001355075
0.0013540075
0.0013507252
0.0013428007
0.0013265617
0.0012973005
0.0012500686
0.0011809351
0.0010882677
0.00097351708
0.00084121619
0.00069827768
0.00055294842
0.00041385269
0.00028943802
0.00018772259
0.00011512912
7.6149813e-05
5.5629797e-05
4.4051895e-05
3.3321432e-05
1.8262886e-05
3.5144485e-06
3.1178919e-07
0.0013521746
0.0013516956
0.0013499184
0.0013451455
0.0013345248
0.0013140319
0.0012789119
0.0012246595
0.0011482718
0.0010492887
0.00093021416
0.00079621443
0.00065431084
0.000512448
0.00037879463
0.00026142905
0.00016794436
0.0001069367
7.7763093e-05
5.8029377e-05
4.7119609e-05
3.5121873e-05
1.893987e-05
3.5347679e-06
3.0467984e-07
0.0013489481
0.0013481386
0.0013454813
0.0013389668
0.0013253766
0.0013004638
0.0012595978
0.0011988458
0.0011161273
0.0010119871
0.00088971516
0.00075485954
0.00061442263
0.0004761009
0.00034783956
0.00023766463
0.00015290386
0.00010230974
7.8128845e-05
6.1062188e-05
5.0064501e-05
3.6733699e-05
1.9498695e-05
3.5464729e-06
2.9850783e-07
0.0013455847
0.0013443652
0.0013406614
0.0013321816
0.0013154153
0.0012860195
0.0012396236
0.0011729332
0.0010847322
0.00097639637
0.00085178574
0.00071666515
0.00057796853
0.00044321961
0.00032026755
0.0002170478
0.00014207024
0.00010111505
7.8924737e-05
6.4354496e-05
5.2883549e-05
3.8190254e-05
1.9972907e-05
3.5541775e-06
2.932978e-07
0.0013420491
0.0013403405
0.0013354339
0.0013247987
0.0013047148
0.0012708584
0.0012192156
0.0011471493
0.0010542202
0.00094247339
0.00081617129
0.00068118937
0.0005443806
0.00041316006
0.00029533794
0.00019864409
0.00013408601
0.00010258393
8.0835047e-05
6.7708981e-05
5.5536732e-05
3.9507406e-05
2.0380135e-05
3.5594794e-06
2.8889368e-07
0.0013383086
0.0013360353
0.0013297843
0.0013168403
0.0012933578
0.0012551296
0.0011985617
0.0011216588
0.0010246607
0.00091014325
0.0007826552
0.00064814097
0.00051343487
0.00038600904
0.00027385346
0.00018471517
0.00012972197
0.00010480445
8.3544797e-05
7.1046863e-05
5.7996007e-05
4.0692813e-05
2.0731675e-05
3.5630024e-06
2.8513795e-07
0.001334334
0.0013314261
0.0013237078
0.0013083389
0.0012814297
0.0012389681
0.0011778141
0.0010965765
0.00099607703
0.00087930778
0.00075101936
0.00061719866
0.00048467853
0.0003609655
0.00025396042
0.00017379717
0.00012858123
0.00010489305
8.6684878e-05
7.4360684e-05
6.0267251e-05
4.1753071e-05
2.1034977e-05
3.5649532e-06
2.8190669e-07
0.0013301008
0.0013264959
0.0013172075
0.0012993339
0.0012690149
0.001222493
0.0011570931
0.0010719785
0.00096846179
0.00084985874
0.0007210651
0.00058810677
0.00045785981
0.00033793153
0.00023620158
0.00016556374
0.00012960986
0.00010605143
9.0008298e-05
7.7570108e-05
6.235741e-05
4.2696784e-05
2.1295178e-05
3.5652549e-06
2.7908225e-07
0.0013255892
0.0013212334
0.0013102937
0.0012898693
0.001256194
0.0012058071
0.0011364928
0.0010479134
0.00094179298
0.00082170431
0.0006926669
0.00056079104
0.00043311504
0.00031751626
0.00022212608
0.00016050931
0.00013199729
0.00010807655
9.3400851e-05
8.0616217e-05
6.426858e-05
4.3533493e-05
2.1517048e-05
3.563869e-06
2.7656337e-07
0.0013207841
0.0013156333
0.0013029825
0.0012799911
0.0012430421
0.0011889981
0.001116085
0.0010244087
0.00091603648
0.00079474739
0.00066566821
0.00053499966
0.00040990112
0.00029824789
0.00021069953
0.00015863869
0.00013404976
0.00011073794
9.6828674e-05
8.3476359e-05
6.6004929e-05
4.4273581e-05
2.1705894e-05
3.5609822e-06
2.7428638e-07
0.0013156759
0.0013096957
0.0012952943
0.0012697462
0.0012296278
0.0011721395
0.0010959233
0.0010014756
0.00089114922
0.00076889145
0.00063992908
0.00051057127
0.00038812511
0.00028051296
0.00020170149
0.00015905974
0.00013427554
0.00011378432
0.00010031218
8.6166439e-05
6.7577205e-05
4.4927191e-05
2.1866854e-05
3.556918e-06
2.7221312e-07
0.0013102596
0.0013034251
0.0012872526
0.0012591805
0.0012160129
0.0011552919
0.0010760471
0.00097911572
0.00086709228
0.00074407495
0.00061541823
0.00048762778
0.00036831919
0.00026572547
0.00019549944
0.00016079759
0.00013536734
0.00011702888
0.00010372694
8.8688692e-05
6.9001835e-05
4.5504497e-05
2.2004239e-05
3.5519759e-06
2.7031084e-07
0.0013045346
0.0012968303
0.0012788835
0.0012483383
0.0012022521
0.0011385056
0.0010564843
0.00095732407
0.00084382736
0.00072023545
0.00059204913
0.00046597854
0.00034981408
0.00025353094
0.00019212904
0.00016351268
0.00013719757
0.00012037127
0.00010701411
9.1042474e-05
7.0294794e-05
4.601553e-05
2.2121793e-05
3.5464132e-06
2.6855235e-07
0.0012985046
0.0012899235
0.0012702143
0.0012372616
0.0011883939
0.0011218211
0.0010372536
0.00093608817
0.00082130683
0.00069728206
0.0005696504
0.00044526763
0.00033191239
0.00024322314
0.0001912654
0.00016647807
0.0001396172
0.00012375465
0.00011014527
9.3229008e-05
7.1470346e-05
4.6470048e-05
2.2223046e-05
3.5404848e-06
2.6692473e-07
0.0012921768
0.0012827197
0.0012612729
0.0012259897
0.0011744803
0.0011052708
0.0010183664
0.00091539242
0.00079949149
0.00067517247
0.00054824905
0.00042583539
0.00031599883
0.00023534166
0.00019200635
0.00016654759
0.00014244053
0.00012727324
0.00011314586
9.5255546e-05
7.2539862e-05
4.6876479e-05
2.2311088e-05
3.5344183e-06
2.6542224e-07
0.0012855615
0.0012752359
0.0012520873
0.001214559
0.0011605479
0.0010888805
0.00099982948
0.00089522359
0.00077836022
0.00065391148
0.00052793835
0.00040791049
0.00030265344
0.00022999502
0.00019384679
0.00016725721
0.00014550577
0.00013082607
0.00011602588
9.7138066e-05
7.3514706e-05
4.7241612e-05
2.2388383e-05
3.5283978e-06
2.6403399e-07
0.0012786715
0.001267491
0.0012426852
0.001203003
0.0011466279
0.0010726704
0.00098164509
0.00087556407
0.00075787282
0.00063340631
0.00050842389
0.00039048559
0.0002911254
0.00022719146
0.00019655979
0.00016861112
0.00014871502
0.00013431795
0.00011877725
9.889201e-05
7.4406489e-05
4.7571255e-05
2.2456946e-05
3.5225822e-06
2.627493e-07
0.0012715216
0.0012595047
0.0012330935
0.001191352
0.0011327472
0.0010566558
0.00096381114
0.00085639107
0.00073798128
0.00061357442
0.00048961032
0.00037374365
0.00028132482
0.00022639787
0.00019995786
0.00017055741
0.00015199015
0.00013768683
0.00012138876
0.00010052936
7.5226082e-05
4.7870563e-05
2.2518391e-05
3.5170734e-06
2.6156197e-07
0.0012641285
0.0012512977
0.0012233379
0.0011796336
0.0011189285
0.0010408478
0.00094632367
0.00083768751
0.00071867149
0.00059446553
0.00047180429
0.00035873717
0.00027365801
0.00022696868
0.0002018208
0.00017297948
0.00015537418
0.00014093847
0.00012385742
0.00010205837
7.5982638e-05
4.8144117e-05
2.2574027e-05
3.5119349e-06
2.6046913e-07
0.0012565096
0.0012428908
0.0012134432
0.0011678727
0.0011051912
0.0010252551
0.00092917914
0.00081944413
0.00069994756
0.00057612594
0.00045506477
0.00034581535
0.00026823961
0.00022851949
0.00020210917
0.00017572899
0.00015890244
0.00014410121
0.00012619019
0.00010348574
7.6683149e-05
4.8395626e-05
2.2624857e-05
3.507194e-06
2.5946597e-07
0.0012486836
0.0012343049
0.0012034328
0.0011560917
0.0010915513
0.0010098832
0.00091237073
0.00080163877
0.00068174838
0.00055833864
0.0004386088
0.00033439635
0.00026509076
0.00023088114
0.00020286803
0.00017868422
0.00016248273
0.000147181
0.00012840089
0.00010481991
7.7333287e-05
4.8627992e-05
2.2671709e-05
3.5028744e-06
2.5854452e-07
0.0012406693
0.0012255607
0.0011933286
0.0011443104
0.0010780221
0.00099473493
0.00089588774
0.00078424252
0.00066401716
0.00054103369
0.00042261205
0.00032446077
0.00026378342
0.00023392665
0.00020413557
0.00018177295
0.00016603526
0.00015016682
0.0001305013
0.00010607048
7.7938318e-05
4.8843623e-05
2.2715311e-05
3.4990024e-06
2.5769811e-07
0.0012324857
0.0012166784
0.0011831511
0.0011325466
0.0010646144
0.00097981123
0.00087972093
0.00076724374
0.00064677882
0.00052441899
0.00040787765
0.00031633253
0.00026380509
0.00023752019
0.00020590255
0.00018494305
0.00016950751
0.00015304468
0.00013249906
0.00010724639
7.8503233e-05
4.9044594e-05
2.2756256e-05
3.4955904e-06
2.5692145e-07
0.0012241518
0.0012076775
0.0011729196
0.0011208159
0.0010513374
0.00096511283
0.00086386626
0.00075064899
0.00063008736
0.00050863261
0.00039483867
0.00031015439
0.00026482122
0.00024023655
0.00020812738
0.00018820803
0.00017287642
0.00015580279
0.00013439852
0.00010835525
7.9032749e-05
4.923282e-05
2.2795043e-05
3.4926464e-06
2.5621217e-07
0.0012156863
0.001198577
0.0011626518
0.0011091323
0.0010381981
0.00095063903
0.00084831469
0.00073443088
0.00061382392
0.00049313837
0.00038317706
0.00030602838
0.00026662138
0.00024050312
0.00021068059
0.00019166283
0.00017618157
0.00015844189
0.00013620147
0.00010940242
7.9530853e-05
4.9409902e-05
2.2831993e-05
3.4901519e-06
2.5556817e-07
0.0012071075
0.0011893949
0.001152364
0.0010975079
0.0010252021
0.00093638608
0.00083304848
0.00071853988
0.00059786554
0.00047775731
0.0003726997
0.00030372489
0.00026908817
0.00024107692
0.00021344189
0.00019522479
0.00017943769
0.00016097366
0.00013791244
0.00011039188
8.000051e-05
4.9577045e-05
2.286731e-05
3.4880773e-06
2.5498362e-07
0.001198433
0.0011801483
0.0011420714
0.0010859534
0.0010123529
0.00092234885
0.00081805346
0.00070296572
0.00058229619
0.00046305971
0.00036366654
0.0003027971
0.00027212243
0.00024205397
0.00021634786
0.00019881123
0.00018263587
0.0001634093
0.00013953882
0.00011132766
8.0444096e-05
4.9735283e-05
2.2901237e-05
3.4864091e-06
2.5445308e-07
0.0011896799
0.0011708534
0.0011317876
0.0010744778
0.0009996533
0.00090852419
0.00080332981
0.00068774994
0.00056730569
0.00044959614
0.00035626979
0.00030291722
0.0002756287
0.00024346308
0.000219363
0.00020236768
0.00018575996
0.00016575513
0.00014108836
0.00011221414
8.0863754e-05
4.98855e-05
2.2933996e-05
3.4851321e-06
2.5397236e-07
0.0011808643
0.0011615254
0.0011215253
0.0010630891
0.00098710548
0.00089491014
0.00078887694
0.00067289047
0.00055278273
0.00043744735
0.00035062765
0.00030390617
0.00027951974
0.00024529708
0.0002224506
0.00020585596
0.00018879505
0.00016801414
0.00014256778
0.00011305573
8.1261592e-05
5.002853e-05
2.2965807e-05
3.4842384e-06
2.5353814e-07
0.0011720018
0.0011521787
0.0011112958
0.001051794
0.00097471029
0.00088149953
0.00077466632
0.00065826667
0.00053825694
0.00042630408
0.0003468026
0.00030563001
0.00028158514
0.00024750577
0.00022568257
0.00020927683
0.00019173023
0.00017018624
0.00014398213
0.00011385662
8.1639741e-05
5.0165186e-05
2.2996861e-05
3.4837212e-06
2.5314961e-07
0.001163107
0.0011428267
0.0011011095
0.0010405982
0.00096246655
0.0008682806
0.0007606653
0.00064382121
0.00052381261
0.00041619923
0.00034452972
0.00030795605
0.00028199189
0.00024998579
0.00022910579
0.00021265976
0.00019456598
0.00017227061
0.00014533453
0.00011462021
8.200008e-05
5.0296082e-05
2.3027229e-05
3.483556e-06
2.52805e-07
0.0011541936
0.0011334816
0.0010909757
0.001029506
0.0009503721
0.00085524465
0.00074687173
0.00062964246
0.00050995231
0.00040737759
0.00034344112
0.00031078944
0.00028262845
0.0002526462
0.00023264262
0.00021601696
0.00019731274
0.00017427009
0.00014662738
0.00011534902
8.234409e-05
5.0421679e-05
2.3056946e-05
3.4837168e-06
2.5250022e-07
0.0011452747
0.0011241549
0.0010809025
0.0010185208
0.00093842575
0.00084239182
0.00073331596
0.00061587186
0.00049709861
0.00039999006
0.00034328109
0.0003140562
0.00028359388
0.00025544248
0.0002362216
0.000219339
0.00019997972
0.00017619056
0.00014786363
0.00011604508
8.2672974e-05
5.0542421e-05
2.3086088e-05
3.4841871e-06
2.5223184e-07
0.0011363623
0.0011148573
0.0010708972
0.0010076457
0.00092662663
0.00082972099
0.00071999284
0.00060239942
0.00048530089
0.00039414561
0.00034390886
0.00031769495
0.00028492557
0.00025834909
0.00023979408
0.0002226095
0.00020257138
0.00017803846
0.00014904701
0.00011671038
8.2987787e-05
5.065873e-05
2.3114744e-05
3.4849518e-06
2.5199756e-07
0.0011274676
0.0011055982
0.0010609665
0.00099688272
0.00091497071
0.00081721285
0.00070681374
0.00058885126
0.00047431319
0.00038991286
0.00034524857
0.00032165314
0.00028661466
0.00026134642
0.0002433312
0.0002258144
0.00020508884
0.0001798191
0.00015018139
0.00011734696
8.3289488e-05
5.0770975e-05
2.3142989e-05
3.4859962e-06
2.5179454e-07
0.0011186011
0.0010963867
0.0010511157
0.0009862324
0.00090345036
0.00080484122
0.00069371754
0.00057522465
0.00046414082
0.00038712865
0.00034723141
0.00032552122
0.0002886489
0.0002644123
0.00024680726
0.00022894148
0.00020753222
0.00018153693
0.00015127052
0.00011795696
8.3579121e-05
5.0879593e-05
2.3170948e-05
3.4873197e-06
2.5162187e-07
0.0011097724
0.0010872307
0.0010413496
0.00097569433
0.00089205826
0.00079259631
0.00068074814
0.00056190372
0.00045502258
0.00038550243
0.00034973008
0.00032604952
0.00029096494
0.00026770486
0.0002502566
0.00023198355
0.00020989796
0.00018319438
0.00015231779
0.00011854256
8.3857732e-05
5.0984962e-05
2.3198684e-05
3.4889126e-06
2.5148005e-07
0.0011009902
0.0010781374
0.001031672
0.00096526792
0.00088079177
0.00078049324
0.00066801696
0.00054928644
0.00044712997
0.00038478625
0.00035265466
0.0003266688
0.00029347334
0.00027116211
0.00025369771
0.00023494671
0.00021218519
0.00018479262
0.00015332565
0.0001191056
8.4126149e-05
5.108727e-05
2.3226171e-05
3.4907523e-06
2.5136661e-07
0.0010922627
0.0010691132
0.001022086
0.00095495299
0.00086965105
0.00076854393
0.00065553309
0.00053754397
0.00044056337
0.00038482764
0.00035594524
0.00032751056
0.00029612641
0.00027470904
0.0002571293
0.00023784063
0.00021439728
0.00018633313
0.00015429588
0.00011964754
8.4385081e-05
5.1186712e-05
2.3253429e-05
3.492828e-06
2.5127883e-07
0.0010835973
0.0010601638
0.0010125945
0.00094474819
0.00085862774
0.00075670297
0.00064303256
0.00052652942
0.00043542197
0.00038554487
0.00035955954
0.00032863928
0.00029889897
0.00027829203
0.00026053797
0.00024067122
0.00021653957
0.00018781842
0.00015523011
0.00012016957
8.4635169e-05
5.1283512e-05
2.3280497e-05
3.4951288e-06
2.5121521e-07
0.0010750004
0.0010512943
0.0010031991
0.0009346495
0.00084770296
0.00074490116
0.00063033456
0.00051613088
0.00043166825
0.00038688612
0.0003634617
0.00033007533
0.00030177306
0.00028187511
0.00026390811
0.0002434402
0.00021861719
0.00018925181
0.00015613013
0.00012067277
8.4876995e-05
5.1377888e-05
2.3307414e-05
3.4976447e-06
2.5117461e-07
0.0010664782
0.0010425089
0.00099390028
0.00092465105
0.00083685944
0.00073312158
0.00061760472
0.00050647864
0.00042910385
0.00038880183
0.00036761602
0.0003318084
0.0003047359
0.00028543767
0.00026722754
0.00024614704
0.00022063408
0.00019063665
0.00015699788
0.00012115816
8.5111054e-05
5.1470014e-05
2.3334202e-05
3.500364e-06
2.5115514e-07
0.0010580358
0.0010338112
0.00098469813
0.00091474786
0.00082609371
0.00072141718
0.00060517258
0.00049776982
0.00042751471
0.00039123781
0.00037198209
0.00033383786
0.00030775169
0.00028895323
0.00027048545
0.00024879123
0.00022259352
0.0001919761
0.00015783537
0.00012162684
8.5337899e-05
5.1560133e-05
2.3360932e-05
3.5032869e-06
2.5115621e-07
0.0010496779
0.0010252041
0.00097559237
0.00090493795
0.00081541716
0.00070986773
0.00059333452
0.00049015374
0.00042673361
0.00039408893
0.00037300905
0.00033612741
0.00031098265
0.00029245087
0.00027367295
0.00025136852
0.00022449721
0.00019327307
0.00015864466
0.00012207995
8.5558107e-05
5.1648466e-05
2.3387646e-05
3.5064088e-06
2.5117859e-07
0.0010414084
0.0010166899
0.00096658266
0.00089521961
0.00080482928
0.00069842671
0.00058217673
0.00048373731
0.00042664464
0.00039728665
0.00037383154
0.0003385999
0.00031439446
0.00029595333
0.00027679373
0.0002538763
0.00022634548
0.00019452968
0.00015942763
0.00012251856
8.5772091e-05
5.1735085e-05
2.3414309e-05
3.5097136e-06
2.5122084e-07
0.0010332308
0.0010082706
0.00095766762
0.0008855847
0.00079428839
0.00068686596
0.00057156643
0.00047860553
0.00042717774
0.00040078702
0.00037479218
0.00034121348
0.00031791965
0.00029946096
0.00027985582
0.00025631605
0.00022813875
0.00019574737
0.0001601858
0.00012294359
8.5980206e-05
5.1820048e-05
2.3440886e-05
3.5131584e-06
2.5128088e-07
0.001025148
0.0009999472
0.00094884403
0.00087601843
0.00078374234
0.00067506991
0.00056144717
0.00047471229
0.00042828551
0.00040455875
0.00037596434
0.00034394442
0.00032150589
0.00030296338
0.00028286508
0.00025869175
0.00022987852
0.00019692732
0.00016092033
0.00012335581
8.6182792e-05
5.1903451e-05
2.3467404e-05
3.5167633e-06
2.5135782e-07
0.0010171621
0.00099171992
0.00094010731
0.0008665068
0.00077317628
0.00066317851
0.0005519465
0.00047189063
0.00042992529
0.00040857481
0.00037738043
0.00034677663
0.00032511763
0.0003064473
0.0002858238
0.00026100777
0.00023156719
0.00019807091
0.00016163226
0.00012375591
8.6380122e-05
5.1985236e-05
2.3493656e-05
3.5205597e-06
2.514511e-07
0.0010092747
0.00098358838
0.00093145292
0.00085704419
0.00076262481
0.00065145492
0.00054323876
0.00046996176
0.00043205415
0.0004128083
0.0003790517
0.00034969708
0.00032872989
0.0003098998
0.00028873174
0.00026326776
0.00023320762
0.00019917977
0.00016232259
0.00012414448
8.6572468e-05
5.206553e-05
2.3519779e-05
3.5245015e-06
2.5155938e-07
0.001001487
0.00097555181
0.00092287788
0.0008476353
0.0007521473
0.00064014388
0.00053545161
0.00046879136
0.00043463025
0.00041723208
0.00038097088
0.00035269778
0.00033232837
0.00031331126
0.00029158747
0.00026547435
0.00023480256
0.00020025563
0.00016299227
0.00012452203
8.6760092e-05
5.2144477e-05
2.3545851e-05
3.5285825e-06
2.516816e-07
0.00099379934
0.00096760927
0.00091437999
0.00083828194
0.00074173456
0.00062935534
0.0005286849
0.00046829426
0.00043761376
0.00042181631
0.0003831423
0.00035574794
0.00033589102
0.00031667277
0.00029439011
0.00026762983
0.00023635451
0.00020130024
0.00016364232
0.00012488911
8.6943225e-05
5.2222093e-05
2.3571985e-05
3.5328138e-06
2.5181784e-07
0.00098621198
0.00095975926
0.00090595399
0.0008289601
0.00073122756
0.00061901686
0.00052304582
0.00046841037
0.00044092348
0.00042319146
0.00038554267
0.00035900272
0.00033944461
0.00031997584
0.00029713527
0.00026973519
0.00023786578
0.00020231539
0.00016427381
0.00012524628
8.7122123e-05
5.2298479e-05
2.3598206e-05
3.5371939e-06
2.5196886e-07
0.00097872444
0.00095199911
0.00089758947
0.00081962707
0.00072047631
0.00060904835
0.00051855394
0.00046909099
0.00044451255
0.00042436135
0.00038810623
0.00036243514
0.00034301091
0.00032322302
0.00029981974
0.0002717902
0.00023933807
0.00020330274
0.00016488777
0.00012559405
8.7297027e-05
5.237379e-05
2.3624454e-05
3.5417064e-06
2.5213356e-07
0.00097133555
0.00094432487
0.00088927386
0.00081025444
0.00070951512
0.00059951966
0.00051510624
0.0004702935
0.00044834928
0.00042561129
0.00039079523
0.0003659867
0.00034659274
0.0003264215
0.00030244398
0.00027379463
0.0002407724
0.00020426362
0.00016548512
0.0001259329
8.7468134e-05
5.244814e-05
2.3650732e-05
3.5463473e-06
2.5231072e-07
0.00096404347
0.00093673191
0.00088099757
0.00080084755
0.00069852433
0.00059058707
0.00051255069
0.0004719774
0.00045240836
0.00042701323
0.00039359108
0.00036961024
0.0003501806
0.00032957653
0.00030501092
0.00027574917
0.00024216954
0.00020519906
0.00016606666
0.0001262632
8.7635512e-05
5.2521674e-05
2.367708e-05
3.5511161e-06
2.5249998e-07
0.00095684588
0.00092921591
0.00087275773
0.00079144288
0.00068772155
0.00058239166
0.00051075343
0.00047410454
0.00045666782
0.00042860607
0.00039648114
0.00037327272
0.00035376279
0.00033269038
0.00030752417
0.00027765552
0.0002435304
0.00020610989
0.00016663305
0.00012658539
8.7799486e-05
5.2594409e-05
2.3703492e-05
3.556007e-06
2.5270092e-07
0.0009497402
0.00092177355
0.00086455704
0.00078207838
0.00067727891
0.00057503075
0.00050961889
0.00047664006
0.00046110724
0.00043040765
0.00039945568
0.00037695123
0.00035732801
0.00033576304
0.00030998687
0.00027951586
0.00024485615
0.0002069969
0.00016718494
0.00012689994
8.7960319e-05
5.2666387e-05
2.372996e-05
3.5610146e-06
2.5291297e-07
0.00094272374
0.00091440153
0.00085639213
0.0007727169
0.0006672419
0.00056858968
0.00050908586
0.00047955289
0.00046570657
0.00043242488
0.00040250625
0.00038062877
0.00036086615
0.00033879317
0.00031240135
0.00028133244
0.00024614815
0.00020786092
0.00016772285
0.0001272071
8.8118282e-05
5.2737707e-05
2.3756494e-05
3.5661353e-06
2.5313578e-07
0.00093579327
0.00090709414
0.00084824124
0.00076322406
0.00065753162
0.00056314564
0.0005091171
0.00048281569
0.00047044622
0.00043465099
0.00040562845
0.00038429587
0.00036436981
0.00034177902
0.00031476927
0.00028310739
0.00024740787
0.0002087028
0.0001682473
0.00012750728
8.8273516e-05
5.2808403e-05
2.3783092e-05
3.571364e-06
2.5336862e-07
0.00092894455
0.00089984232
0.00084007204
0.00075349581
0.00064809726
0.00055870788
0.00050968753
0.00048640258
0.00047530483
0.00043708931
0.0004087966
0.00038793543
0.0003678321
0.00034471954
0.00031709206
0.00028484259
0.00024863672
0.00020952345
0.00016875891
0.00012780087
8.8426177e-05
5.2878522e-05
2.3809767e-05
3.5767006e-06
2.5361135e-07
0.00092217222
0.00089263548
0.0008318621
0.00074356149
0.00063901172
0.00055520397
0.00051076537
0.00049025007
0.00047728927
0.00043972501
0.00041214571
0.0003915696
0.00037124549
0.00034761068
0.0003193702
0.0002865397
0.00024983614
0.00021032384
0.00016925825
0.0001280883
8.8576474e-05
5.2948131e-05
2.3836526e-05
3.5821432e-06
2.5386452e-07
0.00091547028
0.00088546458
0.00082361138
0.00073355625
0.00063041478
0.00055252032
0.00051231297
0.0004943219
0.00047896381
0.00044250398
0.00041566189
0.00039521887
0.00037461141
0.00035044908
0.00032160314
0.00028820003
0.00025100753
0.00021110492
0.00016974591
0.0001283699
8.8724535e-05
5.3017242e-05
2.386335e-05
3.5876844e-06
2.5412755e-07
0.00090883296
0.00087832484
0.00081534268
0.00072365076
0.00062243669
0.00055054962
0.00051429309
0.00049859279
0.00048067396
0.00044539277
0.00041929655
0.00039888805
0.00037793594
0.00035323439
0.00032379024
0.0002898243
0.00025215204
0.00021186762
0.0001702225
0.00012864593
8.8870434e-05
5.308586e-05
2.3890233e-05
3.5933211e-06
2.5439957e-07
0.00090225551
0.00087121635
0.00080708935
0.00071399729
0.00061516928
0.00054920915
0.00051667168
0.00050304275
0.0004824878
0.00044837479
0.0004230083
0.000402571
0.00038122412
0.00035596855
0.00032593155
0.00029141294
0.00025327059
0.00021261276
0.00017068856
0.00012891665
8.9014254e-05
5.3154002e-05
2.3917175e-05
3.5990507e-06
2.5468027e-07
0.00089573415
0.00086413966
0.00079885716
0.00070467779
0.00060868078
0.00054844107
0.00051941868
0.00050765425
0.00048444653
0.00045144162
0.00042676717
0.00040625696
0.00038447824
0.00035865438
0.000328028
0.00029296647
0.00025436394
0.00021334113
0.00017114464
0.00012918234
8.9156095e-05
5.3221694e-05
2.3944179e-05
3.6048702e-06
2.5496938e-07
0.00088926448
0.000857087
0.00079058338
0.00069567028
0.00060303585
0.00054820708
0.00052250815
0.00051241157
0.00048657215
0.00045458578
0.0004305519
0.00040993623
0.00038769862
0.00036129474
0.00033008145
0.00029448578
0.00025543247
0.00021405302
0.00017159106
0.00012944324
8.9296073e-05
5.3288964e-05
2.3971244e-05
3.6107763e-06
2.552665e-07
0.00088283976
0.00085003954
0.00078217259
0.00068691065
0.0005982737
0.00054848145
0.00052591736
0.00051729974
0.00048887461
0.00045780127
0.00043434715
0.00041359991
0.00039088422
0.000363891
0.00033209225
0.0002959708
0.00025647791
0.00021475088
0.00017202877
0.00012969926
8.9434101e-05
5.3355822e-05
2.3998377e-05
3.6167678e-06
2.5557139e-07
0.00087645081
0.0008429759
0.00077358224
0.00067839509
0.00059437549
0.00054924383
0.00052962545
0.00052230388
0.00049135664
0.00046108248
0.00043814132
0.00041724003
0.00039403295
0.00036644549
0.00033406768
0.00029743183
0.00025749293
0.00021536119
0.00017245213
0.00012995346
8.9570831e-05
5.3422156e-05
2.4025511e-05
3.6228333e-06
2.5588404e-07
0.00087008786
0.00083588336
0.00076485496
0.00067020031
0.00059127381
0.00055047446
0.00053361233
0.00052740911
0.00049401426
0.00046442536
0.00044192659
0.00042085012
0.00039714316
0.00036896164
0.00033601402
0.00029887328
0.00025848379
0.0002159219
0.00017280612
0.00013020005
8.9707189e-05
5.3487939e-05
2.4052425e-05
3.6289216e-06
2.5620291e-07
0.00086374312
0.00082876373
0.00075609171
0.00066243682
0.00058888639
0.00055215267
0.00053785803
0.00053259998
0.0004968434
0.00046781835
0.00044569432
0.00042442535
0.00040021472
0.00037144244
0.00033793173
0.0003002887
0.00025944736
0.00021646791
0.00017314946
0.00013043761
8.9840914e-05
5.3552779e-05
2.4078969e-05
3.6349905e-06
2.5652537e-07
0.00085741293
0.00082163365
0.00074741427
0.00065520621
0.00058714053
0.0005542536
0.0005423269
0.00053659573
0.00049984061
0.0004713053
0.00044944665
0.00042796084
0.00040324686
0.00037388867
0.00033981873
0.00030167424
0.00026038407
0.00021700073
0.00017348432
0.00013066739
8.997133e-05
5.3616515e-05
2.4105167e-05
3.6410382e-06
2.5685019e-07
0.00085109896
0.00081452111
0.0007389396
0.00064858328
0.0005859791
0.00055674707
0.0005469775
0.000539051
0.00050297915
0.0004749469
0.00045320341
0.00043145464
0.00040623697
0.00037629898
0.000341673
0.00030302909
0.00026129612
0.00021752149
0.00017381188
0.00013089096
9.0098797e-05
5.3679301e-05
2.4131145e-05
3.6470877e-06
2.5717752e-07
0.00084480722
0.00080745358
0.00073075747
0.00064261793
0.00058535775
0.00055960332
0.00055178816
0.00054148397
0.00050622171
0.00047871333
0.00045697671
0.00043491074
0.00040918311
0.00037867101
0.0003434933
0.0003043541
0.00026218582
0.00021803104
0.00017413287
0.00013110952
9.0223916e-05
5.374142e-05
2.4157049e-05
3.6531681e-06
2.5750784e-07
0.00083854386
0.00080043757
0.00072290777
0.00063734758
0.00058524281
0.00056279554
0.00055674191
0.00054396274
0.00050954804
0.00048256713
0.00046076728
0.00043833452
0.00041208554
0.00038100351
0.00034527931
0.00030564985
0.0002630543
0.00021853016
0.00017444792
0.00013132396
9.0347256e-05
5.3803153e-05
2.4183005e-05
3.6593045e-06
2.5784194e-07
0.00083230937
0.00079344475
0.00071537331
0.00063280467
0.00058560874
0.00056630006
0.00056182422
0.00054653359
0.00051294872
0.0004864789
0.00046456895
0.00044172945
0.00041494447
0.00038329319
0.00034702883
0.00030691895
0.00026390609
0.00021901946
0.00017475746
0.00013153462
9.0469137e-05
5.3864706e-05
2.4209101e-05
3.665514e-06
2.5818095e-07
0.00082609696
0.00078643137
0.00070811685
0.00062900595
0.00058643538
0.00057009601
0.00056702207
0.00054922462
0.00051641777
0.00049042738
0.0004683735
0.00044509612
0.00041776311
0.00038554993
0.00034875823
0.00030815153
0.00026462683
0.00021949479
0.00017506001
0.00013174324
9.0590078e-05
5.3926131e-05
2.4235329e-05
3.6717962e-06
2.5852559e-07
0.00081989721
0.000779375
0.00070113101
0.00062593909
0.0005877052
0.00057416445
0.00057232317
0.00055205151
0.0005199507
0.00049439701
0.0004721727
0.00044843495
0.00042054618
0.00038777594
0.0003504584
0.00030934769
0.00026532548
0.00021995841
0.00017535603
0.00013194949
9.0710137e-05
5.3987371e-05
2.4261623e-05
3.6781375e-06
2.5887558e-07
0.00081370492
0.00077229324
0.00069445375
0.00062356528
0.00058940131
0.00057848767
0.00057771545
0.00055502192
0.00052354364
0.00049837618
0.00047595951
0.00045174622
0.00042329622
0.00038996906
0.00035212335
0.00031051073
0.00026600873
0.000220412
0.00017564638
0.00013215273
9.0829112e-05
5.4048346e-05
2.4287928e-05
3.684525e-06
2.5923027e-07
0.00080752389
0.00076523756
0.00068815027
0.00062183323
0.00059150648
0.00058304864
0.0005831868
0.00055813817
0.00052719284
0.00050235623
0.00047972837
0.00045502937
0.00042601321
0.00039212677
0.00035375234
0.00031164417
0.00026667783
0.00022085665
0.00017593175
0.00013235282
9.094687e-05
5.4109018e-05
2.4314224e-05
3.6909531e-06
2.5958923e-07
0.00080136832
0.00075827754
0.00068228912
0.00062069209
0.00059400297
0.00058783072
0.00058872506
0.00056139897
0.00053089464
0.00050633089
0.00048347479
0.00045828285
0.00042869612
0.00039424803
0.00035534651
0.00031275075
0.0002673337
0.0002212931
0.0001762126
0.00013254996
9.1063438e-05
5.4169407e-05
2.4340526e-05
3.697423e-06
2.5995227e-07
0.00079526171
0.00075148703
0.00067692747
0.00062009799
0.00059687275
0.00059281752
0.00059431809
0.00056480056
0.00053464543
0.00051029557
0.00048719503
0.00046150495
0.00043134435
0.00039633233
0.00035690726
0.00031383256
0.0002679771
0.00022172191
0.00017648929
0.00013274442
9.1178934e-05
5.4229575e-05
2.4366865e-05
3.7039403e-06
2.6031942e-07
0.00078923459
0.00074493557
0.00067210641
0.0006200156
0.0006000977
0.0005979929
0.00059995394
0.00056833691
0.00053844226
0.00051424733
0.000490886
0.0004646935
0.0004339567
0.00039838041
0.00035843634
0.0003148914
0.00026860868
0.00022214353
0.00017676209
0.00013293648
9.1293499e-05
5.428959e-05
2.4393271e-05
3.7105101e-06
2.6069084e-07
0.00078332186
0.00073868416
0.00066785171
0.00062041704
0.00060365994
0.00060334088
0.00060562078
0.00057200078
0.00054227988
0.00051818373
0.00049454545
0.00046784706
0.00043653315
0.00040039355
0.0003599348
0.00031592793
0.00026922903
0.00022255835
0.00017703121
0.00013312637
9.1407267e-05
5.4349511e-05
2.4419766e-05
3.7171364e-06
2.6106656e-07
0.00077756045
0.000732784
0.00066417702
0.00062128031
0.00060754046
0.00060883846
0.00061072759
0.00057578938
0.00054617269
0.00052210452
0.00049817082
0.00047096319
0.00043907
0.00040236995
0.00036140604
0.00031694743
0.00026983863
0.0002229667
0.0001772969
0.00013331413
9.1520305e-05
5.4409395e-05
2.4446375e-05
3.7238246e-06
2.6144706e-07
0.00077198736
0.00072727675
0.00066108731
0.00062258694
0.00061171675
0.00061445239
0.00061442208
0.00057968795
0.00055017952
0.00052602414
0.00050175902
0.00047404086
0.00044157792
0.00040433052
0.0003628383
0.00031780363
0.00027043274
0.00022336678
0.00017755827
0.00013350035
9.1632739e-05
5.4469219e-05
2.4473079e-05
3.7305714e-06
2.6183285e-07
0.00076663819
0.00072219523
0.0006585807
0.00062431943
0.00061616687
0.00062016661
0.00061810267
0.00058366915
0.00055428199
0.0005299521
0.00050531255
0.00047708147
0.00044405829
0.0004062642
0.00036423213
0.00031864043
0.00027101367
0.00022375891
0.00017781517
0.00013368498
9.1744529e-05
5.4528883e-05
2.4499812e-05
3.7373639e-06
2.6222333e-07
0.00076154619
0.00071756439
0.00065665026
0.00062646082
0.00062087042
0.00062596756
0.00062181802
0.00058771664
0.00055845278
0.00053389057
0.00050883671
0.00048008628
0.000446507
0.00040816405
0.0003655914
0.00031946057
0.00027158301
0.00022414385
0.00017806792
0.00013386763
9.1855499e-05
5.4588281e-05
2.452652e-05
3.7441907e-06
2.626177e-07
0.00075674146
0.00071340227
0.00065528545
0.00062899468
0.0006258086
0.00063184318
0.00062560259
0.00059182235
0.00056266975
0.00053783705
0.00051233659
0.00048305473
0.00044891981
0.00041002802
0.00036691974
0.00032026521
0.00027214181
0.00022452225
0.00017831692
0.00013404802
9.1965493e-05
5.4647353e-05
2.4553174e-05
3.7510445e-06
2.6301548e-07
0.00075222942
0.0007096903
0.00065448392
0.00063190513
0.00063096396
0.00063778212
0.00062947839
0.00059598224
0.00056691694
0.00054178636
0.00051581334
0.00048598755
0.00045129481
0.00041185626
0.00036821975
0.00032105522
0.00027269081
0.00022489462
0.00017856251
0.00013422614
9.2074463e-05
5.4706092e-05
2.4579777e-05
3.7579235e-06
2.6341636e-07
0.0007480206
0.0007064247
0.00065423373
0.00063517656
0.00063632009
0.00064377342
0.00063345828
0.00060019379
0.00057118295
0.00054573274
0.00051926664
0.00048888513
0.00045363169
0.00041364963
0.00036949328
0.00032183132
0.00027323058
0.00022526134
0.00017880493
0.00013440208
9.2182452e-05
5.4764533e-05
2.4606347e-05
3.7648305e-06
2.6382024e-07
0.00074412593
0.00070360473
0.00065451927
0.00063879348
0.00064186126
0.00064980634
0.000637549
0.00060445516
0.00057546016
0.00054967178
0.00052269405
0.00049174724
0.00045593095
0.00041540944
0.00037074187
0.00032259414
0.00027376159
0.00022562272
0.00017904439
0.00013457603
9.2289556e-05
5.4822735e-05
2.4632914e-05
3.7717699e-06
2.6422718e-07
0.00074055808
0.00070123325
0.00065532222
0.00064274039
0.00064757226
0.00065587025
0.00064175325
0.00060876477
0.00057974291
0.00055359854
0.00052609413
0.00049457427
0.00045819366
0.00041713659
0.00037196621
0.00032334422
0.00027428425
0.00022597902
0.00017928104
0.00013474816
9.2395887e-05
5.4880757e-05
2.4659501e-05
3.7787457e-06
2.6463727e-07
0.00073733215
0.00069931663
0.00065662229
0.00064700171
0.00065343821
0.00066195473
0.00064607101
0.00061312115
0.00058402695
0.0005575084
0.00052946498
0.0004973645
0.0004604189
0.00041883362
0.00037317024
0.00032408199
0.00027479889
0.00022633049
0.00017951507
0.00013491858
9.2501531e-05
5.4938654e-05
2.4686133e-05
3.7857625e-06
2.6505069e-07
0.00073446532
0.00069786326
0.00065839829
0.00065156169
0.00065944447
0.00066804959
0.00065050033
0.00061752298
0.00058830944
0.00056139646
0.00053280545
0.00050012498
0.00046262195
0.00042049301
0.00037424017
0.00032480436
0.00027530441
0.00022667665
0.00017974625
0.00013508746
9.2606566e-05
5.4996453e-05
2.4712817e-05
3.7928218e-06
2.6546776e-07
0.00073197579
0.00069688164
0.00066062899
0.00065640446
0.00066557657
0.00067414482
0.00065503809
0.00062196916
0.00059258864
0.00056525864
0.00053611675
0.0005028621
0.00046480406
0.00042210983
0.000375224
0.00032551087
0.00027580026
0.00022701703
0.00017997421
0.00013525494
9.2711013e-05
5.5054123e-05
2.4739533e-05
3.7999195e-06
2.6588848e-07
0.00072988166
0.00069637887
0.00066329375
0.00066151401
0.00067182017
0.00068023073
0.00065968031
0.00062645785
0.00059686161
0.0005690948
0.0005394005
0.00050557434
0.00046695543
0.00042368678
0.00037618881
0.00032620336
0.00027628697
0.00022735174
0.00018019888
0.00013542093
9.2814812e-05
5.5111597e-05
2.4766242e-05
3.8070479e-06
2.6631246e-07
0.00072819991
0.00069635964
0.00066637276
0.00066687415
0.00067816094
0.00068629767
0.00066442262
0.00063098693
0.00060112671
0.00057290527
0.00054265646
0.00050825754
0.00046907156
0.00042522799
0.00037713597
0.00032688308
0.00027676522
0.00022768114
0.00018042041
0.00013558525
9.2917856e-05
5.516881e-05
2.479291e-05
3.8141995e-06
2.6673929e-07
0.00072694565
0.00069682582
0.00066984712
0.00067246853
0.00068458456
0.00069233628
0.00066926083
0.00063555745
0.00060538116
0.00057668929
0.00054588299
0.00051090837
0.00047115166
0.00042673693
0.00037806642
0.00032755091
0.0002772356
0.00022800561
0.00018063904
0.00013574776
9.3020061e-05
5.5225723e-05
2.4819519e-05
3.8213691e-06
2.6716864e-07
0.0007261316
0.00069777633
0.00067369868
0.0006782807
0.00069107692
0.00069833795
0.00067418956
0.0006401666
0.00060962642
0.00058044635
0.00054907805
0.00051352484
0.00047319631
0.00042821612
0.00037898094
0.00032820749
0.00027769855
0.00022832547
0.00018085498
0.00013590845
9.3121401e-05
5.528233e-05
2.4846067e-05
3.8285554e-06
2.6760027e-07
0.00072576783
0.00069920731
0.00067790994
0.00068429409
0.0006976241
0.00070429466
0.00067920332
0.00064481263
0.00061386335
0.00058417585
0.00055223983
0.00051610586
0.00047520652
0.00042966749
0.00037988017
0.00032885336
0.00027815445
0.00022864099
0.00018106841
0.00013606738
9.3221907e-05
5.5338655e-05
2.4872566e-05
3.8357597e-06
2.6803412e-07
0.0007258616
0.00070111232
0.00068246376
0.00069049204
0.00070421221
0.0007101988
0.00068430009
0.00064949158
0.00061809165
0.00058787723
0.00055536713
0.00051865107
0.00047718315
0.00043109238
0.00038076469
0.00032948896
0.0002786036
0.00022895236
0.00018127949
0.00013622467
9.3321642e-05
5.5394737e-05
2.4899035e-05
3.8429848e-06
2.6847018e-07
0.00072641738
0.00070348261
0.00068734326
0.00069685779
0.00071082774
0.00071604356
0.0006894736
0.00065420364
0.00062231144
0.00059154994
0.00055845875
0.00052115971
0.00047912725
0.00043249271
0.000381635
0.00033011467
0.00027904629
0.00022925977
0.00018148834
0.00013638044
9.3420684e-05
5.5450622e-05
2.4925494e-05
3.8502342e-06
2.6890851e-07
0.00072743688
0.00070630741
0.00069253167
0.00070337464
0.00071745765
0.00072182308
0.0006947179
0.00065894894
0.00062652276
0.00059519296
0.00056151507
0.00052363674
0.00048103718
0.00043381365
0.00038248995
0.00033073025
0.00027948249
0.00022956328
0.00018169502
0.00013653477
9.3519106e-05
5.5506352e-05
2.495196e-05
3.8575115e-06
2.6934937e-07
0.00072891909
0.00070957403
0.00069801214
0.00071002576
0.00072408925
0.00072753179
0.00070002484
0.00066372629
0.00063072511
0.00059880812
0.00056454723
0.00052609966
0.00048290068
0.00043494877
0.00038332612
0.00033133427
0.00027991146
0.00022986247
0.00018189933
0.00013668775
9.3616942e-05
5.5561943e-05
2.4978439e-05
3.8648173e-06
2.6979297e-07
0.00073086046
0.00071326816
0.00070376779
0.00071679459
0.00073071045
0.00073316594
0.00070539095
0.00066853474
0.00063491953
0.00060239932
0.00056755668
0.00052853483
0.00048471829
0.00043606221
0.00038414553
0.00033192699
0.00028033307
0.00023015708
0.00018210097
0.00013683971
9.371428e-05
5.5617341e-05
2.5004902e-05
3.8721473e-06
2.7023925e-07
0.00073325497
0.00071737391
0.00070978156
0.0007236648
0.00073730988
0.00073872298
0.00071081221
0.00067337395
0.00063910824
0.00060596883
0.00057053946
0.00053093371
0.00048649406
0.00043715552
0.00038494958
0.00033250896
0.0002807474
0.00023044693
0.00018229974
0.00013697538
9.3809722e-05
5.5672493e-05
2.5031252e-05
3.8794748e-06
2.7068733e-07
0.00073609426
0.00072187401
0.00071603631
0.00073062038
0.00074387683
0.00074420144
0.00071628454
0.00067824407
0.00064329334
0.00060951674
0.00057349128
0.00053329356
0.00048823213
0.0004382296
0.00038573915
0.00033308066
0.00028115469
0.00023073205
0.00018249541
0.00013710635
9.3903199e-05
5.5727098e-05
2.5057418e-05
3.8867821e-06
2.7113613e-07
0.00073936776
0.00072674992
0.00072251481
0.00073764546
0.00075040092
0.00074959904
0.00072180448
0.00068314504
0.00064747604
0.00061304204
0.00057640932
0.00053561423
0.00048993563
0.00043928518
0.0003865149
0.00033364258
0.00028155527
0.00023101269
0.00018268813
0.00013723541
9.3995101e-05
5.5781094e-05
2.5083402e-05
3.8940714e-06
2.7158509e-07
0.00074306282
0.00073198186
0.00072919997
0.0007447252
0.00075687291
0.00075491582
0.00072736902
0.00068807733
0.00065165688
0.00061654348
0.00057929204
0.00053789645
0.00049160679
0.00044032286
0.00038727739
0.00033419512
0.00028194948
0.00023128911
0.00018287816
0.00013736287
9.4085778e-05
5.5834585e-05
2.5109256e-05
3.9013546e-06
2.7203434e-07
0.00074716486
0.00073754909
0.00073607461
0.00075184448
0.00076328484
0.00076015269
0.00073297563
0.00069304095
0.000655836
0.00062002031
0.00058213891
0.00054014095
0.0004932469
0.00044134318
0.0003880271
0.00033473866
0.00028233759
0.00023156157
0.00018306575
0.00013748895
9.4175494e-05
5.5887705e-05
2.5135034e-05
3.9086428e-06
2.7248429e-07
0.00075165757
0.00074343031
0.00074312196
0.00075898861
0.00076962939
0.00076531096
0.00073862227
0.00069803562
0.00066001328
0.00062347134
0.00058494881
0.00054234883
0.00049485837
0.00044234664
0.00038876447
0.00033527356
0.00028271991
0.00023183032
0.00018325111
0.00013761383
9.4264443e-05
5.5940562e-05
2.5160777e-05
3.9159441e-06
2.7293534e-07
0.00075652306
0.00074960348
0.00075032498
0.00076614366
0.00077590012
0.00077039226
0.00074430698
0.00070306031
0.00066418793
0.00062689807
0.00058772914
0.00054451718
0.00049636105
0.00044333171
0.00038948915
0.0003357998
0.00028309653
0.00023209551
0.00018343441
0.00013773766
9.4352774e-05
5.5993238e-05
2.5186514e-05
3.9232641e-06
2.7338798e-07
0.00076172718
0.00075602158
0.00075767441
0.00077329613
0.00078209187
0.00077539856
0.00075002809
0.00070811328
0.00066836151
0.00063031271
0.00059049908
0.00054663247
0.00049764479
0.00044429499
0.00039019974
0.00033631669
0.00028346711
0.00023235701
0.00018361563
0.00013786045
9.4440576e-05
5.6045771e-05
2.5212252e-05
3.9306046e-06
2.7384258e-07
0.00076724632
0.00076266201
0.00076515227
0.00078043331
0.00078820039
0.00078033212
0.00075578012
0.00071319281
0.00067253896
0.0006337182
0.00059324359
0.00054869503
0.00049890362
0.00044523841
0.00039089643
0.00033682407
0.00028383143
0.00023261461
0.00018379461
0.00013798211
9.4527859e-05
5.6098152e-05
2.5237978e-05
3.9379632e-06
2.7429905e-07
0.00077306123
0.00076951018
0.00077273779
0.00078754348
0.00079422235
0.0007851953
0.00076157146
0.0007183006
0.00067671784
0.00063710879
0.00059595272
0.00055070944
0.00050013913
0.00044616346
0.00039157986
0.00033732222
0.00028418954
0.00023286825
0.00018397127
0.00013810255
9.4614582e-05
5.6150345e-05
2.5263676e-05
3.9453365e-06
2.747572e-07
0.00077915285
0.00077655013
0.00078041092
0.0007946156
0.00080015309
0.00078998521
0.00076663266
0.00072343713
0.00068093335
0.00064048549
0.0005986217
0.00055267955
0.00050135232
0.00044707118
0.00039225069
0.00033781153
0.00028454166
0.00023311804
0.00018414561
0.00013822173
9.4700698e-05
5.6202317e-05
2.5289325e-05
3.9527209e-06
2.7521707e-07
0.00078550212
0.00078376482
0.00078815225
0.00080163856
0.00080598673
0.00079469811
0.00077065257
0.0007285857
0.00068523522
0.00064386497
0.0006012508
0.00055460699
0.00050254391
0.00044796231
0.00039290945
0.0003382924
0.00028488806
0.00023336412
0.0001843177
0.00013833966
9.4786156e-05
5.6254028e-05
2.5314906e-05
3.9601118e-06
2.7567858e-07
0.00079208973
0.00079113621
0.00079594253
0.00080860134
0.00081171963
0.00079933703
0.00077461168
0.00073372689
0.00068959968
0.00064725558
0.00060384603
0.00055649438
0.00050371443
0.00044883736
0.00039355653
0.0003387651
0.00028522897
0.00023360664
0.00018448761
0.00013845636
9.4870915e-05
5.6305444e-05
2.5340402e-05
3.9675055e-06
2.7614139e-07
0.00079889606
0.00079864538
0.00080376264
0.00081549378
0.00081735044
0.000803905
0.00077851346
0.00073885281
0.00069400168
0.00065065705
0.0006064124
0.00055834336
0.00050486433
0.00044969677
0.00039419225
0.00033922989
0.00028556457
0.00023384575
0.00018465543
0.00013857187
9.4954956e-05
5.6356552e-05
2.536581e-05
3.974901e-06
2.7660515e-07
0.00080590113
0.00080627269
0.00081159383
0.00082230716
0.00082288031
0.0008084056
0.00078235866
0.00074396318
0.00069842032
0.0006540584
0.00060895631
0.00056016524
0.00050599399
0.00045054089
0.00039481694
0.00033968703
0.00028589505
0.00023408159
0.00018482128
0.00013868627
9.5038303e-05
5.6407368e-05
2.5391141e-05
3.9823001e-06
2.7706993e-07
0.00081308451
0.00081399802
0.00081941779
0.00082903403
0.00082831088
0.00081284105
0.00078614769
0.00074904908
0.00070285595
0.00065749241
0.00061146296
0.00056165497
0.00050709787
0.00045136784
0.00039542982
0.00034013619
0.00028622033
0.00023431417
0.00018498519
0.0001387996
9.5120991e-05
5.6457913e-05
2.5416401e-05
3.9897036e-06
2.7753584e-07
0.00082042543
0.00082180097
0.00082721684
0.00083566826
0.00083364422
0.00081721291
0.00078988038
0.00075415239
0.00070731778
0.00066092769
0.00061391939
0.00056307676
0.0005081769
0.00045217717
0.00039603037
0.00034057699
0.00028654015
0.00023454334
0.00018514709
0.00013891184
9.5203043e-05
5.6508202e-05
2.54416e-05
3.9971131e-06
2.7800289e-07
0.00082790281
0.00082966106
0.00083497399
0.00084220431
0.00083888028
0.00082151635
0.00079354908
0.00075754834
0.00071178263
0.00066445488
0.00061635664
0.00056447063
0.00050923271
0.00045296929
0.00039661862
0.00034100926
0.00028685432
0.00023476896
0.00018530689
0.00013902294
9.5284475e-05
5.6558242e-05
2.5466733e-05
4.0045284e-06
2.784715e-07
0.00083549536
0.00083755786
0.00084267289
0.00084863693
0.00084401862
0.00082574906
0.00079715281
0.0007606403
0.0007162057
0.00066804371
0.0006187943
0.00056583756
0.00051026617
0.00045374454
0.00039719464
0.00034143294
0.00028716267
0.00023499082
0.00018546441
0.00013913274
9.5365215e-05
5.660798e-05
2.5491774e-05
4.011942e-06
2.7894087e-07
0.0008431816
0.00084547114
0.00085029782
0.0008549614
0.00084905978
0.00082991108
0.00080069226
0.00076366607
0.00072052841
0.00067167457
0.00062124718
0.00056717809
0.00051127804
0.00045450347
0.00039775881
0.00034184828
0.00028746533
0.00023520897
0.00018561964
0.00013924125
9.5445218e-05
5.66574e-05
2.5516725e-05
4.0193566e-06
2.7941084e-07
0.00085094001
0.00085338098
0.00085783381
0.00086117358
0.00085400415
0.0008339997
0.0008041609
0.00076662072
0.00072304089
0.00067477543
0.00062294811
0.00056847611
0.00051226261
0.00045524364
0.00039831012
0.00034225491
0.00028776223
0.00023542343
0.00018577263
0.0001393485
9.5524518e-05
5.6706528e-05
2.5541593e-05
4.0267745e-06
2.7988293e-07
0.00085874912
0.00086126788
0.00086526674
0.00086726968
0.00085885159
0.00083801128
0.00080755421
0.00076950017
0.00072547186
0.00067679289
0.00062456148
0.00056972582
0.00051321447
0.00045596133
0.00039884619
0.00034265143
0.00028805257
0.00023563377
0.00018592313
0.00013945432
9.560305e-05
5.6755306e-05
2.5566339e-05
4.0341863e-06
2.8035703e-07
0.00086658758
0.00086911292
0.0008725834
0.00087324621
0.00086360174
0.00084194287
0.00081087039
0.00077230453
0.00072782684
0.0006787328
0.00062610942
0.00057092678
0.00051413106
0.00045665375
0.00039936461
0.00034303602
0.00028833511
0.00023583917
0.00018607063
0.00013955841
9.5680651e-05
5.680363e-05
2.5590917e-05
4.0415849e-06
2.8083199e-07
0.00087443431
0.00087689788
0.00087977158
0.00087909932
0.00086825365
0.00084579321
0.00081410943
0.00077503523
0.0007301094
0.0006806023
0.00062759696
0.00057208071
0.00051501201
0.00045731956
0.0003998637
0.00034340705
0.00028860851
0.00023603866
0.00018621447
0.00013966035
9.5757101e-05
5.685138e-05
2.5615285e-05
4.0489617e-06
2.8130721e-07
0.00088226863
0.00088460541
0.00088682031
0.00088482569
0.00087280699
0.00084956191
0.00081727213
0.00077769369
0.00073232207
0.00068240588
0.00062902803
0.00057318975
0.00051585806
0.00045795853
0.00040034263
0.00034376345
0.0002888717
0.00023623131
0.00018635394
0.00013975967
9.5832137e-05
5.6898417e-05
2.5639384e-05
4.0563035e-06
2.8178215e-07
0.0008900704
0.00089221929
0.00089372027
0.000890424
0.00087726334
0.00085324837
0.00082035936
0.00078028109
0.00073446687
0.00068414682
0.00063040569
0.00057425589
0.0005166703
0.00045857107
0.00040080125
0.00034410468
0.00028912395
0.00023641642
0.00018648846
0.00013985591
9.590546e-05
5.6944577e-05
2.5663144e-05
4.0635935e-06
2.8225602e-07
0.00089782023
0.00089972461
0.00090046393
0.0008958934
0.00088162405
0.00085685268
0.0008233719
0.00078279845
0.00073654553
0.00068582772
0.00063173241
0.00057528088
0.00051744988
0.00045915785
0.00040123977
0.0003444306
0.00028936492
0.00023659353
0.00018661757
0.00013994872
9.597677e-05
5.698969e-05
2.568649e-05
4.0708144e-06
2.8272787e-07
0.00090549966
0.00090710797
0.00090704568
0.00090123358
0.00088589023
0.00086037531
0.00082631044
0.00078524667
0.00073855965
0.00068745079
0.00063301025
0.00057626627
0.00051819792
0.00045971964
0.00040165867
0.00034474138
0.00028959454
0.00023676243
0.00018674101
0.00014003785
9.6045799e-05
5.7033602e-05
2.5709356e-05
4.0779498e-06
2.8319675e-07
0.00091309069
0.00091435292
0.00091345487
0.00090644756
0.00089006301
0.00086381682
0.00082917557
0.00078762662
0.00074051071
0.00068901794
0.000634241
0.00057721346
0.00051891548
0.00046025724
0.00040205851
0.00034503736
0.00028981293
0.0002369231
0.0001868587
0.00014012318
9.6112347e-05
5.70762e-05
2.5731694e-05
4.0849871e-06
2.8366175e-07
0.00092057669
0.00092144989
0.00091969176
0.00091153464
0.00089414318
0.00086717787
0.00083196788
0.00078993916
0.00074240009
0.00069053086
0.00063542622
0.00057812369
0.00051960355
0.00046077146
0.00040243991
0.00034531898
0.00029002039
0.00023707571
0.00018697067
0.0001402047
9.6176298e-05
5.7117418e-05
2.5753478e-05
4.0919177e-06
2.8412214e-07
0.00092794282
0.00092839239
0.00092575932
0.00091649409
0.00089813118
0.00087045906
0.00083468798
0.00079218518
0.00074422913
0.0006919911
0.00063656734
0.00057899816
0.00052026308
0.00046126307
0.00040280353
0.00034558676
0.00029021727
0.00023722047
0.00018707708
0.00014028249
9.6237618e-05
5.7157238e-05
2.5774703e-05
4.0987372e-06
2.8457738e-07
0.00093517612
0.00093517514
0.00093165836
0.00092132372
0.00090202853
0.00087366106
0.00083733646
0.0007943656
0.00074599911
0.00069340008
0.00063766568
0.00057983793
0.00052089496
0.00046173283
0.00040314999
0.00034584122
0.000290404
0.00023735772
0.00018717814
0.00014035668
9.6296344e-05
5.7195684e-05
2.5795379e-05
4.1054449e-06
2.8502711e-07
0.00094226551
0.00094179417
0.00093739227
0.00092602565
0.00090583466
0.00087678442
0.000839914
0.00079648136
0.00074771127
0.00069475915
0.00063872246
0.00058064406
0.00052150005
0.00046218148
0.00040347993
0.0003460829
0.00029058103
0.0002374878
0.0001872741
0.00014042747
9.6352571e-05
5.7232811e-05
2.581553e-05
4.1120427e-06
2.8547116e-07
0.00094920175
0.00094824672
0.00094296488
0.0009306026
0.000909549
0.00087982958
0.00084242127
0.00079853341
0.00074936681
0.00069606956
0.00063973884
0.00058141751
0.00052207918
0.00046260972
0.00040379399
0.00034631235
0.00029074881
0.00023761108
0.00018736527
0.00014049504
9.640643e-05
5.7268696e-05
2.5835185e-05
4.1185341e-06
2.8590948e-07
0.00095597736
0.00095453106
0.0009483799
0.00093505705
0.0009131714
0.00088279694
0.00084485897
0.00080052273
0.00075096691
0.00069733253
0.00064071591
0.00058215922
0.00052263313
0.00046301825
0.00040409275
0.0003465301
0.0002909078
0.00023772793
0.00018745193
0.00014055963
9.6458076e-05
5.7303425e-05
2.585438e-05
4.124924e-06
2.8634212e-07
0.00096258653
0.00096064642
0.00095364083
0.00093939128
0.00091670202
0.00088568694
0.00084722782
0.00080245032
0.00075251273
0.00069854923
0.00064165472
0.0005828701
0.00052316269
0.00046340771
0.0004043768
0.00034673665
0.00029105844
0.00023783874
0.00018753437
0.00014062144
9.6507672e-05
5.7337087e-05
2.5873148e-05
4.1312174e-06
2.8676922e-07
0.00096902496
0.00096659277
0.00095875103
0.00094360746
0.00092014127
0.00088850004
0.00084952859
0.00080431718
0.00075400541
0.00069972078
0.0006425563
0.00058355101
0.00052366857
0.00046377875
0.00040464671
0.00034693251
0.00029120116
0.00023794385
0.00018761288
0.00014068068
9.655538e-05
5.7369769e-05
2.5891522e-05
4.1374195e-06
2.8719094e-07
0.0009752897
0.00097237077
0.00096371374
0.00094770766
0.00092348973
0.00089123678
0.00085176205
0.00080612432
0.00075544608
0.00070084828
0.00064342162
0.00058420279
0.00052415151
0.00046413199
0.00040490301
0.00034711814
0.00029133636
0.00023804359
0.00018768772
0.00014073754
9.6601355e-05
5.7401554e-05
2.5909532e-05
4.1435351e-06
2.8760745e-07
0.00098137905
0.0009779816
0.00096853205
0.00095169389
0.00092674815
0.00089389778
0.00085392903
0.00080787277
0.00075683583
0.0007019328
0.00064425164
0.00058482627
0.00052461219
0.00046446802
0.00040514622
0.00034729399
0.00029146444
0.0002381383
0.00018775913
0.0001407922
9.664574e-05
5.7432514e-05
2.5927203e-05
4.1495686e-06
2.8801893e-07
0.00098729234
0.00098342693
0.00097320897
0.00095556812
0.00092991739
0.00089648372
0.00085603039
0.00080956356
0.00075817578
0.00070297539
0.00064504728
0.00058542224
0.00052505129
0.00046478743
0.00040537684
0.0003474605
0.00029158575
0.00023822826
0.00018782736
0.00014084481
9.6688666e-05
5.7462717e-05
2.594456e-05
4.1555239e-06
2.8842557e-07
0.00099302984
0.00098870883
0.00097774743
0.00095933227
0.00093299839
0.00089899538
0.00085806704
0.00081119774
0.000759467
0.00070397708
0.00064580947
0.00058599147
0.00052546946
0.00046509076
0.00040559535
0.00034761808
0.00029170063
0.00023831375
0.00018789259
0.00014089553
9.6730246e-05
5.749222e-05
2.5961623e-05
4.1614046e-06
2.8882753e-07
0.0009985926
0.00099382966
0.00098215031
0.00096298825
0.00093599221
0.00090143359
0.00086003991
0.00081277635
0.00076071057
0.00070493887
0.00064653908
0.00058653471
0.00052586735
0.00046537855
0.00040580219
0.00034776709
0.0002918094
0.00023839502
0.00018795502
0.00014094448
9.6770583e-05
5.7521073e-05
2.5978409e-05
4.1672137e-06
2.8922496e-07
0.0010039823
0.00099879207
0.00098642043
0.00096653797
0.00093889995
0.00090379926
0.00086194998
0.00081430046
0.00076190756
0.00070586175
0.00064723699
0.00058705272
0.00052624556
0.00046565132
0.00040599781
0.00034790792
0.00029191235
0.00023847229
0.00018801482
0.00014099177
9.6809765e-05
5.7549317e-05
2.5994931e-05
4.1729538e-06
2.8961799e-07
0.0010092013
0.0010035989
0.00099056057
0.0009699833
0.0009417228
0.00090609337
0.00086379826
0.00081577115
0.00076305904
0.00070674671
0.00064790405
0.0005875462
0.0005266047
0.00046590958
0.00040618263
0.00034804089
0.00029200977
0.00023854579
0.00018807214
0.00014103751
9.6847868e-05
5.7576988e-05
2.6011202e-05
4.1786271e-06
2.9000675e-07
0.0010142521
0.0010082532
0.00099457351
0.00097332614
0.00094446199
0.00090831694
0.00086558578
0.00081718948
0.00076416604
0.00070759471
0.00064854109
0.00058801588
0.00052694537
0.00046615382
0.00040635704
0.00034816634
0.0002921019
0.00023861569
0.00018812711
0.00014108177
9.6884957e-05
5.7604117e-05
2.6027233e-05
4.1842355e-06
2.9039132e-07
0.0010191379
0.0010127582
0.00099846197
0.00097656839
0.0009471188
0.00091047105
0.00086731364
0.00081855656
0.00076522963
0.00070840669
0.00064914896
0.00058846244
0.00052726814
0.0004663845
0.00040652143
0.00034828458
0.00029218899
0.00023868219
0.00018817986
0.00014112465
9.6921092e-05
5.7630731e-05
2.6043033e-05
4.1897806e-06
2.9077181e-07
0.0010238621
0.0010171171
0.0010022287
0.00097971193
0.00094969457
0.00091255681
0.00086898291
0.00081987346
0.00076625083
0.00070918361
0.00064972845
0.00058888657
0.00052757357
0.0004666021
0.00040667618
0.00034839589
0.00029227125
0.00023874543
0.0001882305
0.00014116619
9.6956323e-05
5.7656854e-05
2.6058607e-05
4.1952639e-06
2.911483e-07
0.0010284282
0.0010213333
0.0010058764
0.00098275867
0.00095219066
0.00091457539
0.00087059471
0.00082114128
0.0007672307
0.00070992637
0.00065028036
0.00058928893
0.00052786221
0.00046680704
0.00040682163
0.00034850056
0.00029234891
0.00023880558
0.00018827912
0.00014120648
9.6990692e-05
5.7682503e-05
2.6073964e-05
4.2006865e-06
2.9152084e-07
0.0010328399
0.0010254102
0.0010094077
0.00098571052
0.00095460847
0.00091652799
0.0008721502
0.00082236113
0.00076817024
0.00071063592
0.00065080549
0.00058967019
0.00052813461
0.00046699978
0.00040695813
0.00034859885
0.00029242215
0.00023886277
0.00018832583
0.00014124556
9.7024237e-05
5.7707696e-05
2.6089109e-05
4.2060494e-06
2.9188951e-07
0.0010371011
0.0010293512
0.0010128254
0.0009885694
0.00095694943
0.00091841582
0.00087365051
0.00082353411
0.00076907049
0.00071131314
0.00065130462
0.000590031
0.00052839129
0.00046718072
0.00040708602
0.00034869101
0.00029249116
0.00023891713
0.0001883707
0.00014128349
9.7056991e-05
5.7732447e-05
2.6104045e-05
4.2113537e-06
2.9225435e-07
0.0010412157
0.0010331598
0.0010161321
0.00099133722
0.00095921501
0.00092024015
0.00087509681
0.00082466132
0.00076993245
0.00071195894
0.0006517785
0.00059037198
0.00052863277
0.00046735029
0.00040720561
0.00034877729
0.00029255611
0.00023896878
0.00018841381
0.0001413203
9.7088986e-05
5.775677e-05
2.6118779e-05
4.2166002e-06
2.9261541e-07
0.0010451877
0.0010368395
0.0010193304
0.00099401593
0.00096140667
0.00092200223
0.0008764903
0.00082574387
0.00077075715
0.00071257421
0.00065222791
0.00059069378
0.00052885956
0.00046750889
0.00040731722
0.00034885792
0.00029261718
0.00023901783
0.00018845524
0.00014135604
9.7120247e-05
5.7780676e-05
2.6133314e-05
4.2217896e-06
2.9297273e-07
0.0010490212
0.0010403937
0.0010224231
0.00099660745
0.00096352593
0.00092370336
0.00087783214
0.00082678285
0.00077154556
0.00071315983
0.00065265357
0.000590997
0.00052907216
0.00046765691
0.00040742114
0.00034893311
0.00029267452
0.0002390644
0.00018849505
0.00014139075
9.71508e-05
5.7804177e-05
2.6147653e-05
4.2269227e-06
2.9332636e-07
0.00105272
0.0010438259
0.0010254126
0.00099911371
0.0009655743
0.00092534485
0.00087912352
0.00082777936
0.0007722987
0.00071371665
0.00065305624
0.00059128226
0.00052927106
0.00046779474
0.00040751768
0.0003490031
0.00029272829
0.00023910857
0.0001885333
0.00014142447
9.7180668e-05
5.7827282e-05
2.6161801e-05
4.2320001e-06
2.9367632e-07
0.0010562882
0.0010471394
0.0010283017
0.0010015367
0.0009675533
0.00092692799
0.00088036566
0.0008287345
0.00077301753
0.00071424555
0.00065343664
0.00059155016
0.00052945674
0.00046792275
0.00040760711
0.00034906808
0.00029277863
0.00023915046
0.00018857005
0.00014145723
9.7209873e-05
5.7850003e-05
2.617576e-05
4.2370226e-06
2.9402265e-07
0.0010597296
0.0010503377
0.0010310929
0.0010038782
0.00096946447
0.00092845413
0.00088155973
0.00082964936
0.00077370304
0.00071474737
0.00065379548
0.00059180129
0.00052962967
0.00046804131
0.00040768972
0.00034912827
0.00029282568
0.00023919016
0.00018860537
0.00014148906
9.7238435e-05
5.7872347e-05
2.6189534e-05
4.2419906e-06
2.9436538e-07
0.0010630482
0.001053424
0.0010337887
0.0010061403
0.00097130935
0.00092992458
0.00088270694
0.00083052502
0.00077435618
0.00071522294
0.00065413348
0.00059203622
0.00052979032
0.00046815079
0.00040776578
0.00034918386
0.00029286958
0.00023922775
0.00018863932
0.00014152
9.7266374e-05
5.7894324e-05
2.6203127e-05
4.2469049e-06
2.9470455e-07
0.0010662477
0.0010564016
0.0010363918
0.0010083249
0.00097308948
0.00093134067
0.00088380847
0.00083136256
0.00077497793
0.0007156731
0.00065445133
0.00059225554
0.00052993915
0.00046825154
0.00040783556
0.00034923503
0.00029291047
0.00023926332
0.00018867193
0.00014155007
9.729371e-05
5.7915943e-05
2.6216541e-05
4.2517662e-06
2.9504019e-07
0.0010693319
0.0010592738
0.0010389045
0.0010104339
0.00097480642
0.00093270374
0.00088486552
0.00083216304
0.00077556922
0.00071609867
0.00065474972
0.0005924598
0.00053007661
0.0004683439
0.00040789931
0.00034928199
0.00029294848
0.00023929697
0.00018870328
0.00014157932
9.7320463e-05
5.7937213e-05
2.622978e-05
4.256575e-06
2.9537232e-07
0.0010723044
0.0010620437
0.0010413293
0.0010124692
0.0009764617
0.0009340151
0.00088587926
0.00083292753
0.00077613098
0.00071650045
0.00065502933
0.00059264956
0.00053020313
0.00046842822
0.0004079573
0.00034932492
0.00029298373
0.00023932877
0.0001887334
0.00014160777
9.7346649e-05
5.7958143e-05
2.6242848e-05
4.2613321e-06
2.9570099e-07
0.0010751689
0.0010647144
0.0010436687
0.0010144326
0.00097805686
0.00093527609
0.00088685088
0.00083365707
0.00077666415
0.00071687923
0.00065529083
0.00059282537
0.00053031916
0.00046850484
0.00040800976
0.00034936399
0.00029301635
0.0002393588
0.00018876235
0.00014163544
9.7372289e-05
5.7978742e-05
2.6255747e-05
4.2660381e-06
2.9602623e-07
0.0010779288
0.0010672889
0.0010459251
0.0010163261
0.00097959344
0.00093648802
0.00088778154
0.00083435271
0.00077716964
0.00071723581
0.00065553488
0.00059298776
0.00053042511
0.00046857407
0.00040805695
0.00034939938
0.00029304645
0.00023938715
0.00018879019
0.00014166238
9.7397399e-05
5.7999018e-05
2.6268481e-05
4.2706937e-06
2.9634806e-07
0.0010805875
0.0010697703
0.0010481008
0.0010181516
0.00098107297
0.0009376522
0.0008886724
0.00083501547
0.00077764834
0.00071757095
0.00065576211
0.00059313726
0.00053052141
0.00046863625
0.00040809911
0.00034943126
0.00029307416
0.00023941389
0.00018881696
0.0001416886
9.7422002e-05
5.8018982e-05
2.6281054e-05
4.2752997e-06
2.9666654e-07
0.0010831484
0.0010721614
0.0010501983
0.0010199108
0.00098249695
0.00093876993
0.00088952461
0.00083564636
0.00077810115
0.00071788543
0.00065597318
0.0005932744
0.00053060846
0.00046869169
0.00040813647
0.0003494598
0.0002930996
0.0002394391
0.0001888427
0.00014171414
9.7446111e-05
5.803864e-05
2.629347e-05
4.2798568e-06
2.9698169e-07
0.0010856146
0.0010744651
0.0010522196
0.0010216056
0.00098386689
0.00093984252
0.0008903393
0.00083624641
0.00077852894
0.00071817997
0.0006561687
0.00059339967
0.00053068668
0.00046874069
0.00040816926
0.00034948518
0.00029312288
0.00023946286
0.00018886748
0.00014173902
9.7469747e-05
5.8058004e-05
2.6305731e-05
4.2843657e-06
2.9729355e-07
0.0010879894
0.0010766841
0.0010541672
0.0010232378
0.00098518428
0.00094087122
0.00089111761
0.00083681659
0.00077893258
0.00071845534
0.0006563493
0.00059351358
0.00053075645
0.00046878357
0.00040819771
0.00034950754
0.00029314411
0.00023948525
0.00018889133
0.00014176328
9.7492926e-05
5.807708e-05
2.6317841e-05
4.2888272e-06
2.9760217e-07
0.0010902758
0.0010788211
0.0010560431
0.0010248091
0.0009864506
0.00094185733
0.00089186064
0.00083735788
0.00077931292
0.00071871224
0.00065651556
0.00059361662
0.00053081816
0.00046882061
0.00040822203
0.00034952705
0.0002931634
0.00023950633
0.0001889143
0.00014178695
9.751567e-05
5.8095881e-05
2.6329805e-05
4.293242e-06
2.9790758e-07
0.0010924768
0.0010808789
0.0010578497
0.0010263214
0.0009876673
0.00094280208
0.00089256949
0.00083787124
0.00077967078
0.00071895139
0.00065666809
0.00059370926
0.00053087218
0.00046885211
0.00040824245
0.00034954387
0.00029318087
0.00023952618
0.00018893644
0.00014181004
9.7537993e-05
5.8114413e-05
2.6341625e-05
4.2976112e-06
2.9820984e-07
0.0010945952
0.0010828599
0.0010595889
0.0010277764
0.00098883584
0.00094370672
0.00089324524
0.00083835763
0.000780007
0.00071917348
0.00065680747
0.00059379198
0.0005309189
0.00046887835
0.00040825918
0.00034955815
0.00029319661
0.00023954487
0.00018895779
0.0001418326
9.7559915e-05
5.8132687e-05
2.6353306e-05
4.3019353e-06
2.9850897e-07
0.001096634
0.0010847667
0.0010612629
0.0010291757
0.00098995762
0.00094457247
0.00089388897
0.00083881798
0.00078032238
0.00071937921
0.00065693425
0.00059386524
0.00053095867
0.00046889962
0.00040827242
0.00034957003
0.00029321073
0.00023956247
0.0001889784
0.00014185463
9.7581454e-05
5.815071e-05
2.6364851e-05
4.3062154e-06
2.9880504e-07
0.0010985957
0.0010866018
0.0010628737
0.001030521
0.00099103406
0.00094540053
0.00089450172
0.0008392532
0.00078061771
0.00071956925
0.00065704901
0.00059392948
0.00053099185
0.00046891618
0.00040828237
0.00034957966
0.00029322334
0.00023957905
0.00018899832
0.00014187619
9.760263e-05
5.8168495e-05
2.6376264e-05
4.3104521e-06
2.9909808e-07
0.001100483
0.0010883674
0.0010644234
0.001031814
0.00099206653
0.0009461921
0.00089508453
0.00083966421
0.00078089376
0.00071974424
0.00065715228
0.00059398516
0.00053101878
0.00046892829
0.00040828923
0.00034958719
0.00029323452
0.00023959467
0.00018901758
0.00014189728
9.7623455e-05
5.8186047e-05
2.6387549e-05
4.3146465e-06
2.9938815e-07
0.0011022986
0.001090066
0.0010659137
0.0010330563
0.00099305641
0.00094694836
0.00089563842
0.00084005187
0.00078115131
0.00071990484
0.00065724459
0.00059403268
0.0005310398
0.00046893622
0.0004082932
0.00034959276
0.00029324439
0.0002396094
0.00018903623
0.00014191794
9.7643949e-05
5.8203376e-05
2.639871e-05
4.3187993e-06
2.996753e-07
0.0011040448
0.0010916997
0.0010673468
0.0010342495
0.00099400503
0.00094767044
0.0008961644
0.00084041707
0.00078139109
0.00072005167
0.00065732647
0.00059407248
0.00053105524
0.00046894021
0.00040829446
0.00034959649
0.00029325302
0.0002396233
0.0001890543
0.00014193819
9.7664129e-05
5.8220491e-05
2.6409749e-05
4.3229115e-06
2.9995956e-07
0.0011057242
0.0010932708
0.0010687243
0.0010353951
0.00099491371
0.00094835949
0.00089666344
0.00084076066
0.00078161384
0.00072018535
0.00065739842
0.00059410496
0.00053106542
0.00046894052
0.0004082932
0.00034959852
0.00029326053
0.00023963644
0.00018907185
0.00014195806
9.7684014e-05
5.8237402e-05
2.6420671e-05
4.3269839e-06
3.00241e-07
0.001107339
0.0010947814
0.0010700482
0.0010364947
0.00099578374
0.00094901661
0.00089713651
0.00084108346
0.00078182027
0.00072030648
0.00065746093
0.00059413052
0.00053107065
0.00046893738
0.00040828958
0.00034959898
0.00029326699
0.00023964888
0.00018908891
0.00014197757
9.7703616e-05
5.8254117e-05
2.643148e-05
4.3310174e-06
3.0051967e-07
0.0011088915
0.0010962336
0.0010713202
0.0010375497
0.00099661641
0.00094964291
0.00089758456
0.00084138631
0.00078201108
0.00072041564
0.00065751449
0.00059414955
0.00053107123
0.00046893101
0.00040828379
0.000349598
0.00029327249
0.00023966067
0.00018910552
0.00014199674
9.7722955e-05
5.8270644e-05
2.6442179e-05
4.335013e-06
3.0079562e-07
0.001110384
0.0010976294
0.0010725421
0.0010385617
0.00099741295
0.00095023946
0.00089800852
0.00084166999
0.00078218694
0.0007205134
0.00065755956
0.00059416241
0.00053106746
0.00046892166
0.00040827599
0.00034959568
0.00029327712
0.00023967187
0.00018912171
0.00014201561
9.7742045e-05
5.8286991e-05
2.6452771e-05
4.3389714e-06
3.010689e-07
0.0011118185
0.0010989707
0.0010737155
0.0010395321
0.00099817459
0.00095080731
0.00089840929
0.00084193529
0.00078234854
0.00072060033
0.0006575966
0.00059416948
0.00053105963
0.00046890953
0.00040826634
0.00034959216
0.00029328096
0.00023968255
0.00018913752
0.00014203418
9.7760901e-05
5.8303167e-05
2.6463261e-05
4.3428936e-06
3.0133956e-07
0.0011131971
0.0011002595
0.0010748422
0.0010404622
0.00099890253
0.00095134748
0.00089878777
0.00084218297
0.0007824965
0.00072067695
0.00065762605
0.00059417112
0.000531048
0.00046889483
0.000408255
0.00034958754
0.00029328408
0.00023969274
0.00018915299
0.0001420525
9.7779539e-05
5.8319181e-05
2.6473651e-05
4.3467806e-06
3.0160767e-07
0.0011145218
0.0011014976
0.0010759236
0.0010413536
0.00099959795
0.000951861
0.00089914483
0.00084241379
0.00078263147
0.00072074381
0.00065764835
0.00059416766
0.00053103286
0.00046887778
0.00040824211
0.00034958194
0.00029328657
0.00023970252
0.00018916816
0.00014207056
9.7797973e-05
5.8335038e-05
2.6483946e-05
4.3506331e-06
3.0187326e-07
0.0011157945
0.0011026868
0.0010769614
0.0010422074
0.001000262
0.00095234885
0.00089948131
0.00084262846
0.00078275406
0.00072080141
0.00065766391
0.00059415943
0.00053101446
0.00046885856
0.00040822784
0.00034957545
0.0002932885
0.00023971191
0.00018918304
0.00014208841
9.7816217e-05
5.8350747e-05
2.6494148e-05
4.3544521e-06
3.0213641e-07
0.0011170172
0.0011038288
0.0010779571
0.001043025
0.0010008958
0.00095281199
0.00089979805
0.0008428277
0.00078286487
0.00072085024
0.00065767313
0.00059414677
0.00053099304
0.00046883738
0.00040821232
0.00034956819
0.00029328994
0.00023972098
0.00018919769
0.00014210605
9.7834286e-05
5.8366318e-05
2.6504261e-05
4.3582383e-06
3.0239715e-07
0.0011181917
0.0011049253
0.0010789123
0.0010438077
0.0010015004
0.00095325137
0.00090009586
0.0008430122
0.00078296449
0.0007208908
0.00065767642
0.00059412998
0.00053096886
0.0004688144
0.00040819567
0.00034956024
0.00029329096
0.00023972977
0.00018921212
0.0001421235
9.7852192e-05
5.8381755e-05
2.6514288e-05
4.3619928e-06
3.0265556e-07
0.0011193197
0.001105978
0.0010798282
0.0010445567
0.001002077
0.00095366792
0.00090037553
0.00084318264
0.00078305347
0.00072092354
0.00065767414
0.00059410937
0.00053094215
0.00046878981
0.00040817805
0.0003495517
0.00029329162
0.00023973832
0.00018922636
0.00014214079
9.7869949e-05
5.8397066e-05
2.6524232e-05
4.3657163e-06
3.0291167e-07
0.0011204029
0.0011069885
0.0010807065
0.0010452733
0.0010026265
0.00095406253
0.00090063783
0.00084333966
0.00078313237
0.00072094893
0.00065766666
0.00059408522
0.00053091313
0.00046876379
0.00040815956
0.00034954267
0.00029329199
0.00023974668
0.00018924045
0.00014215794
9.7887567e-05
5.8412257e-05
2.6534096e-05
4.3694097e-06
3.0316554e-07
0.001121443
0.0011079584
0.0010815483
0.0010459587
0.00100315
0.00095443608
0.00090088351
0.00084348391
0.00078320173
0.0007209674
0.00065765435
0.00059405781
0.00053088202
0.00046873648
0.00040814034
0.00034953323
0.00029329213
0.00023975488
0.00018925441
0.00014217495
9.7905061e-05
5.8427336e-05
2.6543884e-05
4.3730738e-06
3.0341723e-07
0.0011224417
0.001108889
0.0010823552
0.001046614
0.0010036486
0.00095478943
0.00090111331
0.000843616
0.00078326205
0.00072097938
0.00065763753
0.00059402742
0.00053084902
0.00046870806
0.00040812049
0.00034952346
0.0002932921
0.00023976298
0.00018926827
0.00014219185
9.792244e-05
5.8442309e-05
2.6553597e-05
4.3767095e-06
3.0366679e-07
0.0011234003
0.001109782
0.0010831283
0.0010472403
0.001004123
0.00095512341
0.00090132793
0.00084373654
0.00078331384
0.00072098527
0.00065761655
0.00059399431
0.00053081434
0.00046867867
0.00040810013
0.00034951344
0.00029329194
0.000239771
0.00018928205
0.00014220865
9.7939716e-05
5.8457181e-05
2.656324e-05
4.3803175e-06
3.0391428e-07
0.0011243206
0.0011106386
0.0010838689
0.0010478387
0.0010045745
0.00095543884
0.00090152807
0.00084384611
0.00078335759
0.00072098548
0.00065759172
0.00059395872
0.00053077818
0.00046864845
0.00040807936
0.00034950325
0.00029329172
0.00023977897
0.00018929577
0.00014222537
9.7956898e-05
5.8471959e-05
2.6572815e-05
4.3838987e-06
3.0415973e-07
0.0011252038
0.0011114603
0.0010845783
0.0010484104
0.0010050037
0.00095573651
0.00090171439
0.00084394527
0.00078339377
0.00072098039
0.00065756335
0.00059392089
0.0005307407
0.00046861755
0.00040805829
0.00034949296
0.00029329148
0.00023978695
0.00018930947
0.00014224202
9.7974e-05
5.8486649e-05
2.6582324e-05
4.3874538e-06
3.0440322e-07
0.0011260515
0.0011122484
0.0010852576
0.0010489563
0.0010054117
0.00095601718
0.00090188756
0.00084403457
0.00078342282
0.00072097036
0.00065753173
0.00059388107
0.0005307021
0.0004685861
0.00040803701
0.00034948263
0.00029329127
0.00023979494
0.00018932315
0.00014225861
9.7991027e-05
5.8501255e-05
2.659177e-05
4.3909837e-06
3.0464478e-07
0.001126865
0.0011130043
0.0010859081
0.0010494775
0.0010057993
0.0009562816
0.0009020482
0.00084411455
0.00078344518
0.00072095575
0.00065749714
0.00059383946
0.00053066254
0.00046855421
0.00040801561
0.00034947234
0.00029329114
0.000239803
0.00018933683
0.00014227517
9.800799e-05
5.8515784e-05
2.6601156e-05
4.394489e-06
3.0488447e-07
0.0011276457
0.001113729
0.0010865308
0.001049975
0.0010061673
0.0009565305
0.00090219693
0.00084418571
0.00078346128
0.0007209369
0.00065745985
0.00059379628
0.00053062217
0.00046852202
0.00040799417
0.00034946214
0.00029329113
0.00023981114
0.00018935055
0.00014229169
9.8024899e-05
5.853024e-05
2.6610485e-05
4.3979705e-06
3.0512234e-07
0.0011283947
0.001114424
0.0010871268
0.0010504497
0.0010065166
0.00095676458
0.00090233433
0.00084424854
0.00078347153
0.00072091415
0.00065742014
0.00059375172
0.00053058116
0.00046848963
0.00040797279
0.00034945209
0.00029329127
0.00023981939
0.00018936431
0.0001423082
9.8041761e-05
5.8544628e-05
2.6619757e-05
4.4014289e-06
3.0535843e-07
0.0011291135
0.0011150902
0.0010876972
0.0010509025
0.0010068481
0.00095698452
0.000902461
0.00084430354
0.00078347632
0.0007208878
0.00065737824
0.000593706
0.00053053965
0.00046845715
0.00040795154
0.00034944225
0.00029329161
0.00023982778
0.00018937813
0.00014232469
9.8058582e-05
5.8558952e-05
2.6628976e-05
4.404865e-06
3.055928e-07
0.0011298031
0.001115729
0.001088243
0.0010513343
0.0010071623
0.00095719099
0.00090257748
0.00084435116
0.00078347601
0.00072085817
0.00065733439
0.00059365928
0.00053049778
0.00046842469
0.00040793049
0.00034943267
0.00029329218
0.00023983633
0.00018939203
0.0001423412
9.8075372e-05
5.8573217e-05
2.6638145e-05
4.4082794e-06
3.0582549e-07
0.0011304647
0.0011163413
0.0010887653
0.0010517461
0.0010074602
0.00095738463
0.00090268431
0.00084439184
0.00078347099
0.00072082553
0.00065728883
0.00059361174
0.00053045567
0.00046839233
0.00040790971
0.00034942339
0.00029329302
0.00023984506
0.00018940603
0.00014235771
9.8092136e-05
5.8587427e-05
2.6647264e-05
4.4116728e-06
3.0605655e-07
0.0011310995
0.0011169283
0.0010892649
0.0010521387
0.0010077425
0.00095756605
0.00090278201
0.00084442602
0.00078346159
0.00072079018
0.00065724177
0.00059356355
0.00053041346
0.00046836019
0.00040788927
0.00034941447
0.00029329415
0.000239854
0.00018942013
0.00014237425
9.8108884e-05
5.8601588e-05
2.6656336e-05
4.4150459e-06
3.0628602e-07
0.0011317085
0.001117491
0.0010897428
0.0010525128
0.0010080098
0.00095773586
0.00090287109
0.00084445411
0.00078344815
0.00072075237
0.00065719341
0.00059351487
0.00053037127
0.00046832833
0.00040786923
0.00034940594
0.00029329561
0.00023986316
0.00018943435
0.00014239082
9.8125619e-05
5.86157e-05
2.6665364e-05
4.4183992e-06
3.0651396e-07
0.0011322929
0.0011180303
0.0010902
0.0010528693
0.0010082629
0.00095789465
0.00090295203
0.0008444765
0.000783431
0.00072071236
0.00065714396
0.00059346585
0.0005303292
0.00046829684
0.00040784964
0.00034939785
0.00029329742
0.00023987256
0.0001894487
0.00014240742
9.8142347e-05
5.8629769e-05
2.6674349e-05
4.4217335e-06
3.0674039e-07
0.0011328536
0.0011185473
0.0010906373
0.001053209
0.0010085023
0.00095804296
0.00090302528
0.00084449358
0.00078341043
0.00072067039
0.00065709361
0.00059341663
0.00053028735
0.0004682658
0.00040783057
0.00034939023
0.00029329961
0.00023988222
0.00018946319
0.00014242408
9.8159075e-05
5.8643799e-05
2.6683292e-05
4.4250494e-06
3.0696538e-07
0.0011333916
0.001119043
0.0010910555
0.0010535326
0.0010087288
0.00095818134
0.00090309132
0.00084450572
0.00078338675
0.0007206267
0.00065704252
0.00059336735
0.00053024585
0.00046823528
0.00040781205
0.00034938312
0.00029330219
0.00023989216
0.00018947784
0.00014244078
9.8175808e-05
5.8657792e-05
2.6692196e-05
4.4283474e-06
3.0718895e-07
0.0011339079
0.0011195181
0.0010914556
0.0010538408
0.001008943
0.00095831032
0.00090315055
0.00084451326
0.00078336024
0.00072058151
0.00065699089
0.00059331813
0.00053020476
0.00046820534
0.00040779415
0.00034937654
0.0002933052
0.00023990238
0.00018949265
0.00014245755
9.8192548e-05
5.867175e-05
2.6701063e-05
4.431628e-06
3.0741115e-07
0.0011344034
0.0011199736
0.0010918382
0.0010541344
0.0010091455
0.00095843039
0.00090320341
0.00084451655
0.00078333116
0.00072053502
0.00065693885
0.0005932691
0.00053016419
0.00046817606
0.00040777689
0.00034937054
0.00029330866
0.00023991291
0.00018950763
0.00014247438
9.8209302e-05
5.8685678e-05
2.6709893e-05
4.434892e-06
3.0763203e-07
0.001134879
0.0011204103
0.0010922041
0.0010544139
0.0010093368
0.00095854204
0.00090325029
0.00084451591
0.00078329977
0.00072048744
0.00065688657
0.00059322036
0.00053012421
0.00046814748
0.00040776033
0.00034936513
0.00029331257
0.00023992375
0.00018952279
0.00014249129
9.8226073e-05
5.8699578e-05
2.6718689e-05
4.4381398e-06
3.0785161e-07
0.0011353356
0.0011208291
0.0010925541
0.0010546801
0.0010095175
0.00095864574
0.00090329158
0.00084451164
0.00078326631
0.00072043896
0.00065683419
0.00059317203
0.0005300849
0.00046811966
0.00040774449
0.00034936035
0.00029331695
0.00023993491
0.00018953813
0.00014250826
9.8242867e-05
5.8713453e-05
2.6727452e-05
4.4413719e-06
3.0806994e-07
0.0011357739
0.0011212308
0.001092889
0.0010549336
0.0010096881
0.00095874193
0.00090332764
0.00084450405
0.00078323103
0.00072038975
0.00065678185
0.0005931242
0.00053004634
0.00046809265
0.00040772942
0.0003493562
0.00029332183
0.00023994641
0.00018955367
0.00014252532
9.8259685e-05
5.8727304e-05
2.6736183e-05
4.4445889e-06
3.0828706e-07
0.0011361948
0.001121616
0.0010932093
0.001055175
0.0010098492
0.00095883106
0.00090335882
0.00084449341
0.00078319413
0.00072033999
0.00065672967
0.00059307697
0.00053000858
0.00046806651
0.00040771514
0.00034935273
0.00029332722
0.00023995825
0.00018956941
0.00014254247
9.8276531e-05
5.8741135e-05
2.6744884e-05
4.4477912e-06
3.08503e-07
0.0011365991
0.0011219856
0.0010935158
0.0010554049
0.0010100012
0.00095891352
0.00090338546
0.00084448
0.00078315584
0.00072028983
0.00065667778
0.00059303043
0.0005299717
0.00046804126
0.00040770169
0.00034934993
0.00029333312
0.00023997044
0.00018958535
0.0001425597
9.8293408e-05
5.8754947e-05
2.6753556e-05
4.4509794e-06
3.087178e-07
0.0011369875
0.0011223402
0.0010938091
0.0010556238
0.0010101447
0.00095898972
0.00090340789
0.00084446407
0.00078311635
0.00072023944
0.00065662628
0.00059298466
0.00052993576
0.00046801696
0.00040768909
0.00034934784
0.00029333955
0.00023998299
0.0001896015
0.00014257703
9.8310319e-05
5.8768743e-05
2.67622e-05
4.4541538e-06
3.0893149e-07
0.0011373608
0.0011226806
0.0010940899
0.0010558323
0.0010102801
0.00095906005
0.00090342641
0.00084444586
0.00078307585
0.00072018895
0.00065657529
0.00059293973
0.00052990079
0.00046799363
0.00040767736
0.00034934646
0.00029334651
0.00023999591
0.00018961786
0.00014259445
9.8327266e-05
5.8782523e-05
2.6770818e-05
4.4573151e-06
3.0914411e-07
0.0011377196
0.0011230073
0.0010943586
0.0010560309
0.0010104078
0.00095912485
0.00090344132
0.00084442561
0.00078303453
0.0007201385
0.0006565249
0.00059289572
0.00052986686
0.00046797131
0.00040766653
0.00034934581
0.00029335403
0.00024000919
0.00018963444
0.00014261197
9.8344251e-05
5.8796291e-05
2.677941e-05
4.4604635e-06
3.0935568e-07
0.0011380645
0.0011233212
0.001094616
0.0010562201
0.0010105283
0.00095918449
0.00090345289
0.00084440355
0.00078299254
0.00072008822
0.00065647521
0.00059285269
0.00052983401
0.00046795004
0.00040765661
0.00034934591
0.00029336209
0.00024002285
0.00018965124
0.00014262959
9.8361276e-05
5.8810047e-05
2.6787979e-05
4.4635996e-06
3.0956625e-07
0.0011383964
0.0011236226
0.0010948626
0.0010564004
0.0010106419
0.00095923929
0.0009034614
0.00084437986
0.00078295005
0.00072003822
0.0006564263
0.00059281071
0.00052980228
0.00046792983
0.00040764762
0.00034934675
0.00029337071
0.00024003688
0.00018966826
0.00014264731
9.8378345e-05
5.8823795e-05
2.6796524e-05
4.4667236e-06
3.0977584e-07
0.0011387157
0.0011239123
0.0010950988
0.0010565722
0.0010107491
0.00095928958
0.0009034671
0.00084435477
0.00078290722
0.00071998862
0.00065637826
0.00059276982
0.00052977171
0.00046791071
0.00040763958
0.00034934836
0.0002933799
0.00024005129
0.00018968551
0.00014266514
9.8395457e-05
5.8837533e-05
2.6805046e-05
4.4698361e-06
3.0998448e-07
0.001139023
0.0011241908
0.0010953252
0.001056736
0.0010108502
0.00095933565
0.00090347023
0.00084432845
0.00078286418
0.00071993953
0.00065633115
0.00059273009
0.00052974233
0.00046789271
0.0004076325
0.00034935073
0.00029338966
0.00024006609
0.00018970298
0.00014268308
9.8412614e-05
5.8851264e-05
2.6813548e-05
4.4729373e-06
3.1019221e-07
0.001139319
0.0011244586
0.0010955423
0.0010568923
0.0010109456
0.00095937781
0.00090347102
0.00084430109
0.00078282107
0.00071989103
0.00065628506
0.00059269155
0.00052971417
0.00046787584
0.00040762639
0.00034935387
0.00029339999
0.00024008127
0.00018972068
0.00014270112
9.8429817e-05
5.886499e-05
2.6822029e-05
4.4760278e-06
3.1039904e-07
0.0011396042
0.0011247163
0.0010957506
0.0010570413
0.0010110356
0.00095941631
0.00090346969
0.00084427285
0.00078277801
0.00071984324
0.00065624004
0.00059265427
0.00052968727
0.00046786012
0.00040762126
0.0003493578
0.00029341089
0.00024009684
0.0001897386
0.00014271927
9.8447068e-05
5.8878711e-05
2.683049e-05
4.4791077e-06
3.1060502e-07
0.0011398791
0.0011249644
0.0010959505
0.0010571836
0.0010111206
0.00095945143
0.00090346645
0.00084424388
0.00078273513
0.00071979622
0.00065619616
0.00059261826
0.00052966165
0.00046784557
0.00040761712
0.00034936251
0.00029342237
0.00024011279
0.00018975676
0.00014273753
9.8464367e-05
5.8892428e-05
2.6838933e-05
4.4821776e-06
3.1081016e-07
0.0011401442
0.0011252033
0.0010961424
0.0010573195
0.0010112008
0.00095948342
0.00090346149
0.00084421435
0.00078269254
0.00071975006
0.00065615346
0.00059258357
0.00052963733
0.00046783219
0.00040761397
0.000349368
0.00029343442
0.00024012913
0.00018977515
0.0001427559
9.8481716e-05
5.8906142e-05
2.6847357e-05
4.4852377e-06
3.1101448e-07
0.0011404
0.0011254336
0.0010963268
0.0010574492
0.0010112766
0.00095951251
0.00090345499
0.00084418439
0.00078265033
0.00071970484
0.00065611201
0.00059255024
0.00052961432
0.00046782001
0.00040761183
0.00034937428
0.00029344705
0.00024014586
0.00018979376
0.00014277437
9.8499114e-05
5.8919854e-05
2.6855764e-05
4.4882882e-06
3.1121803e-07
0.0011406469
0.0011256555
0.001096504
0.0010575733
0.0010113481
0.00095953893
0.00090344715
0.00084415414
0.00078260862
0.00071966062
0.00065607184
0.00059251829
0.00052959266
0.00046780902
0.00040761068
0.00034938135
0.00029346025
0.00024016297
0.0001898126
0.00014279296
9.8516563e-05
5.8933566e-05
2.6864155e-05
4.4913295e-06
3.1142081e-07
0.0011408855
0.0011258696
0.0010966744
0.0010576919
0.0010114158
0.00095956288
0.00090343811
0.00084412371
0.00078256747
0.00071961747
0.000656033
0.00059248775
0.00052957235
0.00046779924
0.00040761055
0.00034938921
0.00029347403
0.00024018047
0.00018983167
0.00014281167
9.8534062e-05
5.8947277e-05
2.687253e-05
4.494362e-06
3.1162286e-07
0.0011411161
0.0011260763
0.0010968384
0.0010578055
0.0010114798
0.00095958458
0.00090342803
0.00084409323
0.00078252699
0.00071957544
0.00065599553
0.00059245864
0.0005295534
0.00046779067
0.00040761142
0.00034939786
0.00029348839
0.00024019835
0.00018985097
0.00014283048
9.8551611e-05
5.8960988e-05
2.6880889e-05
4.4973858e-06
3.1182419e-07
0.0011413391
0.0011262759
0.0010969964
0.0010579142
0.0010115404
0.00095960421
0.00090341707
0.0008440628
0.00078248726
0.00071953459
0.00065595947
0.00059243099
0.00052953584
0.00046778332
0.0004076133
0.00034940728
0.00029350331
0.00024021661
0.0001898705
0.0001428494
9.8569211e-05
5.8974699e-05
2.6889233e-05
4.5004014e-06
3.1202483e-07
0.001141555
0.0011264688
0.0010971485
0.0010580184
0.0010115979
0.00095962196
0.00090340535
0.00084403253
0.00078244833
0.00071949497
0.00065592483
0.00059240481
0.00052951965
0.00046777719
0.00040761619
0.0003494175
0.0002935188
0.00024023524
0.00018989025
0.00014286843
9.8586861e-05
5.8988412e-05
2.6897564e-05
4.5034086e-06
3.122248e-07
0.001141764
0.0011266554
0.0010972952
0.0010581184
0.0010116523
0.00095963798
0.00090339302
0.00084400252
0.00078241029
0.00071945663
0.00065589167
0.00059238011
0.00052950487
0.00046777227
0.00040762009
0.00034942849
0.00029353486
0.00024025426
0.00018991022
0.00014288757
9.8604564e-05
5.9002127e-05
2.690588e-05
4.5064084e-06
3.1242412e-07
0.0011419665
0.001126836
0.0010974368
0.0010582143
0.001011704
0.00095965245
0.00090338019
0.00084397285
0.00078237319
0.00071941961
0.00065585999
0.00059235692
0.00052949148
0.00046776858
0.00040762498
0.00034944026
0.00029355148
0.00024027365
0.00018993041
0.00014290682
9.8622315e-05
5.9015843e-05
2.6914183e-05
4.5094004e-06
3.1262281e-07
0.001142163
0.0011270108
0.0010975735
0.0010583064
0.0010117531
0.00095966552
0.00090336698
0.00084394361
0.00078233711
0.00071938394
0.00065582982
0.00059233525
0.00052947949
0.0004677661
0.00040763088
0.0003494528
0.00029356865
0.0002402934
0.00018995082
0.00014292617
9.8640118e-05
5.9029563e-05
2.6922474e-05
4.5123853e-06
3.1282089e-07
0.0011423535
0.0011271802
0.0010977055
0.001058395
0.0010117998
0.00095967731
0.00090335348
0.00084391486
0.00078230206
0.00071934965
0.00065580118
0.00059231508
0.0005294689
0.00046776484
0.00040763777
0.0003494661
0.00029358637
0.00024031352
0.00018997145
0.00014294563
9.8657967e-05
5.9043283e-05
2.6930752e-05
4.5153629e-06
3.1301839e-07
0.0011425387
0.0011273445
0.0010978332
0.0010584802
0.0010118443
0.00095968804
0.00090333988
0.00084388677
0.0007822682
0.00071931685
0.00065577415
0.00059229651
0.00052945977
0.00046776484
0.00040764569
0.0003494802
0.00029360467
0.00024033403
0.00018999231
0.00014296521
9.8675881e-05
5.9057015e-05
2.6939021e-05
4.5183342e-06
3.1321531e-07
0.0011427182
0.0011275037
0.0010979565
0.001058562
0.0010118865
0.00095969744
0.00090332589
0.00084385901
0.00078223519
0.00071928523
0.00065574843
0.00059227924
0.00052945184
0.00046776586
0.00040765442
0.00034949491
0.00029362339
0.0002403548
0.0001900133
0.00014298484
9.8693801e-05
5.9070726e-05
2.6947269e-05
4.5212989e-06
3.1341209e-07
0.0011428941
0.0011276595
0.0010980771
0.0010586421
0.001011928
0.00095970724
0.00090331316
0.00084383319
0.00078220456
0.0007192562
0.00065572534
0.00059226449
0.0005294462
0.0004677689
0.00040766487
0.000349511
0.0002936432
0.00024037638
0.00019003487
0.00014300485
9.8711982e-05
5.9084566e-05
2.6955555e-05
4.5242605e-06
3.1360702e-07
0.0011430595
0.0011278052
0.0010981883
0.0010587137
0.0010119621
0.00095971077
0.00090329525
0.00084380313
0.00078217047
0.00071922432
0.00065569985
0.00059224766
0.00052943871
0.00046777024
0.00040767376
0.00034952568
0.00029366173
0.00024039686
0.00019005554
0.00014302418
9.8729484e-05
5.9098003e-05
2.6963718e-05
4.527238e-06
3.1380978e-07
0.0011432442
0.0011279704
0.0010983194
0.0010588056
0.0010120168
0.00095973497
0.00090329777
0.00084379298
0.00078215548
0.00071921047
0.00065569114
0.00059224622
0.00052944514
0.000467784
0.00040769352
0.00034954971
0.00029368811
0.00024042372
0.00019008114
0.000143047
9.8750986e-05
5.9113686e-05
2.6972482e-05
4.5301608e-06
3.1399067e-07
0.0011432438
0.0011279541
0.0010982761
0.0010587325
0.0010119175
0.00095961709
0.00090317048
0.00084366525
0.00078203485
0.00071910249
0.00065559923
0.00059217188
0.00052938831
0.00046774348
0.00040766734
0.00034953546
0.00029368323
0.00024042568
0.00019008763
0.00014305601
9.8753379e-05
5.911855e-05
2.6977696e-05
4.5331674e-06
3.1424539e-07
)
;

boundaryField
{
    inlet
    {
        type            calculated;
        value           nonuniform List<scalar> 
25
(
0.0013819282
0.0013819284
0.0013819288
0.0013819293
0.00138193
0.0013819308
0.0013819316
0.0013819325
0.0013819334
0.0013819344
0.0013819353
0.0013819363
0.0013819373
0.0013819382
0.0013819391
0.00138194
0.0013819409
0.0013819417
0.0013819426
0.0013819433
0.0013809005
0.00059817482
5.2230792e-05
1.0470592e-05
2.7357204e-06
)
;
    }
    outlet
    {
        type            calculated;
        value           nonuniform List<scalar> 
25
(
0.0011432431
0.0011279535
0.0010982755
0.0010587319
0.001011917
0.00095961654
0.00090316996
0.00084366477
0.0007820344
0.00071910207
0.00065559885
0.00059217153
0.00052938801
0.00046774321
0.0004076671
0.00034953525
0.00029368306
0.00024042554
0.00019008752
0.00014305593
9.9709601e-05
6.0784309e-05
2.7971872e-05
4.5331648e-06
3.1424521e-07
)
;
    }
    wall
    {
        type            compressible::alphatWallFunction;
        Prt             0.85;
        value           uniform 0;
    }
    front
    {
        type            wedge;
    }
    back
    {
        type            wedge;
    }
    axis
    {
        type            empty;
    }
}


// ************************************************************************* //
