/*--------------------------------*- C++ -*----------------------------------*\
| =========                 |                                                 |
| \\      /  F ield         | OpenFOAM: The Open Source CFD Toolbox           |
|  \\    /   O peration     | Version:  v2012                                 |
|   \\  /    A nd           | Website:  www.openfoam.com                      |
|    \\/     M anipulation  |                                                 |
\*---------------------------------------------------------------------------*/
FoamFile
{
    version     2.0;
    format      ascii;
    class       volScalarField;
    location    "2000";
    object      k;
}
// * * * * * * * * * * * * * * * * * * * * * * * * * * * * * * * * * * * * * //

dimensions      [0 2 -2 0 0 0 0];


internalField   nonuniform List<scalar> 
6250
(
0.13293372
0.13293565
0.1329546
0.13298516
0.13302447
0.13307189
0.13312534
0.13318023
0.13322808
0.13325503
0.13324063
0.13315701
0.13296853
0.13263051
0.13208477
0.13124727
0.12997913
0.12802214
0.12485933
0.11945361
0.11011213
0.096559954
0.089467372
0.12110232
0.32673058
0.13100995
0.13102722
0.13106859
0.13113356
0.13121601
0.13131168
0.13141101
0.13149636
0.13153992
0.13150299
0.1313373
0.13098694
0.13038805
0.12946228
0.12809938
0.12612213
0.12322027
0.11883156
0.11196988
0.1012795
0.086967354
0.077103373
0.084383176
0.088951248
0.087287432
0.12907132
0.12909915
0.12915635
0.12924252
0.12934717
0.12945764
0.12955139
0.12959334
0.12953615
0.12932326
0.12889295
0.12817933
0.12710669
0.1255744
0.12342985
0.12042362
0.11613865
0.10989902
0.10080176
0.088752136
0.079138458
0.086479604
0.1049232
0.073175966
0.04179985
0.12714931
0.1271844
0.1272534
0.12735087
0.12746037
0.12755788
0.12760575
0.12755278
0.12733817
0.12689723
0.12616445
0.12507032
0.12353025
0.12142538
0.11857458
0.11469612
0.10936736
0.10205559
0.092618217
0.083801742
0.086899436
0.11463648
0.13195879
0.066193921
0.034230209
0.1252779
0.12531875
0.12539639
0.12549804
0.12559842
0.12566032
0.12563172
0.12544949
0.1250463
0.12435606
0.12331388
0.1218489
0.11987084
0.117252
0.11380635
0.10927362
0.10334806
0.095933916
0.088337384
0.086955052
0.10582151
0.14645638
0.15476526
0.065343968
0.032097899
0.12345879
0.12350289
0.12358384
0.12367985
0.12375491
0.12375888
0.12362834
0.12329356
0.12268618
0.12174264
0.12040081
0.11859078
0.11622226
0.11317197
0.1092768
0.1043547
0.09833727
0.091825826
0.087985256
0.096141634
0.12709713
0.17150776
0.17052513
0.06672245
0.030790724
0.12169028
0.12173517
0.1218133
0.121893
0.12192701
0.12185395
0.12160283
0.12110194
0.12028567
0.11909522
0.11747297
0.11535332
0.11265358
0.10927026
0.10509313
0.10007873
0.094524439
0.089980817
0.091592096
0.10955461
0.14804232
0.19008375
0.18081634
0.068028417
0.029808378
0.1199715
0.12001452
0.12008331
0.12013608
0.12011486
0.11994958
0.11956547
0.11889249
0.11787025
0.11644626
0.11456945
0.11218271
0.10921935
0.1056112
0.10132975
0.096525876
0.091971265
0.090313951
0.09829262
0.12448885
0.16693426
0.20355968
0.18737983
0.068678654
0.029034716
0.11829944
0.11833748
0.11838994
0.1184054
0.11831661
0.11804769
0.11752352
0.11667842
0.11545885
0.11382
0.1117196
0.10911366
0.10595995
0.10224103
0.098039042
0.093757336
0.090748234
0.092799423
0.10731383
0.13971231
0.18316194
0.21351031
0.19160757
0.068820529
0.028337244
0.11667
0.1166997
0.1167288
0.11669736
0.11653085
0.11615057
0.11548381
0.11447119
0.1130672
0.11123601
0.10894666
0.10617301
0.10290578
0.099193511
0.095258429
0.091815039
0.090896776
0.097357572
0.11808684
0.15452804
0.19688327
0.22119706
0.19449952
0.068712294
0.027699346
0.11507924
0.11509722
0.11509622
0.11500948
0.11475754
0.11426154
0.11345341
0.11228139
0.11070894
0.10871053
0.10626909
0.10338097
0.10007805
0.096490153
0.093009757
0.090718854
0.092379247
0.10348384
0.12949037
0.16842506
0.20829514
0.2273184
0.19662579
0.068522666
0.027145285
0.11352348
0.11352644
0.11348922
0.11334022
0.11299748
0.11238434
0.11143904
0.11011837
0.10839555
0.10625672
0.10370124
0.10075256
0.097492158
0.094147276
0.091312848
0.090493174
0.095160481
0.11083831
0.14097066
0.18107398
0.21779083
0.23225589
0.198259
0.06832481
0.026677566
0.11199931
0.11198418
0.11190538
0.11168871
0.11125203
0.11052285
0.1094469
0.10799024
0.10613658
0.10388507
0.10125406
0.09829879
0.095158973
0.092176595
0.090183646
0.091164912
0.099179577
0.11915989
0.15226192
0.19239557
0.22573269
0.23626113
0.19952936
0.068136741
0.026282246
0.11050361
0.11046772
0.1103429
0.11005471
0.10952295
0.10868086
0.10748259
0.10590397
0.1039399
0.10160393
0.098936106
0.09602848
0.093089102
0.090595426
0.089654714
0.092758091
0.10428779
0.12810818
0.16317015
0.2024372
0.23241673
0.23954088
0.20052351
0.067959515
0.025945203
0.10903371
0.10897477
0.10880052
0.10843845
0.10781221
0.10686203
0.1055511
0.10386547
0.10181194
0.099419961
0.096754093
0.093948716
0.091291071
0.089415459
0.089741538
0.095231369
0.11015944
0.13709557
0.1734961
0.21115543
0.23801484
0.24223036
0.20129775
0.067788852
0.025655324
0.10758726
0.1075035
0.10727738
0.10684047
0.10612185
0.10506972
0.10365679
0.1018797
0.09975792
0.097338329
0.094713009
0.09206443
0.089770513
0.088644622
0.09045355
0.098525174
0.11666414
0.14604308
0.18304344
0.2186936
0.242685
0.2444201
0.20188366
0.067617091
0.025402028
0.10616234
0.10605245
0.10577301
0.10526154
0.10445389
0.103307
0.10180342
0.099950775
0.097782026
0.095363152
0.092817075
0.090381051
0.088537267
0.088302312
0.091804536
0.10257463
0.12366876
0.15482751
0.19177776
0.22522823
0.24659006
0.24619186
0.20230636
0.067438098
0.02517619
0.10475736
0.10462052
0.10428723
0.10370255
0.10281028
0.10157659
0.099994192
0.098082125
0.095887715
0.093497945
0.091070375
0.08890475
0.087602921
0.088413539
0.093805077
0.10724601
0.13091134
0.16335118
0.19971076
0.23091286
0.24988239
0.24762978
0.20259573
0.067250874
0.024972084
0.10337108
0.10320692
0.10282006
0.1021645
0.10119283
0.099880898
0.098231855
0.096276576
0.094077778
0.091745502
0.089476024
0.087639655
0.086973271
0.088982153
0.096396062
0.11235124
0.13810698
0.17152765
0.20684346
0.23584853
0.25267505
0.24880656
0.20278285
0.067058223
0.024786286
0.10200254
0.10181113
0.10137172
0.1006484
0.099603208
0.098222042
0.096518711
0.094536449
0.092354473
0.090108147
0.088037003
0.086590842
0.086656942
0.090007191
0.099528352
0.11784263
0.1452888
0.17922104
0.2131807
0.24012218
0.25504746
0.24977346
0.20289231
0.066863338
0.02461585
0.10065108
0.10043284
0.099942563
0.099155232
0.098042941
0.096601847
0.094856702
0.09286368
0.090719765
0.088588249
0.086757175
0.085766171
0.086671458
0.091502333
0.10315328
0.12362916
0.15237707
0.18638893
0.21882905
0.24383807
0.25707057
0.25056961
0.20294255
0.066668885
0.024458326
0.099316263
0.09907196
0.098533013
0.097685986
0.096513395
0.095021896
0.093247472
0.09125991
0.089175399
0.087188071
0.08564028
0.085172915
0.087033754
0.093467015
0.10719322
0.1295791
0.15929408
0.1930355
0.22389499
0.24710004
0.25881348
0.25123075
0.20294951
0.066477751
0.02431256
0.097997838
0.097728517
0.097143567
0.096241581
0.095015791
0.093483546
0.091692395
0.089726491
0.087722795
0.085909376
0.084688885
0.084813963
0.087734337
0.095836939
0.11150328
0.13547132
0.16601763
0.19916014
0.22843847
0.24998487
0.26033488
0.2517893
0.20292745
0.066292845
0.024178048
0.096695732
0.096402675
0.095774758
0.094822883
0.093551208
0.091987957
0.090192622
0.088264567
0.086363257
0.084754144
0.083906708
0.084695715
0.088771219
0.098576786
0.11605689
0.14133938
0.17246109
0.20477319
0.23251082
0.2525465
0.26167712
0.25227102
0.20288859
0.066116623
0.024053812
0.095409999
0.095094685
0.094427136
0.093430697
0.092120598
0.090536122
0.088749136
0.086875167
0.085098138
0.083724743
0.083298781
0.08483191
0.09015363
0.10164994
0.12081001
0.14716827
0.17858041
0.20989874
0.23616545
0.25482831
0.26286969
0.25269399
0.20284246
0.0659511
0.023938893
0.094140801
0.093804865
0.09310125
0.092065762
0.090724794
0.089128889
0.087362774
0.085559196
0.083928659
0.082823255
0.08286911
0.085229895
0.091876905
0.10502742
0.12570954
0.15292215
0.18435455
0.21457892
0.23945953
0.25687124
0.26393568
0.25307024
0.2027949
0.065797326
0.023832735
0.092888377
0.092533577
0.091797638
0.090728747
0.089364524
0.087766979
0.086034243
0.084317436
0.08285593
0.082051609
0.08262058
0.08588551
0.093909322
0.10863821
0.13064335
0.15856905
0.18978342
0.21887547
0.24245021
0.25871592
0.26489702
0.25340936
0.2027495
0.065655789
0.023735087
0.091653027
0.091281214
0.090516823
0.089420263
0.088040418
0.086451005
0.08476416
0.083150647
0.081881229
0.081412324
0.082557594
0.086794446
0.096211277
0.11241182
0.13554204
0.1640781
0.19486813
0.22282186
0.24517853
0.26039596
0.26577362
0.25372005
0.20270883
0.065526502
0.023645519
0.090435093
0.090048185
0.0892593
0.088140856
0.086753026
0.0851815
0.08355309
0.082059613
0.081005998
0.080908537
0.082689241
0.087959535
0.098751404
0.11632658
0.14041784
0.16940096
0.19961582
0.22644745
0.24767422
0.26193568
0.26658142
0.25401026
0.20267561
0.06540946
0.023563316
0.089234942
0.088834904
0.088025539
0.086891017
0.085502827
0.083958921
0.082401523
0.081045005
0.080231362
0.080542297
0.08301873
0.089375757
0.10151365
0.12035955
0.14526002
0.17451302
0.20404183
0.22978342
0.24996264
0.26335276
0.26733179
0.25428617
0.20265229
0.065304699
0.023487874
0.088052953
0.087641778
0.086815976
0.085671185
0.08429023
0.082783655
0.081309878
0.080107418
0.079558412
0.080315497
0.083545032
0.091033348
0.10448649
0.12448684
0.15005112
0.17940173
0.20816807
0.23286232
0.25206829
0.26466184
0.26803282
0.25455186
0.20264032
0.065212043
0.023418718
0.086889508
0.086469204
0.085631017
0.084481746
0.083115591
0.08165604
0.080278572
0.079247618
0.078988871
0.080231691
0.084268068
0.092914786
0.10762934
0.12865516
0.15478323
0.18406061
0.2120158
0.23571482
0.25401506
0.26587662
0.26869101
0.25480987
0.20264032
0.06513127
0.023355638
0.085744987
0.085317562
0.084471033
0.083323046
0.081979222
0.080576398
0.079308076
0.078466581
0.078525052
0.080297374
0.085187329
0.094983319
0.11087442
0.13279316
0.15944361
0.18848823
0.21561085
0.23836709
0.25582479
0.26701046
0.26931237
0.25506182
0.20265189
0.065061811
0.023298448
0.084619755
0.084187214
0.083336365
0.08219539
0.080881399
0.079545024
0.07839883
0.077765126
0.078168575
0.08051609
0.086299085
0.097219367
0.1142115
0.13691543
0.16399125
0.19268567
0.21897114
0.24083817
0.25751431
0.26807487
0.26990264
0.25530938
0.20267462
0.065002919
0.023246621
0.083514166
0.083078499
0.082227324
0.081099048
0.07982236
0.078562164
0.077551169
0.077143776
0.077920079
0.080885866
0.087595256
0.099616374
0.11763135
0.14101903
0.16840566
0.1966592
0.22211489
0.24314398
0.25909609
0.26907872
0.27046691
0.25555455
0.20270865
0.064954091
0.023199668
0.082428553
0.081991735
0.08114419
0.080034257
0.078802307
0.077628028
0.076765408
0.076603166
0.077780679
0.081405305
0.089068777
0.1021668
0.12112335
0.14509593
0.17267517
0.20041831
0.22506106
0.24529981
0.26058033
0.27002862
0.27100905
0.25579895
0.20275405
0.064914824
0.023157207
0.081363228
0.080927211
0.080087215
0.079001224
0.07782142
0.076742844
0.076042037
0.076144628
0.07775426
0.08207698
0.09071126
0.1048577
0.12467263
0.14913469
0.17679341
0.20397592
0.22782909
0.24732106
0.26197652
0.27092994
0.27153192
0.2560438
0.20281089
0.064884748
0.023118942
0.080318482
0.079885194
0.079056623
0.078000131
0.076879878
0.07590689
0.075381717
0.075769989
0.077846807
0.08290292
0.092501449
0.10764532
0.12823034
0.15313869
0.18075684
0.20734254
0.23043605
0.24922258
0.26329406
0.27178759
0.27203768
0.25628968
0.20287895
0.06486356
0.023084802
0.079294579
0.078865926
0.078052615
0.077031144
0.075977844
0.075120426
0.074784979
0.075480282
0.078059462
0.083877899
0.094421119
0.11049631
0.1317694
0.1570972
0.18456228
0.21052694
0.23289506
0.25101717
0.26454186
0.27260627
0.27252809
0.25653665
0.20295745
0.064850716
0.023054627
0.078291765
0.077869628
0.077075372
0.076094408
0.075115462
0.074383649
0.074252141
0.075275784
0.078389769
0.084994496
0.096463539
0.11340863
0.13529892
0.16098187
0.18820947
0.21354198
0.23521743
0.25271517
0.26572769
0.27339047
0.27300492
0.25678482
0.20304574
0.064845638
0.023028049
0.07731026
0.076896495
0.076125051
0.075190046
0.074292848
0.073696737
0.073783557
0.075157054
0.078836026
0.086246708
0.098623206
0.11637868
0.13881751
0.16477811
0.1917012
0.21639938
0.23741331
0.25432478
0.26685781
0.27414421
0.27347008
0.25703466
0.20314348
0.064847875
0.023004757
0.076350264
0.075946703
0.075201789
0.074318167
0.073510129
0.07305996
0.073380028
0.075126753
0.079399514
0.087627751
0.10089247
0.11940017
0.14232012
0.16847712
0.195042
0.21911086
0.23949263
0.25585302
0.26793718
0.27487074
0.27392532
0.25728664
0.20325037
0.064857027
0.022984543
0.075411954
0.075020409
0.07430571
0.073478877
0.072767457
0.072473719
0.073042815
0.075189589
0.080083379
0.089129195
0.10326142
0.1224645
0.14580006
0.17207337
0.19823766
0.22168786
0.24146526
0.25730651
0.26897
0.27557267
0.27437202
0.2575412
0.20336616
0.064872708
0.02296715
0.074495487
0.074117748
0.073436919
0.072672273
0.072064993
0.071938403
0.072772921
0.075347775
0.08088787
0.090746017
0.10571609
0.12555631
0.14925087
0.17556375
0.20129586
0.22414184
0.24334104
0.25869177
0.26996016
0.27625225
0.27481137
0.25779877
0.20349082
0.064894776
0.022952499
0.073600999
0.073238838
0.072595512
0.071898443
0.071402871
0.071454281
0.07257073
0.075599892
0.081807137
0.092464514
0.10821277
0.128628
0.15268587
0.17894666
0.20422023
0.2264814
0.24512894
0.26001529
0.27091147
0.27691142
0.27524414
0.25805937
0.20362394
0.064922999
0.022940635
0.072728612
0.072383784
0.071781567
0.071157464
0.070781205
0.071021574
0.07243648
0.07594402
0.082835343
0.094277541
0.11075319
0.13169393
0.15608236
0.18221895
0.20701446
0.22871287
0.24683618
0.2612829
0.27182757
0.27755194
0.27567084
0.25832273
0.20376489
0.064956945
0.022931335
0.071878429
0.071552672
0.070995155
0.070449405
0.070200136
0.070640681
0.072371367
0.076379794
0.083966964
0.096179488
0.11333701
0.13475594
0.15942562
0.18538038
0.2096867
0.23084268
0.24846864
0.26249951
0.2727118
0.27817561
0.27609213
0.2585889
0.20391341
0.064996331
0.022924353
0.071050537
0.07074558
0.070236338
0.069774349
0.069659891
0.070312386
0.072378589
0.076909023
0.085195187
0.098164175
0.11596122
0.13781136
0.16270655
0.18843233
0.21224486
0.23287738
0.25003141
0.26366917
0.27356708
0.27878414
0.27650876
0.25885797
0.20406921
0.065040879
0.022919554
0.070245013
0.06996257
0.069505173
0.069132395
0.069160738
0.070037519
0.072460847
0.077532941
0.086515272
0.10022517
0.11862093
0.14085593
0.16591923
0.19137707
0.21469642
0.23482358
0.25152919
0.26479527
0.27439581
0.27937905
0.27692145
0.25913004
0.20423201
0.065090339
0.022916835
0.069461917
0.069203697
0.068801715
0.06852363
0.068702889
0.069816547
0.072618348
0.078250662
0.087926272
0.10235682
0.12131083
0.14388506
0.16905971
0.19421746
0.21704839
0.23668778
0.25296657
0.26588084
0.27520002
0.2799616
0.2773308
0.25940518
0.20440155
0.065144442
0.022916024
0.068701299
0.068469005
0.068126004
0.067948124
0.068286497
0.069649726
0.072850306
0.079060756
0.089428127
0.10455357
0.12402403
0.14689314
0.17212548
0.19695796
0.21930791
0.23847641
0.25434806
0.26692878
0.27598153
0.28053292
0.27773741
0.2596836
0.20457779
0.065203107
0.022917068
0.067963199
0.067758527
0.067478075
0.067405943
0.06791174
0.069537427
0.073155834
0.079959215
0.091010123
0.1067818
0.12672402
0.14989438
0.1751158
0.19960018
0.22148037
0.24019541
0.25567816
0.26794191
0.27674201
0.2810939
0.27814164
0.25996526
0.20476048
0.065266223
0.022920039
0.067247647
0.06707229
0.066857964
0.066897187
0.067578988
0.069481043
0.073535135
0.080940799
0.092664534
0.10904114
0.12941949
0.15287333
0.17802822
0.20214618
0.2235698
0.24184975
0.25696104
0.26892303
0.27748302
0.28164527
0.27854365
0.26024992
0.20494915
0.0653335
0.022924808
0.066554664
0.066410317
0.066265717
0.066422027
0.067288884
0.069483277
0.073989585
0.08199947
0.094385485
0.11133201
0.13211355
0.15581954
0.18086135
0.20459914
0.2255798
0.24344337
0.25820027
0.2698747
0.27820607
0.28218772
0.2789436
0.26053742
0.2051434
0.065404264
0.022931184
0.065884267
0.065772629
0.06570139
0.065980651
0.067042043
0.069545966
0.074519725
0.083131585
0.096168251
0.11365303
0.134805
0.15872524
0.18361504
0.20696414
0.22751441
0.24497971
0.25939882
0.27079917
0.27891259
0.28272198
0.27934174
0.26082773
0.20534307
0.065478684
0.022939087
0.065236467
0.065159244
0.065165034
0.065573209
0.066838787
0.06966903
0.075124661
0.084336563
0.098009127
0.11600169
0.13749113
0.16158485
0.18628996
0.20924637
0.229378
0.24646201
0.26055923
0.27169836
0.27960381
0.28324863
0.27973806
0.26112019
0.20554636
0.065557229
0.022948469
0.064611271
0.064570175
0.064656687
0.065199791
0.066679227
0.069851615
0.075803132
0.08561456
0.099904933
0.11837495
0.14016879
0.1643946
0.18888729
0.21145052
0.23117494
0.24789344
0.26168373
0.27257389
0.28028082
0.28376825
0.28013279
0.26141497
0.20575407
0.065639074
0.022959205
0.064008677
0.064005428
0.064176375
0.064860488
0.066563558
0.070093189
0.07655404
0.086964902
0.10185255
0.12076959
0.14283496
0.16715184
0.19140861
0.2135809
0.23290951
0.24927713
0.26277444
0.27342718
0.28094457
0.28428146
0.28052628
0.26171226
0.2059665
0.065724076
0.022971202
0.063428681
0.063465004
0.063724142
0.064555515
0.066492715
0.070394288
0.077375892
0.088385888
0.1038483
0.12318119
0.1454859
0.1698548
0.19385649
0.21564195
0.23458585
0.25061614
0.26383339
0.27425955
0.2815959
0.2847887
0.28091861
0.26201176
0.20618416
0.065812389
0.022984466
0.062871275
0.062948914
0.063300084
0.064285329
0.066468824
0.070756289
0.078264138
0.089867864
0.10586618
0.12558273
0.1481338
0.17250316
0.19623153
0.21763692
0.23620781
0.25191349
0.26486259
0.27507225
0.28223553
0.28529035
0.28130988
0.26231336
0.20640688
0.065903965
0.022999068
0.062336456
0.06245718
0.062904338
0.064050488
0.066493899
0.07118017
0.079214576
0.091403969
0.10790603
0.12798097
0.1507673
0.17509505
0.19853461
0.21956823
0.23777865
0.25317204
0.26586401
0.27586647
0.28286417
0.28578678
0.28170028
0.26261732
0.20663405
0.06599851
0.023014907
0.06182422
0.061989832
0.06253704
0.063851377
0.066568448
0.071665581
0.08022546
0.092989905
0.10996843
0.13037839
0.15337845
0.17762917
0.20076768
0.22143808
0.23930098
0.25439427
0.26683952
0.27664343
0.2834825
0.28627833
0.28208998
0.26292388
0.20686557
0.066095933
0.023031874
0.061334565
0.061546892
0.06219828
0.063688151
0.066691877
0.072211455
0.081296552
0.094622931
0.11205311
0.13277463
0.15596194
0.18010485
0.20293318
0.22324881
0.24077701
0.25558224
0.26779077
0.27740422
0.28409113
0.28676525
0.28247891
0.26323339
0.2071015
0.066196196
0.023049936
0.060867487
0.061128376
0.061888115
0.063560857
0.066863434
0.072816767
0.082427679
0.096300946
0.11415894
0.13516804
0.15851332
0.182522
0.2050345
0.22500317
0.24220889
0.25673776
0.26871922
0.27814989
0.28469073
0.28724796
0.28286743
0.26354552
0.20734159
0.066299173
0.023069054
0.060422976
0.060734291
0.061606612
0.063469715
0.06708282
0.073480604
0.0836181
0.098021919
0.11628426
0.13755654
0.16102929
0.18488097
0.20707484
0.22670404
0.24359876
0.25786243
0.26962615
0.27888142
0.28528198
0.2877269
0.28325576
0.26386011
0.20758564
0.066404745
0.023089177
0.060001025
0.060364666
0.061353958
0.06341568
0.067350666
0.074201498
0.08486635
0.099783575
0.11842693
0.13993794
0.16350745
0.1871824
0.20905709
0.22835432
0.24494876
0.25895781
0.27051269
0.27959959
0.28586536
0.28820224
0.28364422
0.26417722
0.20783353
0.066512832
0.023110275
0.059601639
0.060019569
0.061130527
0.063400552
0.067668408
0.074977298
0.08617025
0.10158333
0.12058471
0.14231006
0.16594604
0.18942717
0.21098393
0.22995678
0.24626103
0.26002536
0.27137987
0.28030517
0.2864414
0.28867436
0.28403283
0.26449675
0.20808512
0.066623323
0.023132279
0.059224837
0.059699107
0.06093676
0.063425896
0.068037239
0.075806647
0.087527432
0.1034182
0.1227544
0.14467023
0.16834376
0.19161682
0.21285808
0.2315141
0.24753765
0.26106656
0.27222869
0.28099885
0.2870106
0.28914358
0.28442159
0.26481864
0.20834032
0.066736193
0.023155178
0.05887065
0.059403388
0.06077299
0.063492168
0.068457234
0.076688509
0.088930939
0.10526905
0.12491656
0.14702776
0.17070049
0.1937516
0.21468159
0.23302881
0.24878068
0.26208284
0.27306013
0.28168125
0.28757334
0.28961017
0.28481055
0.26514279
0.20859898
0.066851401
0.023179024
0.058539111
0.0591325
0.060639382
0.063599
0.068927758
0.07762232
0.090376053
0.10713526
0.12707529
0.14937501
0.17301497
0.19583189
0.21645596
0.23450306
0.2499921
0.26307564
0.27387511
0.28235296
0.28812996
0.29007429
0.28519971
0.26546906
0.20886091
0.066968813
0.023203762
0.058230247
0.058886501
0.060536003
0.063745824
0.069448033
0.07860749
0.091859916
0.10901765
0.12923285
0.15170604
0.1752861
0.19785874
0.21818252
0.23593861
0.25117363
0.2640463
0.27467455
0.28301455
0.28868082
0.29053605
0.28558907
0.26579742
0.20912604
0.067088364
0.023229315
0.057944076
0.058665443
0.060462954
0.063932291
0.07001735
0.079643171
0.093380584
0.11091638
0.13138926
0.15401669
0.17751322
0.19983374
0.21986275
0.23733697
0.25232677
0.26499607
0.27545934
0.28366662
0.28922623
0.2909956
0.28597865
0.26612782
0.20939429
0.067209988
0.023255653
0.057680626
0.058469429
0.060420698
0.064158596
0.070634799
0.080728196
0.094936421
0.11283099
0.13354365
0.15630396
0.17969593
0.20175858
0.22149829
0.23869954
0.25345281
0.26592604
0.27623027
0.28430968
0.28976653
0.29145309
0.28636851
0.26646022
0.20966554
0.067333618
0.023282754
0.057439962
0.058298692
0.060410364
0.064425655
0.071298933
0.081861048
0.096525748
0.11476049
0.13569464
0.15856507
0.18183417
0.20363548
0.22309101
0.24002775
0.25455288
0.26683716
0.27698812
0.28494429
0.29030206
0.29190866
0.28675863
0.26679454
0.20993968
0.06745918
0.02331058
0.057222202
0.058153592
0.060433379
0.064734637
0.07200829
0.083039956
0.098146732
0.11670349
0.13784064
0.16079795
0.1839281
0.20546637
0.22464282
0.24132309
0.25562816
0.26773036
0.27773347
0.28557062
0.29083293
0.29236252
0.28714923
0.26713086
0.21021669
0.067586644
0.023339109
0.057027499
0.058034495
0.060490682
0.06508624
0.072762276
0.08426312
0.099797415
0.11865834
0.13997998
0.16300104
0.18597808
0.20725302
0.22615555
0.24258675
0.25667893
0.26860481
0.27846445
0.28618374
0.29135627
0.29281153
0.28753803
0.26746798
0.21049595
0.06771579
0.023368343
0.05685601
0.057941673
0.06058247
0.06548057
0.073561196
0.085528859
0.10147581
0.12062328
0.14211098
0.16517309
0.18798464
0.20899702
0.22763079
0.24381959
0.25770509
0.26945966
0.27918006
0.28678411
0.29186696
0.29325198
0.28792005
0.26780171
0.21077484
0.067845642
0.023398139
0.056707865
0.057875291
0.060708511
0.065917458
0.074405661
0.086835641
0.10317987
0.12259632
0.1442318
0.16731311
0.18994853
0.21069989
0.22906992
0.24502246
0.25870713
0.2702959
0.27988255
0.28737662
0.29237234
0.29368721
0.28829667
0.26813124
0.21105178
0.067975358
0.02342826
0.056583163
0.057835441
0.0608685
0.066396676
0.075295735
0.088180458
0.10490181
0.12456945
0.14634475
0.16942067
0.19187032
0.21236293
0.2304743
0.24619642
0.2596862
0.27111517
0.28057365
0.28796293
0.29287449
0.29411995
0.28867076
0.26845832
0.21132717
0.068104855
0.023458594
0.056481986
0.05782221
0.061062255
0.066917959
0.076230578
0.089559093
0.10663381
0.12653635
0.14845102
0.17149538
0.19375009
0.21398706
0.23184522
0.2473428
0.26064368
0.27191886
0.28125464
0.28854377
0.2933742
0.29455177
0.28904457
0.26878512
0.21160238
0.068234548
0.023489154
0.056404433
0.057835801
0.061289841
0.067480936
0.077208932
0.090968719
0.10837658
0.12850013
0.15054512
0.17353632
0.19558818
0.21557301
0.23318384
0.24846297
0.26158099
0.27270819
0.2819264
0.28911961
0.29387191
0.29498352
0.28941943
0.26911326
0.21187878
0.06836499
0.023519986
0.056350683
0.057876711
0.06155171
0.068084978
0.07822934
0.092407325
0.11013045
0.13046154
0.15262348
0.1755428
0.19738529
0.21712155
0.23449127
0.24955827
0.26249951
0.27348416
0.28258969
0.2896909
0.29436795
0.29541566
0.28979605
0.26944368
0.21215736
0.068496653
0.023551159
0.056321056
0.05794584
0.061848721
0.068729129
0.07929024
0.093873289
0.11189531
0.13242029
0.15468353
0.17751429
0.19914228
0.21863359
0.23576855
0.25063001
0.26340051
0.27424756
0.28324474
0.29025765
0.29486249
0.29584848
0.29017481
0.26977688
0.21243868
0.068629868
0.023582776
0.056316002
0.058044255
0.062181837
0.069412432
0.080390041
0.095365119
0.11367062
0.13437553
0.15672306
0.17945047
0.20086035
0.22011018
0.2370165
0.2516784
0.26428307
0.27499656
0.28388697
0.29081797
0.29535238
0.2962796
0.29055417
0.27011209
0.21272252
0.068764643
0.023614905
0.056336006
0.058172781
0.06255171
0.070134342
0.081527201
0.09688135
0.11545549
0.13632613
0.15874027
0.18135119
0.20254068
0.22155241
0.23823582
0.25270395
0.26514802
0.27573315
0.28452113
0.29137308
0.29583817
0.29670832
0.29093293
0.27044823
0.21300817
0.068900729
0.023647518
0.056381494
0.058331822
0.062958567
0.070894791
0.082700278
0.098420511
0.11724884
0.13827084
0.16073372
0.18321644
0.20418434
0.22296139
0.23942739
0.25370772
0.26599655
0.27645883
0.28514878
0.29192406
0.29632112
0.29713517
0.29131095
0.27078478
0.2132951
0.069037882
0.023680559
0.056452785
0.058521456
0.063402361
0.071693947
0.083907925
0.099981119
0.11904942
0.14020835
0.16270225
0.18504636
0.20579231
0.22433821
0.2405922
0.25469066
0.26683004
0.27717461
0.28577051
0.2924715
0.29680205
0.29756093
0.29168869
0.27112182
0.21358316
0.069175985
0.023713986
0.056550108
0.058741627
0.063882955
0.072531938
0.085148845
0.10156168
0.12085587
0.14213727
0.16464488
0.18684122
0.20736559
0.22568402
0.24173136
0.25565386
0.2676495
0.27788116
0.28638666
0.29301569
0.29728142
0.29798617
0.29206673
0.27145973
0.2138725
0.069315057
0.023747782
0.056673644
0.058992287
0.06440024
0.073408702
0.086421737
0.10316066
0.12266678
0.14405619
0.16656078
0.18860143
0.20890521
0.22700009
0.24284629
0.25659813
0.26845566
0.27857895
0.28699745
0.29355681
0.29775949
0.2984113
0.29244549
0.2717989
0.21416339
0.069455196
0.023781952
0.05682357
0.059273476
0.064954154
0.074323939
0.087725259
0.10477652
0.12448072
0.14596369
0.16844928
0.19032753
0.21041217
0.22828762
0.243938
0.2575246
0.26924924
0.27926836
0.28760305
0.29409498
0.29823638
0.29883649
0.29282525
0.27213963
0.21445607
0.069596503
0.023816509
0.057000096
0.05958534
0.065544675
0.075277129
0.089058016
0.1064077
0.12629619
0.14785837
0.17030986
0.19202018
0.21188752
0.22954775
0.24500753
0.25843426
0.2700309
0.27994979
0.28820368
0.2946303
0.29871216
0.29926185
0.29320611
0.27248205
0.21475068
0.069739049
0.023851456
0.057203486
0.059928116
0.066171762
0.076267438
0.090418008
0.10805034
0.1281093
0.1497404
0.17214227
0.19368002
0.21333233
0.23078182
0.24605582
0.25932797
0.27080109
0.28062327
0.28879924
0.29516285
0.29918698
0.29968752
0.29358822
0.2728263
0.21504737
0.069882938
0.023886837
0.057434066
0.060302105
0.066835273
0.07729353
0.09180204
0.10969796
0.12991421
0.15161159
0.17394644
0.19530731
0.21474739
0.23199078
0.2470831
0.26020479
0.2715577
0.28128451
0.28938811
0.29568989
0.29965852
0.30011202
0.29397068
0.27317188
0.21534589
0.070028117
0.023922699
0.057692222
0.060707635
0.067534953
0.078353904
0.093207771
0.1113507
0.13171286
0.1534684
0.17572193
0.19690226
0.21613322
0.23317505
0.24809001
0.26106544
0.27230243
0.28193758
0.28997104
0.29621178
0.3001262
0.3005343
0.29435242
0.27351797
0.21564569
0.070174351
0.023958987
0.057978389
0.061145041
0.068270449
0.079447029
0.094633426
0.11300855
0.13350568
0.1553084
0.17746837
0.19846539
0.2174903
0.23433511
0.24907733
0.26191107
0.27303656
0.28258363
0.29054884
0.29672954
0.30059059
0.30095431
0.29473301
0.27386402
0.21594631
0.070321422
0.023995628
0.058293043
0.06161465
0.06904132
0.080571416
0.096077545
0.11467123
0.13529233
0.15712979
0.17918557
0.19999741
0.21881951
0.23547117
0.25004583
0.26274266
0.27376087
0.28322314
0.29112202
0.29724391
0.30105244
0.30137249
0.2951126
0.27420991
0.2162475
0.070469175
0.024032579
0.05863703
0.062117183
0.069846742
0.081725589
0.097538816
0.1163382
0.1370721
0.15893123
0.18087339
0.20149889
0.22012118
0.23658419
0.25099637
0.26356104
0.27447592
0.28385641
0.29169087
0.29775532
0.3015123
0.30178939
0.29549158
0.27455583
0.21654927
0.070617571
0.024069811
0.059011045
0.062653039
0.070686067
0.082908125
0.099015981
0.11800872
0.13884411
0.16071162
0.18253182
0.2029704
0.22139591
0.23767499
0.25192978
0.26436688
0.27518217
0.28448367
0.2922556
0.29826406
0.30197058
0.30220547
0.29587039
0.27490211
0.21685178
0.070766651
0.024107316
0.059415709
0.063222489
0.071558658
0.084117634
0.1005078
0.11968192
0.14060734
0.16247006
0.18416101
0.20441292
0.22264404
0.23874425
0.25284671
0.26516072
0.27587995
0.28510511
0.29281636
0.29877029
0.30242752
0.30262105
0.29624938
0.27524904
0.21715525
0.070916498
0.0241451
0.059851549
0.063825661
0.072463874
0.085352757
0.102013
0.12135679
0.1423607
0.16420578
0.18576118
0.20582701
0.22386644
0.23979267
0.25374778
0.26594302
0.27656959
0.28572095
0.29337329
0.29927416
0.30288329
0.30303634
0.29662879
0.27559686
0.21745986
0.071067187
0.024183168
0.060318982
0.064462545
0.073401062
0.086612148
0.10353031
0.12303224
0.14410308
0.16591811
0.18733253
0.20721315
0.22506413
0.24082107
0.25463359
0.26671415
0.2772512
0.28633122
0.29392654
0.29977585
0.30333808
0.30345154
0.29700879
0.27594574
0.21776576
0.071218802
0.02422154
0.060818314
0.065133002
0.074369533
0.087894464
0.10505843
0.12470714
0.14583334
0.1676065
0.18887552
0.20857173
0.22623783
0.24182981
0.25550374
0.26747286
0.2779223
0.28693514
0.29447474
0.30027427
0.30379119
0.30386628
0.29738922
0.27629562
0.21807297
0.071371376
0.024260245
0.061349762
0.065836792
0.075368531
0.089198357
0.10659602
0.12638031
0.1475504
0.16927054
0.1903908
0.20990305
0.22738804
0.24281904
0.2563581
0.26821927
0.27858374
0.28753254
0.29501718
0.30076838
0.30424158
0.30427974
0.29776948
0.27664613
0.21838127
0.071524836
0.024299281
0.06191347
0.066573593
0.07639722
0.090522465
0.10814175
0.12805055
0.14925317
0.17090979
0.19187837
0.21120798
0.22851529
0.24378919
0.25719734
0.26895458
0.27923741
0.28812399
0.29555446
0.30125827
0.30468891
0.30469136
0.29814899
0.27699678
0.21869032
0.071679037
0.024338613
0.062509519
0.067343012
0.077454672
0.091865408
0.10969426
0.12971667
0.15094067
0.17252383
0.19333838
0.21248716
0.22962017
0.24474089
0.25802229
0.26967957
0.27988392
0.28870999
0.29608729
0.3017445
0.3051334
0.30510104
0.29852747
0.27734723
0.21899983
0.071833831
0.024378206
0.063137939
0.06814459
0.078539867
0.093225783
0.11125221
0.13137749
0.15261204
0.174113
0.19477043
0.21374098
0.23070329
0.24567487
0.2588337
0.27039479
0.28052354
0.28929083
0.29661616
0.30222763
0.30557552
0.30550902
0.29890496
0.27769738
0.2193096
0.071989116
0.024418027
0.063798709
0.068977803
0.079651695
0.094602165
0.11281423
0.13303178
0.15426628
0.17567665
0.19617528
0.21496999
0.23176529
0.24659184
0.25963219
0.27110062
0.28115649
0.28986676
0.29714141
0.30270807
0.30601569
0.30591565
0.29928169
0.27804732
0.21961965
0.072144857
0.024458057
0.064491758
0.069842065
0.080788963
0.0959931
0.11437893
0.13467831
0.15590248
0.17721442
0.19755343
0.21617476
0.23280683
0.24749247
0.26041828
0.2717974
0.28178292
0.29043791
0.29766322
0.30318609
0.30645424
0.30632128
0.29965797
0.27839727
0.21993005
0.072301075
0.024498288
0.065216957
0.070736719
0.081950405
0.097397121
0.115945
0.13631601
0.15752048
0.17872547
0.19890507
0.21735583
0.23382853
0.24837737
0.26119246
0.27248541
0.28240301
0.29100441
0.29818174
0.30366188
0.30689142
0.30672617
0.30003406
0.27874742
0.22024096
0.072457823
0.024538721
0.065974119
0.071661042
0.083134688
0.098812739
0.11751106
0.13794366
0.1591192
0.18021003
0.20023055
0.21851368
0.23483098
0.24924709
0.26195513
0.27316489
0.28301688
0.29156638
0.2986971
0.3041356
0.30732741
0.30713054
0.30041016
0.27909799
0.22055252
0.072615162
0.024579361
0.06676299
0.072614241
0.08434042
0.10023844
0.11907575
0.13956009
0.16069768
0.18166829
0.2015302
0.21964878
0.23581463
0.25010181
0.26270597
0.2738349
0.28362427
0.29212345
0.29920907
0.30460717
0.30776223
0.30753447
0.3007864
0.27944907
0.22086485
0.072773161
0.024620231
0.067583248
0.073595457
0.085566165
0.10167274
0.12063781
0.1411647
0.16225459
0.18310029
0.20280434
0.22076147
0.23677948
0.25094085
0.26344379
0.27449367
0.28422462
0.29267426
0.29971637
0.30507564
0.30819529
0.30793764
0.30116262
0.27980063
0.22117794
0.072931834
0.024661351
0.068434493
0.074603761
0.086810438
0.1031141
0.12219589
0.14275595
0.16378966
0.18450617
0.20405325
0.22185197
0.23772563
0.2517646
0.26416985
0.27514382
0.28481824
0.29321904
0.30021872
0.30554043
0.30862584
0.30833932
0.30153822
0.28015231
0.22149161
0.073091113
0.024702715
0.069316251
0.075638166
0.088071724
0.10456101
0.12374888
0.14433227
0.16530246
0.18588608
0.20527716
0.22292048
0.2386534
0.25257371
0.26488498
0.27578607
0.28540544
0.29375813
0.30071588
0.30600054
0.30905252
0.30873626
0.30191107
0.28050205
0.22180445
0.073250469
0.024744244
0.070227966
0.076697621
0.089348485
0.10601197
0.12529571
0.14589229
0.16679248
0.18724015
0.20647631
0.22396729
0.2395632
0.25336879
0.26558968
0.27642059
0.28598637
0.29429175
0.30120808
0.30645628
0.30947581
0.30913031
0.3022817
0.28084979
0.22211592
0.073409542
0.024785838
0.071169001
0.07778102
0.090639143
0.10746546
0.12683479
0.14743528
0.16825934
0.18856842
0.20765089
0.22499269
0.2404555
0.25415032
0.26628425
0.27704747
0.2865611
0.29482017
0.30169584
0.30690838
0.30989642
0.30952255
0.30265097
0.28119634
0.22242641
0.073568367
0.024827448
0.072138638
0.078887218
0.091942165
0.10892044
0.12836422
0.14896026
0.16970265
0.18987107
0.20880116
0.22599703
0.24133072
0.25491868
0.26696888
0.2776668
0.28712979
0.2953437
0.30217967
0.30735746
0.31031492
0.30991352
0.30301945
0.28154238
0.2227365
0.073727165
0.024869086
0.073136078
0.080015015
0.093255953
0.1103752
0.12988284
0.15046634
0.17112211
0.19114826
0.20992737
0.22698065
0.24218923
0.25567416
0.26764378
0.27827868
0.2876926
0.29586262
0.30265996
0.30780397
0.31073174
0.31030357
0.30338755
0.28188836
0.22304663
0.073886151
0.024910787
0.074160446
0.081163193
0.094579168
0.11182783
0.13138947
0.15195273
0.17251744
0.1924001
0.21102978
0.22794389
0.24303139
0.25641704
0.26830907
0.27888324
0.28824972
0.29637721
0.30313706
0.30824826
0.31114719
0.31069298
0.30375551
0.28223454
0.22335707
0.074045481
0.024952589
0.075210789
0.08233049
0.095910244
0.11327669
0.13288295
0.15341873
0.17388842
0.19362669
0.21210865
0.22888696
0.24385713
0.25714676
0.26896369
0.2794803
0.28880084
0.29688733
0.30361101
0.30869048
0.31156143
0.31108191
0.30412348
0.28258105
0.22366799
0.074205268
0.024994536
0.076286845
0.083516521
0.097246653
0.11472033
0.13436214
0.15486366
0.17523488
0.19482811
0.21316412
0.22980974
0.24466571
0.25786213
0.26960613
0.28006948
0.28934493
0.29739204
0.30408113
0.30913019
0.31197423
0.31147021
0.30449137
0.28292787
0.22397942
0.074365554
0.025036663
0.077387569
0.084719796
0.098586794
0.11615732
0.13582593
0.15628694
0.17655667
0.19600447
0.21419625
0.23071216
0.24545733
0.25856425
0.27023872
0.2806509
0.28988213
0.29789104
0.3045469
0.30956686
0.31238511
0.31185749
0.30485891
0.28327479
0.22429124
0.074526299
0.025078961
0.078511561
0.08593839
0.09992938
0.11758635
0.13727333
0.15768803
0.17785363
0.19715578
0.21520515
0.23159438
0.24623247
0.25925386
0.27086213
0.28122492
0.29041294
0.29838458
0.30500826
0.31000022
0.3127937
0.31224336
0.30522574
0.28362155
0.22460328
0.07468744
0.025121413
0.079657166
0.087170509
0.101273
0.11900592
0.13870255
0.15906353
0.17912251
0.19828359
0.21619101
0.23245654
0.24699159
0.25993142
0.2714766
0.28179178
0.29093778
0.29887308
0.30546545
0.31043029
0.31319985
0.31262758
0.3055916
0.28396789
0.22491536
0.074848905
0.025164021
0.080822655
0.088414376
0.10261609
0.12041424
0.14011107
0.16040983
0.18036087
0.19938918
0.21715396
0.23329848
0.24773483
0.26059715
0.27208225
0.28235165
0.29145695
0.29935688
0.30591878
0.31085725
0.31360362
0.31301009
0.30595633
0.28431365
0.22522729
0.075010607
0.025206781
0.08200624
0.089668211
0.10395702
0.12180959
0.14149746
0.16172804
0.18157146
0.20047113
0.218094
0.23412016
0.24846218
0.2612511
0.27267913
0.28290464
0.29197063
0.29983624
0.3063685
0.31128134
0.31400515
0.31339095
0.30631994
0.28465874
0.22553898
0.075172479
0.02524966
0.083206077
0.090930226
0.10529415
0.12319044
0.14286094
0.16301898
0.18275549
0.20152895
0.21901125
0.23492172
0.24917361
0.26189323
0.27326725
0.28345079
0.29247893
0.30031133
0.30681483
0.31170274
0.31440462
0.31377031
0.3066825
0.28500323
0.22585044
0.075334495
0.025292626
0.08442028
0.092198637
0.10662589
0.12455544
0.14420093
0.16428319
0.18391354
0.20256249
0.21990593
0.23570344
0.24986913
0.26252329
0.27384641
0.28399017
0.29298202
0.30078238
0.307258
0.31212169
0.31480224
0.31414833
0.30704417
0.28534722
0.22616173
0.075496684
0.025335686
0.085646928
0.093471671
0.10795075
0.12590347
0.14551705
0.16552094
0.1850459
0.20357182
0.22077807
0.2364645
0.2505465
0.26313801
0.27441608
0.28452148
0.29347896
0.30124884
0.30769777
0.31253814
0.31519805
0.31452513
0.30740505
0.2856908
0.22647289
0.07565906
0.025378849
0.086884079
0.094747582
0.1092673
0.12723354
0.14680909
0.16673256
0.18615269
0.2045567
0.22162732
0.23720486
0.25120654
0.26373929
0.27497584
0.28504427
0.29396902
0.30171004
0.30813363
0.31295176
0.31559187
0.31490061
0.30776513
0.28603398
0.22678397
0.075821653
0.025422118
0.088129781
0.096024655
0.11057422
0.12854464
0.14807609
0.16791553
0.18722697
0.20550921
0.2224567
0.23792476
0.25184935
0.26432774
0.27552566
0.28555871
0.29445211
0.30216562
0.30856515
0.31336214
0.31598338
0.31527453
0.30812423
0.28637664
0.2270949
0.075984462
0.02546553
0.08938208
0.097301201
0.1118702
0.12983566
0.14931692
0.16906855
0.18826982
0.20643306
0.22326481
0.23862434
0.2524748
0.26490298
0.27606534
0.28606486
0.29492827
0.3026155
0.3089921
0.31376898
0.31637224
0.31564658
0.3084821
0.28671859
0.22740551
0.076147351
0.025509013
0.090639024
0.09857555
0.11315395
0.13110549
0.1505307
0.17019164
0.18928328
0.20733071
0.22405052
0.23930364
0.25308257
0.26546453
0.27659482
0.28656297
0.29539781
0.30305987
0.30941452
0.3141722
0.31675833
0.31601662
0.3088386
0.28705973
0.22771577
0.076310354
0.025552551
0.091898672
0.099846053
0.1144242
0.13235307
0.1517166
0.17128394
0.19026449
0.20819324
0.22479905
0.23995645
0.25366464
0.2660094
0.27711023
0.28705052
0.29585944
0.30349814
0.30983217
0.31457168
0.31714152
0.31638451
0.30919358
0.2873999
0.22802557
0.07647351
0.025596283
0.093159095
0.10111108
0.1156797
0.13357734
0.15287368
0.17234426
0.19121161
0.20902026
0.22551207
0.24057754
0.2542241
0.26653305
0.27760737
0.28752387
0.29631044
0.30392852
0.31024389
0.31496667
0.31752133
0.31674986
0.30954671
0.2877388
0.22833464
0.07663667
0.025640202
0.094418382
0.10236902
0.11691923
0.13477726
0.15400097
0.17337166
0.19212422
0.20981342
0.22619491
0.2411733
0.25476145
0.26703462
0.27808419
0.28798017
0.296748
0.3043486
0.31064783
0.31535581
0.31789674
0.31711194
0.30989748
0.28807609
0.22864279
0.076799707
0.0256842
0.095674636
0.10361827
0.11814157
0.13595187
0.15509764
0.17436563
0.19300285
0.21057487
0.2268508
0.2417465
0.25527792
0.26751501
0.2785405
0.28841813
0.29717012
0.30475624
0.311042
0.31573739
0.31826639
0.31746973
0.31024515
0.28841128
0.22894965
0.076962446
0.025728223
0.096925983
0.10485723
0.11934554
0.13710027
0.15616312
0.17532617
0.1938485
0.21130655
0.22748171
0.24229853
0.25577461
0.26797545
0.27897705
0.28883756
0.29757585
0.30514998
0.31142476
0.31610983
0.31862888
0.31782203
0.31058877
0.28874361
0.22925466
0.077124615
0.025772223
0.098170573
0.10608435
0.12052995
0.13822163
0.15719704
0.17625369
0.19466235
0.21201005
0.22808892
0.24283024
0.25625237
0.26841707
0.27939485
0.28923899
0.29796503
0.30552911
0.31179504
0.31647192
0.31898297
0.31816771
0.31092735
0.28907224
0.22955716
0.07728588
0.025816126
0.099406586
0.10729808
0.12169373
0.13931531
0.15819931
0.17714877
0.19544553
0.21268662
0.22867336
0.24334225
0.25671192
0.26884086
0.27979494
0.28962319
0.29833803
0.30589356
0.31215241
0.31682294
0.31932784
0.3185059
0.31126004
0.2893964
0.22985643
0.077445889
0.025859847
0.10063224
0.10849691
0.12283583
0.14038085
0.15917004
0.1780121
0.19619909
0.21333726
0.22923575
0.24383509
0.25715385
0.26924762
0.28017827
0.28999107
0.29869549
0.30624364
0.31249685
0.31716265
0.31966305
0.31883608
0.31158623
0.28971545
0.23015191
0.07760431
0.025903299
0.10184586
0.10967969
0.12395549
0.14141771
0.16010945
0.17884438
0.19692399
0.21396284
0.22977668
0.24430921
0.2575787
0.26963809
0.28054574
0.29034352
0.2990382
0.30657994
0.31282873
0.31749118
0.31998856
0.31915804
0.31190562
0.29002902
0.23044314
0.077760878
0.0259464
0.1030458
0.11084492
0.12505179
0.14242589
0.16101792
0.17964634
0.19762108
0.21456409
0.23029669
0.24476505
0.25798695
0.27001292
0.28089812
0.2906814
0.29936699
0.30690318
0.31314861
0.31780892
0.3203046
0.3194719
0.31221818
0.29033694
0.23072987
0.077915406
0.025989082
0.10423044
0.11199118
0.12612394
0.14340551
0.16189595
0.18041872
0.19829114
0.21514166
0.23079626
0.24520302
0.25837907
0.27037269
0.28123616
0.29100553
0.2996827
0.30721414
0.31345718
0.31811645
0.32061162
0.31977797
0.31252407
0.29063925
0.23101202
0.078067791
0.026031297
0.10539825
0.11311722
0.12717141
0.14435672
0.16274397
0.18116223
0.19893491
0.21569616
0.23127587
0.24562352
0.25875549
0.27071795
0.28156053
0.29131668
0.29998613
0.30751362
0.31375518
0.31841443
0.32091016
0.3200767
0.31282362
0.29093614
0.23128961
0.078218
0.026073011
0.10654777
0.11422193
0.12819365
0.14527967
0.16356264
0.18187756
0.19955307
0.21622817
0.23173595
0.24602694
0.25911666
0.27104924
0.28187186
0.29161558
0.30027806
0.30780242
0.31404338
0.31870356
0.32120086
0.32036862
0.31311723
0.29122788
0.2315628
0.078366055
0.026114209
0.1076777
0.11530435
0.12919021
0.14617456
0.16435259
0.18256544
0.20014629
0.21673823
0.23217696
0.24641368
0.25946298
0.27136704
0.28217074
0.2919029
0.30055924
0.30808128
0.31432252
0.31898454
0.32148435
0.32065428
0.31340534
0.29151477
0.23183178
0.078512015
0.026154887
0.10878685
0.11636366
0.13016078
0.14704162
0.16511445
0.18322657
0.20071521
0.21722688
0.23259933
0.24678414
0.25979487
0.27167184
0.28245775
0.29217929
0.30083035
0.30835094
0.31459331
0.31925805
0.32176124
0.3209342
0.31368839
0.29179716
0.23209675
0.078655961
0.026195049
0.10987416
0.11739916
0.13110519
0.14788115
0.16584881
0.18386162
0.20126046
0.21769465
0.23300351
0.24713872
0.26011276
0.27196411
0.2827334
0.29244534
0.30109204
0.30861204
0.31485641
0.31952472
0.3220321
0.32120888
0.31396677
0.29207535
0.23235796
0.078797986
0.026234708
0.11093873
0.11841028
0.13202334
0.14869347
0.16655625
0.18447126
0.20178266
0.21814206
0.23338993
0.24747783
0.26041705
0.2722443
0.28299822
0.29270161
0.3013449
0.30886522
0.31511243
0.31978511
0.32229747
0.32147877
0.31424087
0.29234964
0.23261561
0.078938183
0.026273877
0.11197977
0.11939658
0.13291524
0.14947896
0.16723737
0.18505613
0.20228241
0.21856964
0.23375906
0.24780188
0.26070815
0.27251286
0.28325269
0.29294864
0.3015895
0.30911102
0.31536192
0.32003976
0.32255779
0.32174426
0.31451101
0.29262028
0.23286992
0.079076642
0.026312574
0.11299663
0.12035771
0.13378095
0.15023801
0.16789274
0.18561688
0.2027603
0.2189779
0.23411133
0.24811128
0.26098649
0.2727702
0.28349727
0.2931869
0.30182633
0.30934997
0.31560537
0.32028911
0.32281348
0.3220057
0.31477748
0.2928875
0.23312104
0.079213448
0.026350815
0.11398879
0.12129344
0.1346206
0.15097103
0.16852294
0.18615413
0.20321694
0.21936736
0.23444722
0.24840645
0.26125246
0.27301675
0.28373239
0.29341686
0.30205587
0.30958252
0.31584323
0.32053357
0.3230649
0.32226339
0.31504051
0.2931515
0.23336916
0.079348674
0.026388616
0.11495586
0.12220362
0.13543438
0.15167846
0.16912858
0.18666851
0.2036529
0.21973856
0.23476717
0.24868782
0.26150647
0.27325293
0.28395848
0.29363894
0.30227855
0.30980909
0.31607588
0.3207735
0.32331234
0.32251756
0.31530031
0.29341244
0.2336144
0.079482388
0.026425991
0.11589753
0.12308818
0.13622253
0.15236076
0.16971022
0.18716063
0.20406878
0.22009201
0.23507167
0.24895582
0.26174894
0.27347913
0.28417593
0.29385355
0.30249475
0.31003005
0.31630368
0.32100919
0.32355607
0.32276845
0.31555705
0.29367046
0.23385687
0.079614648
0.026462956
0.1168136
0.12394713
0.13698532
0.15301842
0.17026845
0.18763112
0.20446516
0.22042824
0.23536117
0.24921086
0.26198025
0.27369573
0.28438513
0.29406105
0.30270483
0.31024575
0.31652691
0.32124093
0.32379632
0.32301621
0.31581088
0.29392568
0.2340967
0.079745505
0.02649952
0.11770399
0.12478056
0.13772306
0.15365192
0.17080388
0.18808058
0.20484262
0.22074778
0.23563615
0.24945337
0.26220081
0.27390312
0.28458644
0.2942618
0.30290912
0.31045647
0.31674586
0.32146893
0.32403327
0.32326102
0.31606193
0.2941782
0.23433394
0.079874999
0.026535697
0.11856868
0.12558859
0.13843609
0.15426176
0.17131707
0.18850962
0.20520173
0.22105115
0.23589708
0.24968379
0.262411
0.27410166
0.2847802
0.29445611
0.30310792
0.31066248
0.31696075
0.3216934
0.32426709
0.32350298
0.31631028
0.29442811
0.2345687
0.08000317
0.026571494
0.11940771
0.12637143
0.1391248
0.15484846
0.17180864
0.18891884
0.20554307
0.22133887
0.23614442
0.24990253
0.26261123
0.27429171
0.28496675
0.29464429
0.30330151
0.31086405
0.31717181
0.32191451
0.32449792
0.32374222
0.31655603
0.29467546
0.23480101
0.080130048
0.02660692
0.12022123
0.12712931
0.13978959
0.15541255
0.17227915
0.18930885
0.20586721
0.22161147
0.23637866
0.25011002
0.26280185
0.27447361
0.28514639
0.29482662
0.30349013
0.31106137
0.31737921
0.32213241
0.32472588
0.32397882
0.31679925
0.29492033
0.23503095
0.08025566
0.026641982
0.12100942
0.12786254
0.14043088
0.15595455
0.17272921
0.18968025
0.20617473
0.22186948
0.23660025
0.25030667
0.26298326
0.2746477
0.28531944
0.29500339
0.30367403
0.31125466
0.31758311
0.32234725
0.32495107
0.32421286
0.31704001
0.29516277
0.23525855
0.08038003
0.026676687
0.12177252
0.12857142
0.14104912
0.15647501
0.17315941
0.19003362
0.20646618
0.2221134
0.23680967
0.2504929
0.26315582
0.27481432
0.28548618
0.29517482
0.30385342
0.3114441
0.31778369
0.32255914
0.32517358
0.32444442
0.31727835
0.29540283
0.23548386
0.080503177
0.026711039
0.12251083
0.12925634
0.14164476
0.15697446
0.17357032
0.19036956
0.20674213
0.22234375
0.23700737
0.25066913
0.26331989
0.27497377
0.2856469
0.29534118
0.30402851
0.31162986
0.31798106
0.32276818
0.32539351
0.32467355
0.31751434
0.29564054
0.23570692
0.080625119
0.026745044
0.12322467
0.12991767
0.14221829
0.15745346
0.17396254
0.19068864
0.20700313
0.22256104
0.23719381
0.25083575
0.26347584
0.27512638
0.28580185
0.2955027
0.30419949
0.31181209
0.31817537
0.32297449
0.32561093
0.32490032
0.31774801
0.29587594
0.23592775
0.080745874
0.026778706
0.12391442
0.13055585
0.1427702
0.15791256
0.17433663
0.19099145
0.20724973
0.22276577
0.23736944
0.25099316
0.263624
0.27527244
0.28595131
0.29565958
0.30436654
0.31199096
0.31836672
0.32317815
0.32582591
0.32512477
0.3179794
0.29610907
0.2361464
0.080865454
0.026812028
0.12458048
0.1311713
0.14330098
0.1583523
0.17469319
0.19127856
0.20748247
0.22295845
0.23753471
0.25114176
0.26376472
0.27541225
0.28609552
0.29581204
0.30452985
0.3121666
0.31855524
0.32337926
0.32603851
0.32534697
0.31820856
0.29633996
0.23636288
0.080983874
0.026845014
0.12522328
0.13176449
0.14381115
0.15877324
0.17503277
0.19155054
0.20770189
0.22313956
0.23769006
0.25128194
0.26389834
0.27554611
0.28623474
0.2959603
0.30468957
0.31233914
0.31874103
0.32357788
0.3262488
0.32556694
0.31843553
0.29656865
0.23657723
0.081101147
0.026877667
0.12584327
0.1323359
0.14430122
0.15917592
0.17535595
0.19180793
0.20790851
0.22330958
0.23783592
0.25141407
0.2640252
0.27567428
0.28636919
0.29610454
0.30484588
0.31250872
0.31892418
0.32377411
0.32645684
0.32578475
0.31866033
0.29679516
0.23678948
0.081217284
0.02690999
0.12644092
0.13288601
0.14477172
0.15956091
0.17566328
0.19205128
0.20810285
0.223469
0.23797272
0.25153853
0.2641456
0.27579706
0.28649911
0.29624496
0.30499892
0.31267546
0.31910481
0.32396801
0.32666269
0.32600043
0.31888302
0.29701953
0.23699965
0.081332297
0.026941987
0.12701672
0.13341534
0.14522317
0.15992873
0.17595532
0.19228115
0.20828543
0.22361827
0.23810087
0.25165569
0.26425987
0.2759147
0.28662473
0.29638175
0.30514885
0.31283949
0.319283
0.32415968
0.32686641
0.32621404
0.31910362
0.29724179
0.23720777
0.081446199
0.026973659
0.12757117
0.13392439
0.14565609
0.16027994
0.17623262
0.19249805
0.20845674
0.22375785
0.23822078
0.2517659
0.26436833
0.27602747
0.28674627
0.29651509
0.30529582
0.31300092
0.31945886
0.32434917
0.32706806
0.32642562
0.31932217
0.29746197
0.23741387
0.081559002
0.027005011
0.1281048
0.13441368
0.14607102
0.16061507
0.1764957
0.19270251
0.20861727
0.2238882
0.23833286
0.25186952
0.26447126
0.27613564
0.28686394
0.29664515
0.30543998
0.31315988
0.31963247
0.32453657
0.32726769
0.32663521
0.31953872
0.29768009
0.23761797
0.081670717
0.027036044
0.12861811
0.13488373
0.14646849
0.16093466
0.1767451
0.19289504
0.2087675
0.22400975
0.23843749
0.25196689
0.26456898
0.27623944
0.28697797
0.29677212
0.30558147
0.31331647
0.31980393
0.32472195
0.32746536
0.32684287
0.31975329
0.29789621
0.23782009
0.081781357
0.027066763
0.12911164
0.13533507
0.14684902
0.16123923
0.17698134
0.19307615
0.20890791
0.22412294
0.23853507
0.25205836
0.26466177
0.27633914
0.28708854
0.29689617
0.30572043
0.31347082
0.31997334
0.32490538
0.32766114
0.32704863
0.31996594
0.29811033
0.23802028
0.081890935
0.027097169
0.12958592
0.13576823
0.14721313
0.16152931
0.17720493
0.19324633
0.20903895
0.22422818
0.23862597
0.25214424
0.26474991
0.27643498
0.28719588
0.29701746
0.30585699
0.31362303
0.32014077
0.32508693
0.32785508
0.32725255
0.32017669
0.29832252
0.23821856
0.081999464
0.027127266
0.13004148
0.13618373
0.14756134
0.1618054
0.17741638
0.19340605
0.20916108
0.22432589
0.23871055
0.25222486
0.26483369
0.27652718
0.28730017
0.29713616
0.3059913
0.31377321
0.32030632
0.32526669
0.32804724
0.32745468
0.32038559
0.29853278
0.23841495
0.082106958
0.027157057
0.13047886
0.1365821
0.14789418
0.16206802
0.17761617
0.19355578
0.20927473
0.22441646
0.23878917
0.25230054
0.26491338
0.27661598
0.28740161
0.29725243
0.30612348
0.31392148
0.32047009
0.32544471
0.32823768
0.32765506
0.32059268
0.29874117
0.23860949
0.082213431
0.027186546
0.13089859
0.13696387
0.14821215
0.16231765
0.17780479
0.19369599
0.20938033
0.22450028
0.23886218
0.25237158
0.26498923
0.2767016
0.28750039
0.29736644
0.30625368
0.31406794
0.32063215
0.32562107
0.32842645
0.32785374
0.320798
0.29894771
0.23880221
0.082318897
0.027215736
0.13130121
0.13732955
0.14851576
0.1625548
0.17798271
0.19382713
0.20947829
0.22457774
0.23892993
0.25243827
0.26506151
0.27678427
0.2875967
0.29747832
0.30638201
0.3142127
0.3207926
0.32579585
0.32861363
0.32805077
0.32100159
0.29915245
0.23899314
0.082423372
0.027244631
0.13168723
0.13767966
0.1488055
0.16277995
0.17815039
0.19394962
0.20956903
0.22464921
0.23899273
0.25250092
0.26513047
0.27686421
0.28769072
0.29758825
0.3065086
0.31435587
0.32095153
0.32596912
0.32879926
0.3282462
0.3212035
0.29935541
0.2391823
0.082526869
0.027273235
0.13205719
0.13801472
0.14908187
0.16299355
0.17830829
0.1940639
0.20965294
0.22471504
0.23905091
0.2525598
0.26519635
0.27694161
0.28778262
0.29769636
0.30663359
0.31449754
0.32110901
0.32614094
0.32898341
0.32844009
0.32140376
0.29955665
0.23936975
0.082629405
0.027301551
0.13241161
0.13833522
0.14934534
0.16319609
0.17845684
0.19417039
0.20973041
0.22477558
0.23910479
0.25261518
0.26525939
0.27701669
0.28787259
0.29780281
0.30675708
0.31463782
0.32126513
0.32631139
0.32916614
0.32863247
0.32160243
0.29975618
0.2395555
0.082730997
0.027329584
0.13275099
0.13864166
0.14959641
0.163388
0.17859647
0.19426947
0.20980179
0.22483117
0.23915467
0.25266733
0.26531983
0.27708963
0.28796078
0.29790773
0.30687921
0.31477681
0.32141999
0.32648054
0.3293475
0.3288234
0.32179953
0.29995406
0.23973959
0.08283166
0.027357337
0.13307585
0.13893454
0.14983552
0.16356974
0.1787276
0.19436156
0.20986746
0.22488215
0.23920083
0.25271651
0.26537788
0.27716065
0.28804736
0.29801126
0.30700008
0.31491461
0.32157365
0.32664845
0.32952755
0.32901293
0.32199513
0.30015032
0.23992205
0.082931411
0.027384815
0.13338668
0.13921433
0.15006314
0.16374173
0.17885064
0.19444701
0.20992777
0.22492882
0.23924357
0.25276297
0.26543376
0.27722992
0.2881325
0.29811355
0.30711982
0.31505131
0.3217262
0.3268152
0.32970635
0.32920111
0.32218925
0.300345
0.24010292
0.083030268
0.027412022
0.13368398
0.13948152
0.15027973
0.1639044
0.17896599
0.19452622
0.20998306
0.22497149
0.23928315
0.25280696
0.26548769
0.27729762
0.28821634
0.29821471
0.30723852
0.315187
0.32187771
0.32698085
0.32988395
0.32938798
0.32238194
0.30053814
0.24028223
0.083128247
0.027438963
0.13396821
0.13973656
0.15048571
0.16405816
0.17907403
0.19459953
0.21003365
0.22501047
0.23931985
0.2528487
0.26553987
0.27736393
0.28829904
0.29831488
0.3073563
0.31532178
0.32202827
0.32714546
0.33006042
0.32957359
0.32257324
0.30072977
0.24046002
0.083225366
0.027465642
0.13423987
0.13997992
0.15068152
0.16420341
0.17917514
0.19466729
0.21007987
0.22504604
0.23935392
0.25288842
0.26559049
0.27742901
0.28838074
0.29841419
0.30747327
0.31545574
0.32217795
0.3273091
0.33023581
0.329758
0.3227632
0.30091993
0.24063631
0.083321641
0.027492064
0.13449942
0.14021203
0.15086757
0.16434055
0.17926968
0.19472984
0.21012202
0.22507848
0.2393856
0.25292634
0.26563975
0.27749305
0.28846159
0.29851274
0.30758952
0.31558896
0.32232682
0.32747183
0.33041016
0.32994124
0.32295186
0.30110867
0.24081116
0.083417093
0.027518234
0.1347473
0.14043335
0.15104429
0.16446995
0.179358
0.19478751
0.2101604
0.22510806
0.23941515
0.25296268
0.26568783
0.27755618
0.28854171
0.29861066
0.30770516
0.31572152
0.32247496
0.32763372
0.33058353
0.33012336
0.32313926
0.30129601
0.24098458
0.083511737
0.027544156
0.13498397
0.14064429
0.15121207
0.164592
0.17944045
0.1948406
0.21019529
0.22513503
0.23944278
0.25299762
0.2657349
0.27761857
0.28862124
0.29870806
0.30782027
0.31585351
0.32262243
0.32779481
0.33075598
0.33030442
0.32332543
0.301482
0.24115661
0.083605591
0.027569835
0.13520986
0.14084528
0.15137129
0.16470704
0.17951736
0.19488944
0.21022698
0.22515965
0.23946873
0.25303138
0.26578114
0.27768035
0.2887003
0.29880504
0.30793495
0.315985
0.32276929
0.32795518
0.33092755
0.33048444
0.32351042
0.30166668
0.24132729
0.083698675
0.027595276
0.13542539
0.14103673
0.15152235
0.16481543
0.17958906
0.19493429
0.21025573
0.22518216
0.23949319
0.25306413
0.26582671
0.27774168
0.28877902
0.29890171
0.30804929
0.31611606
0.32291562
0.32811487
0.33109829
0.33066347
0.32369427
0.30185007
0.24149665
0.083791005
0.027620484
0.13563099
0.14121902
0.1516656
0.16491751
0.17965585
0.19497547
0.2102818
0.22520278
0.23951638
0.25309606
0.26587176
0.27780268
0.28885751
0.29899817
0.30816337
0.31624678
0.32306147
0.32827393
0.33126825
0.33084156
0.32387701
0.30203222
0.24166472
0.0838826
0.027645463
0.13582706
0.14139256
0.15180142
0.16501361
0.17971803
0.19501323
0.21030544
0.22522174
0.2395385
0.25312733
0.26591644
0.27786349
0.28893588
0.2990945
0.30827728
0.31637721
0.32320691
0.32843242
0.33143747
0.33101874
0.32405869
0.30221316
0.24183155
0.083973478
0.027670219
0.13601398
0.14155771
0.15193015
0.16510405
0.17977591
0.19504784
0.21032688
0.22523925
0.23955973
0.25315812
0.2659609
0.27792423
0.28901423
0.29919081
0.30839108
0.31650743
0.32335198
0.32859039
0.331606
0.33119506
0.32423933
0.30239293
0.24199715
0.084063654
0.027694756
0.13619216
0.14171485
0.15205212
0.16518914
0.17982975
0.19507956
0.21034635
0.22525551
0.23958025
0.25318858
0.26600527
0.27798501
0.28909267
0.29928718
0.30850485
0.3166375
0.32349675
0.32874789
0.33177388
0.33137056
0.32441898
0.30257156
0.24216156
0.08415315
0.02771908
0.13636195
0.14186433
0.15216768
0.16526918
0.17987983
0.19510863
0.21036407
0.22527073
0.23960023
0.25321885
0.26604969
0.27804595
0.2891713
0.29938368
0.30861867
0.31676747
0.32364127
0.32890496
0.33194115
0.33154526
0.32459767
0.30274908
0.24232482
0.08424198
0.027743195
0.13652373
0.14200651
0.15227714
0.16534446
0.17992642
0.19513529
0.21038026
0.22528508
0.23961985
0.2532491
0.26609428
0.27810715
0.2892502
0.29948041
0.3087326
0.31689741
0.32378558
0.32906164
0.33210784
0.33171921
0.32477544
0.30292553
0.24248696
0.084330162
0.027767106
0.13667786
0.14214172
0.15238082
0.16541527
0.17996977
0.19515976
0.21039511
0.22529875
0.23963924
0.25327944
0.26613915
0.27816872
0.28932946
0.29957742
0.3088467
0.31702737
0.32392974
0.32921798
0.33227401
0.33189244
0.32495232
0.30310094
0.242648
0.084417714
0.027790818
0.13682467
0.14227028
0.15247901
0.16548188
0.18001011
0.19518226
0.21040882
0.2253119
0.23965858
0.25331001
0.26618442
0.27823075
0.28940917
0.2996748
0.30896103
0.3171574
0.32407379
0.32937402
0.33243968
0.33206499
0.32512833
0.30327534
0.24280798
0.084504652
0.027814336
0.13696449
0.14239253
0.152572
0.16554454
0.18004769
0.195203
0.21042158
0.22532469
0.23967798
0.25334093
0.26623019
0.27829333
0.28948939
0.2997726
0.30907565
0.31728755
0.32421777
0.32952979
0.33260488
0.33223688
0.32530351
0.30344877
0.24296693
0.084590994
0.027837665
0.13709767
0.14250876
0.15266008
0.16560351
0.18008273
0.19522218
0.21043355
0.2253373
0.2396976
0.25337232
0.26627656
0.27835655
0.28957021
0.29987088
0.30919061
0.31741786
0.32436172
0.32968534
0.33276966
0.33240815
0.3254779
0.30362125
0.24312487
0.084676755
0.027860809
0.1372245
0.14261927
0.15274353
0.16565904
0.18011545
0.19524
0.21044491
0.22534985
0.23971756
0.25340429
0.26632363
0.27842048
0.28965168
0.29996972
0.30930596
0.31754838
0.32450568
0.32984069
0.33293404
0.33257883
0.32565152
0.30379281
0.24328185
0.084761952
0.027883772
0.13734529
0.14272436
0.1528226
0.16571137
0.18014605
0.19525663
0.21045581
0.22536249
0.23973797
0.25343694
0.26637149
0.27848521
0.28973388
0.30006915
0.30942174
0.31767915
0.32464969
0.32999587
0.33309805
0.33274894
0.3258244
0.30396348
0.24343787
0.084846601
0.027906561
0.13746035
0.14282431
0.15289755
0.16576071
0.18017475
0.19527225
0.21046642
0.22537535
0.23975896
0.25347037
0.26642021
0.2785508
0.28981686
0.30016924
0.30953801
0.3178102
0.32479377
0.33015092
0.33326172
0.33291852
0.32599656
0.30413329
0.24359298
0.084930717
0.027929179
0.13756995
0.14291939
0.15296863
0.16580729
0.18020172
0.19528703
0.21047688
0.22538856
0.23978063
0.25350467
0.26646987
0.27861731
0.28990068
0.30027002
0.3096548
0.31794158
0.32493796
0.33030587
0.33342508
0.33308759
0.32616804
0.30430227
0.2437472
0.085014316
0.027951631
0.13767438
0.14300985
0.15303608
0.16585132
0.18022715
0.19530112
0.21048732
0.22540223
0.23980308
0.25353993
0.26652056
0.27868481
0.28998539
0.30037154
0.30977214
0.3180733
0.32508229
0.33046074
0.33358815
0.33325617
0.32633886
0.30447044
0.24390055
0.085097412
0.02797392
0.13777389
0.14309596
0.15310012
0.16589301
0.18025123
0.19531469
0.21049787
0.22541649
0.2398264
0.25357623
0.26657233
0.27875336
0.29007103
0.30047384
0.30989007
0.31820541
0.32522678
0.33061556
0.33375096
0.33342429
0.32650904
0.30463784
0.24405307
0.085180022
0.027996053
0.13786876
0.14317796
0.15316098
0.16593254
0.18027411
0.19532788
0.21050867
0.22543143
0.2398507
0.25361364
0.26662524
0.278823
0.29015765
0.30057695
0.31000862
0.31833793
0.32537147
0.33077035
0.33391353
0.33359198
0.3266786
0.30480447
0.24420477
0.085262158
0.028018032
0.13795923
0.14325609
0.15321887
0.1659701
0.18029596
0.19534082
0.21051982
0.22544715
0.23987604
0.25365222
0.26667936
0.27889378
0.29024529
0.30068092
0.31012783
0.31847088
0.32551636
0.33092513
0.33407588
0.33375924
0.32684758
0.30497037
0.24435568
0.085343836
0.028039862
0.13804555
0.14333057
0.153274
0.16600588
0.18031694
0.19535364
0.21053145
0.22546374
0.23990251
0.25369206
0.26673474
0.27896575
0.29033399
0.30078576
0.31024771
0.31860429
0.32566149
0.33107992
0.33423803
0.33392611
0.32701599
0.30513557
0.24450582
0.085425069
0.028061548
0.13812794
0.14340163
0.15332656
0.16604004
0.18033719
0.19536648
0.21054364
0.2254813
0.23993017
0.2537332
0.26679143
0.27903895
0.29042377
0.30089151
0.31036829
0.31873817
0.32580687
0.33123475
0.3344
0.3340926
0.32718385
0.30530007
0.24465523
0.08550587
0.028083093
0.13820664
0.14346948
0.15337674
0.16607276
0.18035685
0.19537944
0.21055651
0.22549991
0.23995911
0.2537757
0.26684946
0.2791134
0.29051467
0.30099819
0.31048958
0.31887255
0.32595252
0.33138962
0.33456181
0.33425874
0.32735119
0.30546392
0.24480391
0.085586253
0.028104501
0.13828185
0.14353432
0.15342473
0.16610418
0.18037605
0.19539264
0.21057014
0.22551964
0.23998937
0.2538196
0.26690888
0.27918916
0.29060671
0.30110582
0.31061162
0.31900744
0.32609845
0.33154456
0.33472347
0.33442454
0.32751802
0.30562712
0.2449519
0.085666231
0.028125777
0.1383538
0.14359635
0.1534707
0.16613445
0.18039493
0.19540619
0.21058463
0.22554055
0.24002101
0.25386496
0.26696973
0.27926623
0.29069991
0.30121442
0.31073441
0.31914286
0.32624469
0.33169957
0.334885
0.33459001
0.32768436
0.3057897
0.24509921
0.085745816
0.028146924
0.13842268
0.14365576
0.15351482
0.16616373
0.1804136
0.19542019
0.21060005
0.22556273
0.24005409
0.25391182
0.26703204
0.27934465
0.2907943
0.30132401
0.31085796
0.31927882
0.32639123
0.33185467
0.33504642
0.33475517
0.32785023
0.30595167
0.24524586
0.08582502
0.028167945
0.13848869
0.14371273
0.15355725
0.16619216
0.18043218
0.19543472
0.21061647
0.22558622
0.24008866
0.25396021
0.26709583
0.27942444
0.29088989
0.30143459
0.3109823
0.31941533
0.3265381
0.33200988
0.33520773
0.33492004
0.32801565
0.30611307
0.24539188
0.085903856
0.028188845
0.13855201
0.14376744
0.15359815
0.16621985
0.18045078
0.19544989
0.21063397
0.22561108
0.24012475
0.25401016
0.26716113
0.27950562
0.2909867
0.30154619
0.31110742
0.3195524
0.3266853
0.3321652
0.33536895
0.33508464
0.32818063
0.30627389
0.24553728
0.085982334
0.028209628
0.13861283
0.14382006
0.15363766
0.16624694
0.1804695
0.19546576
0.21065262
0.22563737
0.24016241
0.2540617
0.26722797
0.2795882
0.29108473
0.30165881
0.31123334
0.31969003
0.32683284
0.33232064
0.33553009
0.33524896
0.32834518
0.30643417
0.24568209
0.086060466
0.028230295
0.13867132
0.14387074
0.15367593
0.16627355
0.18048843
0.19548242
0.21067247
0.22566512
0.24020166
0.25411487
0.26729635
0.2796722
0.291184
0.30177245
0.31136006
0.31982824
0.32698072
0.33247622
0.33569116
0.33541304
0.32850933
0.30659392
0.24582631
0.086138263
0.028250852
0.13872764
0.14391965
0.15371309
0.16629978
0.18050767
0.19549994
0.21069358
0.22569439
0.24024255
0.25416967
0.2673663
0.27975762
0.29128451
0.30188713
0.31148758
0.31996702
0.32712896
0.33263193
0.33585217
0.33557687
0.32867309
0.30675316
0.24596998
0.086215736
0.028271301
0.13878196
0.14396693
0.15374927
0.16632576
0.18052731
0.19551839
0.21071601
0.22572521
0.2402851
0.25422614
0.26743783
0.27984448
0.29138627
0.30200284
0.31161592
0.32010638
0.32727755
0.33278778
0.33601312
0.33574047
0.32883646
0.3069119
0.2461131
0.086292895
0.028291646
0.13883442
0.14401273
0.15378459
0.16635157
0.18054742
0.19553783
0.21073979
0.22575761
0.24032932
0.25428427
0.26751094
0.27993277
0.29148927
0.30211958
0.31174506
0.32024632
0.3274265
0.33294379
0.33617403
0.33590385
0.32899947
0.30707015
0.24625569
0.086369749
0.028311889
0.13888518
0.14405717
0.15381918
0.16637732
0.18056809
0.19555832
0.21076497
0.22579162
0.24037525
0.2543441
0.26758565
0.28002251
0.29159353
0.30223736
0.31187502
0.32038685
0.32757582
0.33309995
0.33633491
0.33606703
0.32916213
0.30722794
0.24639777
0.086446309
0.028332034
0.13893437
0.1441004
0.15385314
0.1664031
0.18058938
0.19557991
0.2107916
0.22582727
0.24042289
0.25440562
0.26766195
0.28011368
0.29169903
0.30235618
0.31200578
0.32052796
0.32772549
0.33325627
0.33649575
0.33622999
0.32932444
0.30738527
0.24653935
0.086522584
0.028352084
0.13898214
0.14414253
0.15388659
0.16642899
0.18061137
0.19560266
0.21081969
0.22586459
0.24047226
0.25446884
0.26773985
0.2802063
0.29180578
0.30247602
0.31213734
0.32066965
0.32787554
0.33341274
0.33665657
0.33639277
0.32948641
0.30754216
0.24668045
0.086598583
0.028372042
0.13902861
0.14418369
0.15391962
0.16645509
0.18063411
0.1956266
0.2108493
0.22590358
0.24052338
0.25453376
0.26781934
0.28030035
0.29191377
0.30259688
0.31226971
0.32081191
0.32802594
0.33356938
0.33681736
0.33655535
0.32964807
0.30769863
0.24682108
0.086674314
0.02839191
0.1390739
0.14422399
0.15395233
0.16648145
0.18065766
0.19565178
0.21088043
0.22594427
0.24057624
0.25460039
0.26790043
0.28039582
0.29202299
0.30271877
0.31240286
0.32095475
0.32817671
0.33372618
0.33697814
0.33671776
0.32980941
0.30785468
0.24696126
0.086749787
0.028411691
0.13911813
0.14426354
0.15398481
0.16650816
0.18068208
0.19567824
0.21091313
0.22598667
0.24063085
0.25466873
0.26798311
0.28049273
0.29213344
0.30284166
0.31253681
0.32109816
0.32832783
0.33388315
0.3371389
0.33688
0.32997045
0.30801033
0.247101
0.086825009
0.028431388
0.13916141
0.14430244
0.15401715
0.16653529
0.18070741
0.19570601
0.2109474
0.22603079
0.24068722
0.25473876
0.26806736
0.28059104
0.2922451
0.30296555
0.31267154
0.32124213
0.32847931
0.33404028
0.33729966
0.33704207
0.3301312
0.30816558
0.24724031
0.086899989
0.028451004
0.13920386
0.14434078
0.15404943
0.16656289
0.18073371
0.19573512
0.21098326
0.22607664
0.24074534
0.2548105
0.26815319
0.28069076
0.29235796
0.30309043
0.31280704
0.32138666
0.32863115
0.33419758
0.3374604
0.33720398
0.33029167
0.30832046
0.2473792
0.086974733
0.02847054
0.13924558
0.14437867
0.15408173
0.16659103
0.18076101
0.19576559
0.21102074
0.22612423
0.24080522
0.25488392
0.26824058
0.28079186
0.29247202
0.30321629
0.3129433
0.32153174
0.32878334
0.33435504
0.33762114
0.33736573
0.33045185
0.30847496
0.24751769
0.087049252
0.02849
0.13928665
0.14441619
0.15411412
0.16661977
0.18078936
0.19579746
0.21105983
0.22617354
0.24086684
0.25495901
0.26832952
0.28089435
0.29258725
0.30334312
0.31308031
0.32167736
0.32893586
0.33451266
0.33778188
0.33752733
0.33061177
0.30862911
0.24765579
0.08712355
0.028509386
0.13932718
0.14445342
0.15414667
0.16664915
0.18081879
0.19583075
0.21110056
0.22622459
0.2409302
0.25503578
0.26841999
0.2809982
0.29270365
0.3034709
0.31321806
0.32182351
0.32908873
0.33467043
0.33794261
0.33768878
0.33077142
0.3087829
0.24779351
0.087197634
0.0285287
0.13936725
0.14449045
0.15417944
0.16667923
0.18084933
0.19586546
0.21114292
0.22627738
0.2409953
0.2551142
0.26851199
0.28110339
0.2928212
0.30359962
0.31335655
0.3219702
0.32924194
0.33482837
0.33810334
0.33785009
0.33093081
0.30893635
0.24793086
0.08727151
0.028547944
0.13940695
0.14452735
0.15421251
0.16671004
0.180881
0.19590162
0.21118692
0.22633189
0.24106211
0.25519426
0.26860549
0.28120991
0.29293988
0.30372927
0.31349575
0.3221174
0.32939546
0.33498646
0.33826406
0.33801126
0.33108996
0.30908947
0.24806785
0.087345189
0.02856712
0.13944636
0.1445642
0.15424592
0.16674163
0.18091385
0.19593924
0.21123257
0.22638812
0.24113063
0.25527595
0.26870047
0.28131775
0.29305968
0.30385983
0.31363566
0.3222651
0.32954931
0.33514469
0.33842478
0.3381723
0.33124886
0.30924227
0.24820448
0.087418671
0.028586231
0.13948554
0.14460105
0.15427972
0.16677404
0.18094788
0.19597833
0.21127986
0.22644606
0.24120085
0.25535924
0.26879692
0.28142687
0.29318057
0.30399128
0.31377626
0.32241331
0.32970348
0.33530308
0.3385855
0.33833319
0.33140752
0.30939475
0.24834078
0.087491966
0.028605279
0.13952458
0.14463797
0.15431397
0.16680731
0.18098312
0.19601889
0.21132878
0.2265057
0.24127275
0.25544412
0.26889482
0.28153728
0.29330255
0.30412361
0.31391754
0.322562
0.32985795
0.33546161
0.33874622
0.33849396
0.33156596
0.30954692
0.24847675
0.087565076
0.028624264
0.13956354
0.14467503
0.15434872
0.16684145
0.18101959
0.19606093
0.21137934
0.22656704
0.24134631
0.25553057
0.26899415
0.28164893
0.29342558
0.30425681
0.31405948
0.32271116
0.33001272
0.33562027
0.33890693
0.3386546
0.33172416
0.30969879
0.24861239
0.087638013
0.02864319
0.13960248
0.14471227
0.154384
0.16687651
0.1810573
0.19610446
0.21143153
0.22663005
0.24142152
0.25561857
0.26909488
0.28176182
0.29354966
0.30439085
0.31420208
0.32286079
0.33016778
0.33577907
0.33906764
0.33881511
0.33188214
0.30985037
0.24874772
0.087710777
0.028662058
0.13964146
0.14474975
0.15441985
0.16691251
0.18109626
0.19614947
0.21148533
0.22669473
0.24149835
0.25570809
0.269197
0.28187592
0.29367476
0.30452571
0.31434531
0.32301087
0.33032312
0.335938
0.33922833
0.33897549
0.33203989
0.31000165
0.24888274
0.087783377
0.028680871
0.13968054
0.14478753
0.15445633
0.16694947
0.18113649
0.19619597
0.21154075
0.22676105
0.24157678
0.25579913
0.26930048
0.28199121
0.29380087
0.30466139
0.31448916
0.3231614
0.33047875
0.33609706
0.33938902
0.33913575
0.33219744
0.31015266
0.24901746
0.087855815
0.028699629
0.13971976
0.14482562
0.15449343
0.16698739
0.18117797
0.19624393
0.21159775
0.22682898
0.24165679
0.25589162
0.26940527
0.28210764
0.29392793
0.30479784
0.3146336
0.32331233
0.33063461
0.3362562
0.33954968
0.33929586
0.33235475
0.31030338
0.24915188
0.0879281
0.028718334
0.13975925
0.14486416
0.15453128
0.16702637
0.18122078
0.19629342
0.21165639
0.22689858
0.24173841
0.25598564
0.26951145
0.28222529
0.29405603
0.30493514
0.31477871
0.32346377
0.33079082
0.33641556
0.33971042
0.33945595
0.33251196
0.31045392
0.2492861
0.088000268
0.028737027
0.13979867
0.1449028
0.15456951
0.16706604
0.18126453
0.19634402
0.21171622
0.22696937
0.24182116
0.25608065
0.26961847
0.2823436
0.29418459
0.30507271
0.3149239
0.32361512
0.33094679
0.33657453
0.33987065
0.33961542
0.33266847
0.31060377
0.24941975
0.088072214
0.028755544
0.13983975
0.14494327
0.15460986
0.16710816
0.18131103
0.1963976
0.21177919
0.22704338
0.24190715
0.25617888
0.26972862
0.28246494
0.29431607
0.30521307
0.31507174
0.32376897
0.33110513
0.33673576
0.34003305
0.33977705
0.33282713
0.31075563
0.24955496
0.088145022
0.028774806
0.13987466
0.14497758
0.15464403
0.16714397
0.18135101
0.19644435
0.21183493
0.22710972
0.24198497
0.25626844
0.26982964
0.2825767
0.29443759
0.30534316
0.31520911
0.32391222
0.33125282
0.33688634
0.34018469
0.33992741
0.33297415
0.31089626
0.24968166
0.08821436
0.028791953
0.13991964
0.14502239
0.15468953
0.16719219
0.18140459
0.19650597
0.21190683
0.22719349
0.24208152
0.25637798
0.26995187
0.28271091
0.29458276
0.30549807
0.31537241
0.32408248
0.33142849
0.33706576
0.34036615
0.34010946
0.3331531
0.31106852
0.24983406
0.088295626
0.02881632
)
;

boundaryField
{
    inlet
    {
        type            fixedValue;
        value           uniform 0.135;
    }
    outlet
    {
        type            zeroGradient;
    }
    wall
    {
        Ceps2           1.9;
        Ck              -0.416;
        Bk              8.366;
        C               11;
        type            kLowReWallFunction;
        value           nonuniform List<scalar> 
250
(
0.048581527
0.0038587984
0.0009188232
0.00062124402
0.00054761124
0.00050470422
0.00047358
0.00044974584
0.00042877217
0.00041001683
0.00039405781
0.0003808258
0.00036981357
0.00036054891
0.00035267221
0.00034585885
0.00033983865
0.000334442
0.00032956597
0.00032512373
0.00032104414
0.00031729135
0.00031384737
0.00031068272
0.00030776925
0.00030508976
0.00030263509
0.00030039201
0.00029834046
0.00029646363
0.00029474821
0.00029318769
0.00029177631
0.00029050008
0.00028934616
0.00028830453
0.00028736733
0.00028653234
0.00028579524
0.00028514671
0.00028457885
0.0002840864
0.00028366294
0.00028330635
0.00028301764
0.0002827913
0.00028262125
0.00028250421
0.00028243761
0.00028241729
0.00028244196
0.00028251337
0.0002826284
0.00028278243
0.00028297359
0.00028320069
0.0002834608
0.00028375166
0.00028407349
0.00028442803
0.00028481292
0.00028522553
0.00028566514
0.00028613086
0.0002866215
0.00028713635
0.00028767385
0.00028823375
0.00028881738
0.00028942349
0.00029005023
0.00029069695
0.00029136313
0.00029204794
0.00029275088
0.00029347205
0.00029420799
0.00029495288
0.00029570398
0.00029646161
0.00029722694
0.00029800172
0.00029878856
0.00029958917
0.00030040295
0.00030122848
0.0003020648
0.00030291152
0.00030376876
0.00030463695
0.00030551616
0.00030640755
0.00030731234
0.00030822923
0.0003091564
0.00031009277
0.00031103769
0.00031199094
0.00031295272
0.00031392322
0.00031490292
0.00031589264
0.00031689236
0.00031790125
0.00031891838
0.000319943
0.00032097459
0.000322013
0.00032305828
0.00032411055
0.00032517049
0.00032623859
0.00032731478
0.00032839699
0.00032948264
0.00033057045
0.00033166072
0.00033275442
0.00033385252
0.00033495621
0.0003360664
0.00033718291
0.00033830529
0.00033943366
0.00034056785
0.00034170706
0.00034285044
0.00034399819
0.00034515058
0.00034630766
0.00034747047
0.00034863708
0.00034980708
0.00035098421
0.0003521683
0.00035335648
0.00035454728
0.0003557394
0.00035693084
0.00035811926
0.00035930226
0.00036047757
0.00036164331
0.00036279805
0.00036394086
0.00036507123
0.00036618899
0.00036729422
0.00036838715
0.00036946815
0.00037053761
0.00037159592
0.00037264349
0.00037368068
0.00037470782
0.0003757252
0.00037673308
0.00037773168
0.00037872119
0.00037970177
0.00038067354
0.00038163664
0.00038259115
0.00038353715
0.00038447472
0.00038540392
0.00038632481
0.00038723745
0.00038814187
0.00038903814
0.00038992631
0.00039080642
0.00039167853
0.0003925427
0.000393399
0.00039424748
0.00039508821
0.00039592127
0.00039674674
0.00039756469
0.00039837522
0.00039917842
0.00039997437
0.00040076319
0.00040154497
0.00040231981
0.00040308783
0.00040384914
0.00040460385
0.00040535209
0.00040609397
0.0004068296
0.00040755913
0.00040828266
0.00040900033
0.00040971225
0.00041041857
0.0004111194
0.00041181487
0.0004125051
0.00041319024
0.00041387038
0.00041454568
0.00041521624
0.0004158822
0.00041654368
0.00041720078
0.00041785365
0.00041850238
0.0004191471
0.00041978793
0.00042042497
0.00042105834
0.00042168814
0.00042231449
0.00042293748
0.00042355722
0.00042417381
0.00042478734
0.00042539792
0.00042600563
0.00042661058
0.00042721284
0.00042781251
0.00042840967
0.00042900441
0.00042959679
0.00043018691
0.00043077483
0.00043136064
0.00043194441
0.00043252619
0.00043310608
0.00043368412
0.00043426038
0.00043483493
0.00043540782
0.00043597911
0.00043654886
0.00043711711
0.00043768395
0.00043824938
0.00043881352
0.00043937637
0.00043993798
0.00044049955
0.00044105619
0.0004416356
0.0004421516
0.00044288581
)
;
    }
    front
    {
        type            wedge;
    }
    back
    {
        type            wedge;
    }
    axis
    {
        type            empty;
    }
}


// ************************************************************************* //
