/*--------------------------------*- C++ -*----------------------------------*\
| =========                 |                                                 |
| \\      /  F ield         | OpenFOAM: The Open Source CFD Toolbox           |
|  \\    /   O peration     | Version:  v2012                                 |
|   \\  /    A nd           | Website:  www.openfoam.com                      |
|    \\/     M anipulation  |                                                 |
\*---------------------------------------------------------------------------*/
FoamFile
{
    version     2.0;
    format      ascii;
    class       volScalarField;
    location    "2000";
    object      nut;
}
// * * * * * * * * * * * * * * * * * * * * * * * * * * * * * * * * * * * * * //

dimensions      [0 2 -1 0 0 0 0];


internalField   nonuniform List<scalar> 
6250
(
0.001171438
0.0011714548
0.0011715305
0.0011716486
0.0011717927
0.0011719351
0.0011719971
0.0011717751
0.0011707948
0.0011680502
0.0011615983
0.001148025
0.00112191
0.0010756128
0.00099997643
0.0008867517
0.00073331062
0.00054883199
0.00035807567
0.00019563932
8.7261526e-05
3.2530632e-05
1.1726626e-05
5.4113968e-06
3.4317477e-06
0.0011692706
0.001169348
0.0011695135
0.0011697528
0.0011700056
0.0011701313
0.0011697768
0.0011681461
0.0011636361
0.0011533649
0.0011327452
0.0010954203
0.0010340145
0.00094206508
0.00081703715
0.00066348577
0.00049464884
0.0003307012
0.00019301077
9.5946266e-05
4.0713225e-05
1.6436582e-05
7.725064e-06
3.4230407e-06
9.3240184e-07
0.0011668253
0.0011669417
0.001167163
0.0011674379
0.0011676095
0.0011673021
0.001165677
0.0011610671
0.0011505451
0.0011296208
0.0010923984
0.001032539
0.00094512313
0.00082899086
0.00068861602
0.00053447653
0.00038139232
0.00024515811
0.00013848589
6.7536513e-05
3.0033062e-05
1.5092219e-05
7.9044624e-06
2.98866e-06
4.479682e-07
0.001164238
0.0011643767
0.0011646148
0.0011648197
0.0011646644
0.0011634119
0.0011595801
0.0011505451
0.0011322689
0.0010994527
0.0010464016
0.00096862104
0.00086471438
0.00073780532
0.00059576348
0.00045000629
0.00031326374
0.00019706075
0.0001096313
5.4395622e-05
2.8008551e-05
1.7483907e-05
9.6434302e-06
2.8759056e-06
3.6704513e-07
0.0011616517
0.0011617954
0.0011619995
0.0011620049
0.0011612326
0.0011584831
0.0011515693
0.0011370235
0.0011101469
0.0010656715
0.00099908162
0.00090825161
0.00079475081
0.00066421203
0.00052556482
0.00038943167
0.00026628423
0.00016494217
9.1599096e-05
4.8215041e-05
2.9732022e-05
2.0743795e-05
1.1685016e-05
2.9499547e-06
3.4423306e-07
0.001159077
0.0011591985
0.0011592911
0.0011589236
0.0011571935
0.0011523837
0.0011416415
0.0011208976
0.0010852887
0.0010301989
0.00095269587
0.00085282589
0.00073420473
0.00060364761
0.00047001317
0.00034273397
0.00023055311
0.00014077422
7.8531789e-05
4.580147e-05
3.0745948e-05
2.3356938e-05
1.3454163e-05
3.0855835e-06
3.3024485e-07
0.001156507
0.0011565714
0.0011564535
0.0011555068
0.0011524564
0.0011450627
0.0011299239
0.0011026611
0.0010586663
0.00099432565
0.00090830612
0.00080237271
0.0006813975
0.00055259746
0.00042435319
0.00030507056
0.0002024468
0.00012308251
7.1297314e-05
4.6611588e-05
3.3054188e-05
2.5792445e-05
1.4848816e-05
3.2002524e-06
3.197309e-07
0.0011539331
0.0011538963
0.0011534502
0.0011516992
0.0011469725
0.0011365513
0.0011166467
0.0010828517
0.0010311089
0.00095893104
0.0008663977
0.00075651612
0.00063483969
0.00050856173
0.00038547813
0.00027319634
0.000178759
0.00010815705
6.6772611e-05
4.7049453e-05
3.5867669e-05
2.7954497e-05
1.5914189e-05
3.2732829e-06
3.1144933e-07
0.0011513338
0.0011511422
0.0011502353
0.0011474469
0.0011407156
0.0011269226
0.00110207
0.0010619564
0.0010032448
0.00092455101
0.0008271093
0.00071477104
0.00059340786
0.00047002312
0.00035193906
0.00024632665
0.00015999424
9.8408181e-05
6.5458935e-05
4.8285984e-05
3.8778937e-05
2.9862845e-05
1.6733492e-05
3.3139956e-06
3.0398251e-07
0.0011486797
0.0011482728
0.001146763
0.0011427089
0.0011336882
0.0011162837
0.001086458
0.0010403865
0.00097552095
0.00089147271
0.00079037015
0.00067660167
0.00055612992
0.00043569998
0.00032224562
0.00022262351
0.00014328312
9.1564406e-05
6.7021567e-05
5.0532528e-05
4.1615417e-05
3.156117e-05
1.738654e-05
3.3366739e-06
2.971528e-07
0.0011459401
0.0011452525
0.0011429954
0.0011374625
0.0011259209
0.0011047647
0.0010700629
0.0010184773
0.00094824333
0.00085982558
0.00075601919
0.00064153586
0.00052232077
0.00040490681
0.00029603695
0.00020252444
0.00013059959
8.7764893e-05
6.7512484e-05
5.3333531e-05
4.4342254e-05
3.3085461e-05
1.7928446e-05
3.350791e-06
2.9122015e-07
0.0011430842
0.0011420484
0.0011389029
0.0011317017
0.0011174643
0.0010925039
0.0010531105
0.00099648862
0.00092160756
0.00082963731
0.00072385624
0.00060915902
0.00049143131
0.0003770581
0.0002727004
0.00018509676
0.00012149799
8.690661e-05
6.8372414e-05
5.636475e-05
4.6956237e-05
3.4465582e-05
1.839003e-05
3.3607418e-06
2.862116e-07
0.0011400822
0.0011386312
0.0011344646
0.0011254341
0.0011083815
0.0010796367
0.0010357931
0.00097461354
0.0008957268
0.00080087047
0.00069366388
0.00057909433
0.00046297746
0.00035160499
0.00025160507
0.00016954469
0.00011482575
8.8342058e-05
7.0195446e-05
5.9451985e-05
4.9421098e-05
3.5716018e-05
1.8787733e-05
3.3680975e-06
2.8197802e-07
0.0011369062
0.001134976
0.0011296685
0.0011186788
0.0010987429
0.0010662899
0.0010182703
0.00095299172
0.00087065929
0.00077346068
0.00066525716
0.00055109349
0.00043676845
0.00032862195
0.00023343686
0.00015780208
0.00011124939
9.0431523e-05
7.2712696e-05
6.2524456e-05
5.1710804e-05
3.6843828e-05
1.9132223e-05
3.3735075e-06
2.7836831e-07
0.0011335318
0.001131063
0.0011245105
0.0011114636
0.0010886211
0.0010525784
0.0010006713
0.00093172048
0.00084642459
0.00074732387
0.00063845004
0.0005248828
0.00041241882
0.0003074272
0.00021661696
0.00014862394
0.00011043543
9.0682107e-05
7.5608152e-05
6.557567e-05
5.3829945e-05
3.7855107e-05
1.9430601e-05
3.3772164e-06
2.7526354e-07
0.0011299381
0.0011268779
0.0011189935
0.0011038222
0.0010780882
0.0010386033
0.00098309828
0.00091086416
0.00082301578
0.00072236744
0.00061307301
0.00050024429
0.00038971398
0.00028793733
0.00020160838
0.0001417356
0.00011148808
9.1854684e-05
7.8665874e-05
6.8534601e-05
5.5784539e-05
3.8757866e-05
1.968782e-05
3.3791917e-06
2.7255044e-07
0.0011261084
0.0011224113
0.0011131264
0.0010957919
0.0010672125
0.0010244519
0.00096563077
0.00089046358
0.00080041375
0.00069851288
0.00058901899
0.00047711468
0.00036877041
0.00027067269
0.00018973603
0.00013756532
0.0001137156
9.3776777e-05
8.1784771e-05
7.1348345e-05
5.7576338e-05
3.9561007e-05
1.9908476e-05
3.3794286e-06
2.7013135e-07
0.0011220301
0.0011176588
0.0011069229
0.0010874121
0.0010560579
0.0010101986
0.00094832971
0.00087054183
0.00077858909
0.00067567728
0.00056615456
0.00045527969
0.00034912598
0.00025437984
0.00018012107
0.00013612366
0.00011565949
9.6251528e-05
8.4934431e-05
7.399583e-05
5.9208846e-05
4.0274147e-05
2.0097624e-05
3.3781279e-06
2.6794494e-07
0.0011176951
0.0011126205
0.0011004004
0.0010787226
0.0010446826
0.00099590568
0.00093124043
0.00085110816
0.00075750488
0.00065377824
0.00054436045
0.00043460182
0.00033070155
0.00023938828
0.00017257762
0.00013665004
0.00011602737
9.9063846e-05
8.8133179e-05
7.6490528e-05
6.0691485e-05
4.0906629e-05
2.0260125e-05
3.3756129e-06
2.6595457e-07
0.0011130992
0.0011073005
0.0010935793
0.0010697624
0.0010331391
0.00098162469
0.00091439603
0.00083216366
0.00073712773
0.00063276318
0.00052360995
0.00041518507
0.00031395124
0.00022690594
0.00016742314
0.00013831186
0.00011714158
0.00010205053
9.1271711e-05
7.883423e-05
6.2038959e-05
4.1467822e-05
2.0400053e-05
3.3721806e-06
2.6412869e-07
0.0011082422
0.0011017063
0.0010864814
0.0010605692
0.001021474
0.000967398
0.00089782018
0.00081370383
0.00071742485
0.00061257888
0.00050382946
0.00039686741
0.00029830546
0.00021663315
0.00016469288
0.00014081959
0.0001188938
0.00010512316
9.4297599e-05
8.1026184e-05
6.3265679e-05
4.196699e-05
2.0520945e-05
3.3680846e-06
2.6244109e-07
0.0011031272
0.0010958483
0.0010791302
0.0010511787
0.0010097281
0.00095325997
0.00088152858
0.00079571787
0.00069835556
0.00059314785
0.00048487301
0.00037934564
0.00028316964
0.00020796946
0.00016411376
0.0001435481
0.00012115642
0.00010823136
9.7184959e-05
8.3067201e-05
6.4384527e-05
4.2413139e-05
2.0626132e-05
3.3635745e-06
2.6087939e-07
0.0010977604
0.0010897393
0.0010715494
0.0010416243
0.00099793725
0.00093923804
0.00086553065
0.0007781923
0.00067988634
0.00057443399
0.0004667636
0.00036290993
0.0002697252
0.00020137738
0.00016491323
0.00014378071
0.00012377202
0.00011145809
9.9955664e-05
8.4963429e-05
6.5405752e-05
4.2814048e-05
2.0718528e-05
3.3588728e-06
2.5943823e-07
0.0010921506
0.0010833939
0.0010637628
0.0010319368
0.0009861323
0.00092535395
0.00084983196
0.00076111573
0.00066199912
0.00055644138
0.00044958089
0.00034775582
0.00025846869
0.00019695229
0.00016666033
0.00014456413
0.00012659975
0.0001147154
0.00010261842
8.6728955e-05
6.6339607e-05
4.3175989e-05
2.0800457e-05
3.3541596e-06
2.5810711e-07
0.0010863088
0.0010768282
0.0010557939
0.0010221446
0.00097433985
0.00091162477
0.0008344344
0.00074447307
0.00064465962
0.00053909106
0.00043307419
0.00033302478
0.00024876112
0.00019470511
0.00016916195
0.00014590325
0.00012955371
0.00011791954
0.00010516602
8.837755e-05
6.7196623e-05
4.3504337e-05
2.0873827e-05
3.3495905e-06
2.5687577e-07
0.0010802476
0.0010700589
0.0010476655
0.0010122735
0.00096258258
0.00089806332
0.00081933601
0.0007282448
0.00062782689
0.00052231265
0.00041716216
0.00031887267
0.00024052743
0.00019418305
0.00017225816
0.00014775408
0.00013256513
0.00012101542
0.00010758836
8.991995e-05
6.7986696e-05
4.3803875e-05
2.0940166e-05
3.3452662e-06
2.5573827e-07
0.0010739812
0.0010631035
0.0010393996
0.0010023469
0.00095087975
0.00088467907
0.00080453331
0.00071241629
0.00061148885
0.00050614849
0.00040210634
0.0003061978
0.00023411631
0.00019483398
0.00017403539
0.00015001785
0.0001356715
0.0001240075
0.00010988253
9.1363545e-05
6.8718181e-05
4.407886e-05
2.1000721e-05
3.3412508e-06
2.5469192e-07
0.0010675246
0.00105598
0.0010310171
0.00099238588
0.00093924762
0.00087147914
0.00079002319
0.00069697959
0.000595649
0.00049063821
0.00038795742
0.00029529933
0.00022962737
0.00019632834
0.00017445499
0.00015256779
0.00013890434
0.00012692042
0.00011205445
9.2714286e-05
6.9397467e-05
4.4332752e-05
2.1056449e-05
3.3375735e-06
2.5373212e-07
0.0010608934
0.0010487059
0.0010225379
0.00098240935
0.00092769985
0.00085846828
0.00077579977
0.0006819158
0.00058025531
0.00047559693
0.00037404797
0.00028568182
0.00022708135
0.00019852239
0.00017527948
0.00015529786
0.00014218339
0.00012975938
0.00011411625
9.3979724e-05
7.002974e-05
4.4568263e-05
2.1108149e-05
3.3342606e-06
2.528512e-07
0.0010541037
0.0010412988
0.0010139806
0.00097243419
0.00091624765
0.00084564874
0.00076185388
0.00066720024
0.00056525933
0.00046096496
0.00036052749
0.00027732977
0.00022611454
0.00020130839
0.00017654254
0.00015814473
0.00014543863
0.00013251466
0.00011607838
9.5168469e-05
7.0619823e-05
4.4787648e-05
2.1156519e-05
3.3313398e-06
2.520427e-07
0.0010471718
0.0010337759
0.0010053627
0.00096247538
0.00090490016
0.00083302123
0.00074817755
0.00065282293
0.00055068225
0.00044691951
0.00034808131
0.00027052126
0.00022628994
0.00020457056
0.0001782368
0.00016106258
0.00014862365
0.0001351738
0.00011794764
9.62886e-05
7.11723e-05
4.4992856e-05
2.120213e-05
3.3288254e-06
2.5130155e-07
0.0010401136
0.0010261538
0.00099670028
0.00095254623
0.00089366496
0.0008205863
0.00073476731
0.00063878943
0.00053657014
0.00043357858
0.00033707983
0.00026537981
0.00022732146
0.00020708108
0.0001803276
0.000164063
0.00015171773
0.00013772617
0.00011972789
9.7347008e-05
7.1691504e-05
4.5185686e-05
2.1245466e-05
3.3267272e-06
2.5062547e-07
0.0010329451
0.0010184485
0.00098800852
0.0009426585
0.00088254818
0.00080834331
0.00072161542
0.00062507644
0.00052282183
0.00042048525
0.00032725251
0.00026199412
0.00022902782
0.0002074808
0.00018270508
0.00016722943
0.00015475533
0.00014017218
0.00012142067
9.8348543e-05
7.2181115e-05
4.5367646e-05
2.1286842e-05
3.3250297e-06
2.500125e-07
0.0010256817
0.0010106753
0.00097930127
0.00093282249
0.00087155432
0.000796289
0.00070870673
0.00061164171
0.00050933244
0.00040748665
0.0003184351
0.00026016959
0.00023130935
0.00020814463
0.00018526464
0.00017049024
0.0001577494
0.000142522
0.00012302996
9.9296814e-05
7.2643876e-05
4.5539884e-05
2.1326466e-05
3.3237071e-06
2.4945697e-07
0.0010183385
0.0010028488
0.00097059126
0.00092304713
0.00086068643
0.00078441895
0.00069602913
0.00059847645
0.00049617345
0.00039506901
0.00031085038
0.00025952537
0.00023408207
0.00020915585
0.00018795074
0.00017377322
0.00016069212
0.0001447855
0.00012456234
0.00010019548
7.3081993e-05
4.5703384e-05
2.136458e-05
3.3227482e-06
2.4895365e-07
0.0010109299
0.00099498261
0.00096189016
0.00091334012
0.00084994676
0.00077273045
0.00068358272
0.000585616
0.00048350672
0.00038370236
0.00030466358
0.0002597819
0.00023726479
0.00021053984
0.00019073219
0.00017703053
0.00016356925
0.00014696827
0.00012602472
0.00010104852
7.3497457e-05
4.5858992e-05
2.1401404e-05
3.3221405e-06
2.4849846e-07
0.0010034696
0.00098708975
0.00095320861
0.00090370817
0.00083933716
0.00076122177
0.00067136699
0.00057305868
0.00047123758
0.00037345633
0.00029997717
0.00026078673
0.00024078301
0.00021229085
0.00019357674
0.00018022839
0.00016636754
0.00014907296
0.00012742314
0.00010185995
7.3892226e-05
4.6007504e-05
2.1437156e-05
3.321878e-06
2.4808823e-07
0.00099597084
0.00097918233
0.00094455629
0.00089415705
0.0008288583
0.00074988678
0.00065935763
0.00056070167
0.00045896503
0.00036406766
0.00029684602
0.00026242467
0.00024273155
0.00021436702
0.00019654713
0.00018336715
0.00016907717
0.00015109942
0.00012876214
0.00010263357
7.4268275e-05
4.6149691e-05
2.1472024e-05
3.3219553e-06
2.4772218e-07
0.00098844594
0.00097127162
0.00093594193
0.00088469139
0.00081850914
0.00073871543
0.00064752677
0.00054849608
0.00044676068
0.00035556489
0.00029504462
0.00026458158
0.00024325077
0.00021668017
0.00019968481
0.00018647247
0.00017169835
0.00015304689
0.00013004451
0.0001033725
7.4627353e-05
4.6286144e-05
2.1506086e-05
3.3223504e-06
2.473986e-07
0.00098090661
0.00096336813
0.00092737333
0.00087531483
0.00080828779
0.00072770027
0.00063587255
0.00053651712
0.00043505307
0.00034815757
0.00029425907
0.00026717698
0.00024396767
0.00021915114
0.00020292249
0.00018955511
0.0001742402
0.00015491781
0.00013127241
0.00010407904
7.4970847e-05
4.6417312e-05
2.1539384e-05
3.3230399e-06
2.4711358e-07
0.00097336381
0.00095548156
0.00091885745
0.00086603035
0.0007981932
0.00071684139
0.00062442079
0.00052488539
0.0004242029
0.00034197531
0.00029427126
0.00027014819
0.00024496801
0.00022174093
0.00020619786
0.00019260683
0.0001767108
0.00015671736
0.00013244851
0.00010475507
7.5299884e-05
4.6543627e-05
2.1572e-05
3.3240091e-06
2.4686374e-07
0.00096582777
0.00094762084
0.00091040051
0.00085684047
0.0007882246
0.0007061378
0.00061316714
0.00051350727
0.00041425279
0.00033711224
0.00029496131
0.00027344307
0.00024628444
0.0002244271
0.00020946825
0.00019561321
0.00017911405
0.00015845126
0.00013357613
0.00010540242
7.561546e-05
4.6665498e-05
2.1604025e-05
3.3252448e-06
2.4664688e-07
0.00095830803
0.00093979416
0.00090200796
0.00084774685
0.00077837853
0.00069557306
0.00060203606
0.00050206396
0.00040499331
0.0003336283
0.0002962648
0.00027701677
0.0002479097
0.00022719243
0.00021270823
0.00019856182
0.00018145095
0.00016012426
0.00013465878
0.00010602294
7.5918477e-05
4.6783284e-05
2.1635537e-05
3.3267338e-06
2.4646026e-07
0.0009508134
0.000932009
0.00089368449
0.00083874997
0.00076864846
0.00068512483
0.0005909754
0.00049055296
0.00039642944
0.00033138535
0.00029812339
0.00028051662
0.00024983348
0.00023001748
0.00021589506
0.00020144176
0.00018372156
0.00016174029
0.00013569985
0.0001066186
7.620991e-05
4.6897406e-05
2.1666658e-05
3.3284763e-06
2.46303e-07
0.00094335204
0.00092427213
0.00088543401
0.00082984942
0.00075902813
0.00067478472
0.0005800225
0.00047930171
0.00038876548
0.00033013533
0.00030042664
0.00028113996
0.00025200321
0.00023304033
0.00021905855
0.00020424654
0.00018592267
0.00016330156
0.00013670238
0.0001071914
7.6490738e-05
4.7008225e-05
2.1697455e-05
3.3304639e-06
2.461756e-07
0.0009359314
0.00091658963
0.00087725974
0.00082104468
0.00074951526
0.00066456558
0.00056927234
0.0004686498
0.00038214834
0.00032966645
0.000303098
0.00028184154
0.00025434125
0.00023620758
0.00022221495
0.00020698139
0.00018805344
0.00016480907
0.0001376686
0.00010774305
7.676174e-05
4.711593e-05
2.172791e-05
3.3326756e-06
2.4607568e-07
0.00092855834
0.00090896694
0.00086916446
0.00081233556
0.00074010996
0.00065447758
0.00055873271
0.00045874349
0.0003766644
0.00032984863
0.00030608681
0.00028273492
0.00025680591
0.00023945404
0.00022536316
0.00020965474
0.00019011678
0.00016626415
0.00013860015
0.00010827488
7.7023587e-05
4.7220715e-05
2.1758046e-05
3.3351019e-06
2.4600058e-07
0.00092123905
0.00090140892
0.00086115036
0.00080372089
0.00073080512
0.00064448202
0.00054817864
0.00044945777
0.00037239928
0.00033061236
0.00030935727
0.00028387597
0.00025937509
0.00024273287
0.0002284915
0.0002122718
0.0001921174
0.00016766904
0.00013949849
0.000108788
7.7276886e-05
4.7322801e-05
2.1787906e-05
3.3377331e-06
2.4594888e-07
0.00091397917
0.0008939198
0.00085321886
0.00079519723
0.00072158462
0.00063451991
0.00053745581
0.00044069743
0.00036932193
0.00033191378
0.00031287893
0.00028528252
0.000262033
0.00024601258
0.0002315862
0.00021483407
0.00019405984
0.00016902668
0.00014036526
0.00010928341
7.7522188e-05
4.7422402e-05
2.1817532e-05
3.3405602e-06
2.4591946e-07
0.00090678372
0.00088650319
0.00084537047
0.00078675957
0.00071243371
0.00062457673
0.00052670525
0.00043257397
0.00036726363
0.00033371088
0.00031662127
0.00028694596
0.0002647685
0.000249275
0.00023463653
0.00021734105
0.00019594758
0.00017034009
0.00014120221
0.00010976205
7.7759966e-05
4.751969e-05
2.1846949e-05
3.3435727e-06
2.4591048e-07
0.00089965715
0.00087916207
0.00083760512
0.00077840362
0.0007033494
0.00061469758
0.00051620796
0.00042525611
0.0003660421
0.00033595789
0.00032054969
0.00028886578
0.00026755024
0.00025249679
0.00023763288
0.00021979226
0.00019778354
0.00017161209
0.00014201116
0.00011022493
7.7990741e-05
4.7614899e-05
2.1876227e-05
3.346771e-06
2.4592137e-07
0.00089260338
0.00087189893
0.00082992257
0.00077012769
0.00069434139
0.00060495044
0.00050621688
0.00041887183
0.00036551446
0.00033856341
0.00032160259
0.00029101251
0.0002705197
0.00025570319
0.00024056729
0.00022218389
0.00019956923
0.00017284529
0.000142794
0.00011067313
7.8215054e-05
4.7708244e-05
2.1905409e-05
3.3501513e-06
2.4595291e-07
0.00088562577
0.00086471578
0.00082232253
0.00076193029
0.00068540923
0.00059529572
0.00049680574
0.00041351293
0.00036558162
0.00034146893
0.00032247951
0.00029331945
0.00027364754
0.00025891408
0.00024344288
0.00022451356
0.00020130491
0.00017404161
0.00014355243
0.00011110762
7.8433299e-05
4.7799799e-05
2.1934466e-05
3.3536985e-06
2.4600372e-07
0.00087872725
0.00085761415
0.0008148038
0.0007538045
0.00067651741
0.00058553892
0.00048786151
0.00040925272
0.00036618387
0.00034463729
0.00032347581
0.00029575001
0.00027687521
0.00026212985
0.00024626664
0.00022678253
0.00020299095
0.00017520233
0.00014428784
0.00011152925
7.8645816e-05
4.7889627e-05
2.1963371e-05
3.3573723e-06
2.4607173e-07
0.00087191019
0.00085059493
0.00080736364
0.00074573771
0.00066762145
0.00057558134
0.00047933616
0.00040605252
0.00036728098
0.00034804207
0.00032465491
0.00029828339
0.00028015715
0.00026534146
0.00024904369
0.00022899427
0.00020462865
0.00017632854
0.00014500129
0.00011193874
7.885293e-05
4.7977826e-05
2.1992149e-05
3.3611921e-06
2.4615612e-07
0.00086517647
0.00084365834
0.00079999812
0.00073771794
0.00065870864
0.00056554216
0.00047133876
0.00040377029
0.00036883684
0.00035166034
0.00032604494
0.00030090548
0.0002834623
0.00026853725
0.00025177606
0.00023115261
0.00020622017
0.00017742146
0.00014569375
0.00011233674
7.9054904e-05
4.8064349e-05
2.2020613e-05
3.3651885e-06
2.4625633e-07
0.00085852744
0.00083680402
0.00079270336
0.0007297404
0.00064980841
0.00055564571
0.00046401842
0.00040225372
0.0003708151
0.00035546917
0.0003276558
0.00030360486
0.00028676874
0.00027170588
0.00025446349
0.00023326077
0.00020776802
0.00017848256
0.0001463661
0.0001127238
7.9251998e-05
4.8149323e-05
2.2048892e-05
3.3693178e-06
2.4637107e-07
0.00085196398
0.0008300313
0.00078547681
0.00072180906
0.00064097135
0.0005461008
0.00045748451
0.00040138835
0.00037318023
0.00035944536
0.00032948141
0.00030637455
0.00029006388
0.00027483882
0.00025710472
0.00023532108
0.00020927464
0.00017951341
0.00014701925
0.0001131004
7.9444466e-05
4.8232886e-05
2.2077062e-05
3.3735742e-06
2.464993e-07
0.00084548655
0.00082333937
0.00077831658
0.00071392547
0.00063218966
0.00053700139
0.00045182279
0.00040110179
0.0003758986
0.00036356333
0.00033152551
0.00030918763
0.00029332831
0.00027792819
0.00025969893
0.00023733557
0.00021074229
0.00018051559
0.00014765411
0.00011346704
7.9632529e-05
4.8315061e-05
2.2105233e-05
3.3779687e-06
2.4664112e-07
0.00083909526
0.00081672695
0.0007712182
0.00070606917
0.00062332777
0.00052828586
0.00044712537
0.00040134267
0.0003788994
0.00036491745
0.00033376965
0.00031217933
0.00029658528
0.0002809664
0.00026224219
0.00023930508
0.00021217302
0.00018149069
0.00014827167
0.00011382425
7.9816431e-05
4.8395946e-05
2.213343e-05
3.3824999e-06
2.4679726e-07
0.0008327897
0.00081019176
0.00076417278
0.00069820374
0.00061425774
0.00051988601
0.00044340958
0.00040206938
0.00038214258
0.00036609525
0.00033615693
0.00031532662
0.00029985379
0.00028395559
0.00026473162
0.00024122941
0.00021356834
0.00018244022
0.00014887286
0.00011417252
7.9996403e-05
4.847569e-05
2.2161599e-05
3.3871527e-06
2.4696666e-07
0.00082656889
0.00080373042
0.00075716961
0.00069030493
0.00060500868
0.00051186159
0.0004405879
0.00040324563
0.00038560139
0.00036734268
0.00033865441
0.00031857881
0.00030313642
0.00028690203
0.00026716755
0.00024310833
0.00021492918
0.0001833654
0.00014945854
0.00011451227
8.0172634e-05
4.8554407e-05
2.2189744e-05
3.3919232e-06
2.4714814e-07
0.00082043126
0.00079733899
0.0007502005
0.00068237724
0.00059573424
0.00050434615
0.00043853082
0.00040483705
0.00038925443
0.00036872188
0.00034124575
0.00032189486
0.00030642487
0.00028981029
0.00026955254
0.00024494242
0.00021625621
0.00018426715
0.00015002943
0.00011484387
8.0345199e-05
4.8632234e-05
2.2217906e-05
3.3968114e-06
2.4734135e-07
0.00081437482
0.00079101379
0.00074326299
0.00067445174
0.00058662
0.00049746038
0.00043712427
0.00040681132
0.0003930831
0.00037026653
0.00034391986
0.00032524596
0.00030970894
0.00029268236
0.00027188976
0.00024673318
0.00021755026
0.00018514623
0.00015058615
0.00011516773
8.0514402e-05
4.8709193e-05
2.2246081e-05
3.4018119e-06
2.4754587e-07
0.00080839738
0.00078475199
0.00073635938
0.00066656077
0.00057781284
0.00049128768
0.00043628685
0.00040913886
0.00039707002
0.00037199215
0.00034666821
0.00032861204
0.0003129787
0.0002955182
0.00027418193
0.00024848253
0.00021881235
0.00018600337
0.0001511293
0.00011548428
8.0680494e-05
4.8785328e-05
2.2274263e-05
3.4069197e-06
2.4776117e-07
0.00080249665
0.00077855076
0.00072948678
0.00065867269
0.00056935171
0.00048590131
0.00043596653
0.00041179335
0.00040119807
0.00037390485
0.00034948338
0.00033197819
0.00031622525
0.00029831665
0.00027643113
0.00025019247
0.00022004372
0.0001868393
0.00015165936
0.00011579377
8.084373e-05
4.8860734e-05
2.2302463e-05
3.4121316e-06
2.4798689e-07
0.00079666989
0.00077240526
0.00072262666
0.00065067291
0.00056116939
0.00048136772
0.00043613171
0.00041475156
0.00040545048
0.00037599895
0.00035236156
0.00033533605
0.00031944203
0.00030107611
0.00027863879
0.00025186488
0.00022124567
0.00018765481
0.00015217681
0.00011609657
8.100425e-05
4.8935448e-05
2.2330682e-05
3.4174429e-06
2.4822234e-07
0.00079091347
0.00076630776
0.00071575146
0.00064247266
0.00055322266
0.00047769535
0.00043676131
0.00041799168
0.00040980891
0.00037827732
0.00035528029
0.00033867059
0.00032262297
0.00030379563
0.0002808062
0.00025350143
0.00022241948
0.00018845073
0.00015268222
0.00011639306
8.1162202e-05
4.9009518e-05
2.2358932e-05
3.4228536e-06
2.4846737e-07
0.00078522284
0.00076024923
0.00070884201
0.00063409681
0.00054557384
0.0004748228
0.0004378282
0.00042145825
0.00041169149
0.00038072846
0.0003583572
0.00034200104
0.00032576134
0.00030647161
0.00028293373
0.0002551036
0.00022356644
0.00018922793
0.00015317612
0.00011668364
8.1317785e-05
4.9083007e-05
2.2387222e-05
3.4283622e-06
2.4872253e-07
0.00077959291
0.00075422198
0.00070189827
0.00062566055
0.0005383424
0.00047265339
0.00043930024
0.00042512018
0.00041330787
0.00038330563
0.0003615806
0.00034534529
0.00032885831
0.00030910103
0.0002850209
0.00025667256
0.00022468779
0.00018998728
0.00015365905
0.0001169686
8.1471123e-05
4.9155933e-05
2.2415536e-05
3.4339616e-06
2.4898726e-07
0.00077401875
0.00074822192
0.00069493963
0.00061730941
0.00053163971
0.00047109564
0.00044114569
0.00042895614
0.00041495597
0.00038597964
0.00036490838
0.00034870761
0.00033191916
0.00031168351
0.00028706712
0.00025820893
0.00022578459
0.00019072962
0.00015413158
0.0001172482
8.1622288e-05
4.9228301e-05
2.2443868e-05
3.4396491e-06
2.4926071e-07
0.00076849631
0.00074224911
0.00068799454
0.00060917334
0.00052554444
0.00047007909
0.00044333564
0.00043294921
0.00041669455
0.00038873593
0.00036830457
0.00035208266
0.00033494831
0.00031422075
0.0002890724
0.00025971311
0.00022685765
0.00019145571
0.0001545942
0.00011752269
8.1771365e-05
4.9300133e-05
2.2472221e-05
3.4454222e-06
2.4954257e-07
0.00076302238
0.00073630405
0.00068106792
0.00060132235
0.00052011514
0.00046955451
0.00044584456
0.00043708457
0.00041855922
0.00039156707
0.00037174305
0.00035546107
0.00033794773
0.0003167152
0.00029103756
0.00026118555
0.00022790767
0.00019216625
0.00015504742
0.00011779233
8.191845e-05
4.9371455e-05
2.2500599e-05
3.4512785e-06
2.498326e-07
0.00075759323
0.00073038011
0.0006741063
0.00059373779
0.0005154074
0.0004694894
0.00044865048
0.00044134887
0.00042056911
0.0003944665
0.00037520525
0.00035883435
0.00034091771
0.00031916934
0.00029296422
0.00026262704
0.00022893499
0.00019286153
0.00015549154
0.00011805734
8.2063656e-05
4.9442298e-05
2.2529002e-05
3.4572146e-06
2.501304e-07
0.00075220312
0.00072446126
0.0006670283
0.00058636504
0.00051145515
0.00046986199
0.00045173412
0.00044572931
0.00042273288
0.00039742895
0.00037867772
0.00036219465
0.00034385732
0.00032158439
0.00029485268
0.00026403753
0.00022994117
0.00019354376
0.00015592742
0.00011831764
8.2206907e-05
4.9512672e-05
2.2557438e-05
3.4632298e-06
2.5043573e-07
0.00074684424
0.00071852926
0.00065979753
0.00057920095
0.00050824272
0.00047065513
0.0004550778
0.00045021317
0.00042505302
0.0004004495
0.00038215028
0.00036553499
0.00034676469
0.00032396239
0.00029670941
0.00026542615
0.00023091956
0.00019414667
0.00015635004
0.00011857607
8.234881e-05
4.9582476e-05
2.2585844e-05
3.4693131e-06
2.5074861e-07
0.00074150826
0.00071257325
0.00065245029
0.00057231108
0.00050571291
0.00047185218
0.00045866445
0.00045478768
0.00042752621
0.00040352463
0.00038561602
0.00036884962
0.00034963837
0.00032630637
0.00029853994
0.00026679681
0.00023187575
0.00019470438
0.0001567095
0.00011882742
8.2490262e-05
4.9651699e-05
2.2614016e-05
3.4754159e-06
2.510675e-07
0.00073618856
0.00070659475
0.00064507266
0.00056578991
0.00050379577
0.00047343572
0.00046247713
0.00045943957
0.00043014897
0.00040664424
0.00038906734
0.00037213427
0.00035247819
0.00032861894
0.00030034468
0.00026814376
0.00023280695
0.00019524837
0.00015705901
0.00011907038
8.2629197e-05
4.9719991e-05
2.2641821e-05
3.4814985e-06
2.5138988e-07
0.000730882
0.00070060795
0.00063776851
0.0005597244
0.00050242945
0.00047538469
0.00046648501
0.00046306353
0.00043291882
0.00040984652
0.00039250602
0.00037538458
0.00035528346
0.00033090077
0.00030212176
0.00026946357
0.0002337136
0.00019578005
0.00015740051
0.00011930604
8.2764985e-05
4.9787207e-05
2.2669282e-05
3.4875595e-06
2.5171454e-07
0.00072559002
0.00069463673
0.00063063771
0.00055417867
0.00050156538
0.0004776733
0.00047065204
0.00046536013
0.00043581324
0.0004131845
0.00039594934
0.0003785988
0.00035805182
0.00033315065
0.0003038694
0.00027075554
0.00023459768
0.00019630044
0.00015773507
0.00011953584
8.289795e-05
4.9853489e-05
2.2696519e-05
3.493621e-06
2.5204161e-07
0.00072031776
0.00068870454
0.00062375697
0.00054919558
0.00050116584
0.00048027617
0.00047495978
0.00046763895
0.00043879981
0.00041663247
0.00039940789
0.00038178032
0.00036078152
0.00033536648
0.0003055865
0.00027202045
0.00023546129
0.00019681033
0.00015806337
0.00011976087
8.302864e-05
4.9919096e-05
2.2723669e-05
3.4997108e-06
2.5237159e-07
0.00071507049
0.00068281697
0.00061716045
0.00054480739
0.00050120224
0.00048317044
0.0004793939
0.00046995881
0.00044186082
0.00042015792
0.00040288236
0.00038493387
0.00036347274
0.00033754712
0.00030727275
0.00027325882
0.00023630545
0.00019731042
0.00015838598
0.00011998193
8.3157575e-05
4.9984288e-05
2.2750848e-05
3.5058527e-06
2.5270523e-07
0.00070984866
0.0006769499
0.0006108336
0.00054104215
0.00050165292
0.00048633602
0.00048394209
0.00047235968
0.00044498795
0.00042373526
0.00040636738
0.00038806244
0.00036612563
0.00033968964
0.00030892622
0.00027447299
0.00023713423
0.00019780126
0.00015870329
0.00012019935
8.3285049e-05
5.0049252e-05
2.2778138e-05
3.5120628e-06
2.5304362e-07
0.0007046465
0.00067106599
0.00060474475
0.00053791452
0.00050250086
0.00048975519
0.0004885933
0.0004748659
0.00044817595
0.00042734594
0.00040985577
0.00039116656
0.000368743
0.00034180277
0.00031056143
0.00027565403
0.00023784487
0.00019827924
0.00015901401
0.00012041472
8.3411542e-05
5.0114037e-05
2.280553e-05
3.5183408e-06
2.5338749e-07
0.00069945598
0.00066514612
0.0005988877
0.00053541432
0.00050373129
0.00049341188
0.00049333706
0.00047749107
0.00045142085
0.00043097637
0.00041334032
0.00039424657
0.000371329
0.00034388845
0.00031217023
0.00027680204
0.00023853523
0.00019874634
0.00015931856
0.00012062776
8.3537116e-05
5.0178592e-05
2.2832964e-05
3.5246736e-06
2.5373655e-07
0.00069427271
0.00065920527
0.00059329498
0.00053350874
0.00050532998
0.00049729107
0.00049816303
0.0004802419
0.00045471927
0.00043461637
0.00041681484
0.00039730273
0.00037388585
0.00034594474
0.00031374731
0.00027792005
0.00023921137
0.00019920406
0.00015961774
0.00012083789
8.366159e-05
5.0242847e-05
2.2860388e-05
3.531049e-06
2.5409019e-07
0.00068909992
0.00065328738
0.00058802244
0.00053215423
0.00050728241
0.0005013783
0.00050306084
0.00048312048
0.0004580679
0.00043825832
0.00042027443
0.0004003345
0.00037641352
0.00034796939
0.00031529203
0.00027901119
0.00023987438
0.00019965339
0.00015991214
0.00012104499
8.3784845e-05
5.0306768e-05
2.2887785e-05
3.5374618e-06
2.5444796e-07
0.00068394976
0.00064745188
0.00058312878
0.00053130763
0.00050957364
0.0005056594
0.00050802003
0.00048612578
0.00046146355
0.00044189671
0.00042371512
0.0004033405
0.00037891106
0.0003499615
0.00031680539
0.00028007795
0.00024052513
0.00020009499
0.0001602022
0.00012124922
8.3906904e-05
5.0370376e-05
2.291517e-05
3.5439133e-06
2.5480968e-07
0.00067884231
0.00064176189
0.0005786631
0.00053093169
0.00051218843
0.00051012042
0.00051303013
0.00048925463
0.00046490307
0.00044552746
0.00042713358
0.00040631921
0.00038137797
0.0003519206
0.00031828867
0.00028112218
0.0002411643
0.00020052938
0.00016048824
0.00012145085
8.4027878e-05
5.0433728e-05
2.2942571e-05
3.5504087e-06
2.551754e-07
0.00067380369
0.00063627687
0.00057466074
0.00053099646
0.00051511149
0.00051474761
0.00051808083
0.00049250188
0.00046838389
0.00044914796
0.00043052707
0.00040926868
0.00038381316
0.00035384736
0.00031974342
0.00028214551
0.00024179247
0.00020095697
0.0001607705
0.00012165011
8.4147896e-05
5.0496887e-05
2.2970019e-05
3.5569531e-06
2.5554528e-07
0.00066886375
0.00063104907
0.00057114398
0.00053147835
0.0005183277
0.00051952733
0.00052316189
0.00049586133
0.00047190143
0.00045275603
0.00043389356
0.00041218764
0.0003862166
0.0003557429
0.00032117058
0.00028314853
0.0002424102
0.00020137811
0.00016104919
0.00012184725
8.4267084e-05
5.0559909e-05
2.2997532e-05
3.5635502e-06
2.5591932e-07
0.00066405412
0.00062612237
0.0005681248
0.00053235878
0.00052182096
0.00052443975
0.00052776256
0.00049933076
0.00047546822
0.00045635139
0.00043723076
0.00041507389
0.00038858501
0.00035760564
0.00032257321
0.00028413598
0.00024301788
0.0002017931
0.00016132452
0.00012204227
8.4385503e-05
5.0622847e-05
2.3025135e-05
3.5702052e-06
2.5629801e-07
0.00065940648
0.00062153255
0.00056560772
0.0005336222
0.00052557202
0.00052945587
0.00053114543
0.00050289792
0.00047913567
0.00045994662
0.00044053591
0.0004179265
0.00039092781
0.00035945408
0.00032394065
0.0002849767
0.00024361141
0.00020220037
0.00016159572
0.00012223574
8.450327e-05
5.068568e-05
2.305281e-05
3.5769149e-06
2.5668184e-07
0.00065495139
0.00061730787
0.00056359146
0.00053525382
0.00052956215
0.00053456195
0.00053451847
0.00050653903
0.00048288791
0.00046355005
0.00044381115
0.00042074668
0.0003932462
0.00036127839
0.00032527344
0.00028579967
0.00024419279
0.00020260022
0.00016186267
0.00012242762
8.4620357e-05
5.0748317e-05
2.3080495e-05
3.5836671e-06
2.5707024e-07
0.00065071738
0.00061346986
0.00056207037
0.00053723935
0.00053377393
0.00053974647
0.00053792377
0.00051023982
0.00048670125
0.00046716361
0.0004470611
0.0004235355
0.00039553652
0.00036307241
0.00032657508
0.00028660735
0.00024476345
0.00020299333
0.00016212565
0.00012261756
8.4736606e-05
5.0810664e-05
2.3108141e-05
3.590451e-06
2.5746242e-07
0.00064673034
0.00061003421
0.00056103575
0.00053956491
0.00053819135
0.00054499917
0.00054139116
0.00051399317
0.00049055638
0.00047078514
0.00045029024
0.00042629243
0.00039779499
0.00036483433
0.00032784882
0.00028740078
0.0002453243
0.00020338028
0.00016238505
0.00012280531
8.4851878e-05
5.0872665e-05
2.3135722e-05
3.5972596e-06
2.5785791e-07
0.00064299506
0.00060698528
0.00056048591
0.0005422171
0.00054279958
0.00055031036
0.00054493969
0.00051779552
0.00049443938
0.00047441011
0.00045349955
0.00042901808
0.0004000199
0.00036656426
0.00032909699
0.00028818076
0.00024587603
0.00020376152
0.00016264114
0.00012299085
8.4966129e-05
5.0934318e-05
2.3163241e-05
3.6040916e-06
2.5825641e-07
0.00063952072
0.00060432007
0.00056041093
0.00054518276
0.00054758462
0.00055567066
0.00054858055
0.00052164465
0.00049834029
0.00047803347
0.00045668873
0.0004317128
0.000402211
0.000368263
0.00033032124
0.00028894794
0.00024641916
0.00020413741
0.00016289417
0.00012317429
8.50794e-05
5.0995657e-05
2.3190718e-05
3.6109494e-06
2.5865783e-07
0.00063631686
0.00060203819
0.00056079779
0.00054844883
0.00055253311
0.00056107083
0.00055231964
0.0005255389
0.00050225241
0.00048165135
0.00045985564
0.00043437636
0.00040436869
0.0003699317
0.00033152295
0.00028970288
0.0002469541
0.00020450822
0.00016314432
0.00012335577
8.5191781e-05
5.1056736e-05
2.3218177e-05
3.6178375e-06
2.5906224e-07
0.00063339449
0.00060014236
0.0005616311
0.00055200221
0.00055763205
0.00056650172
0.00055615936
0.00052947692
0.00050617077
0.00048525939
0.00046299898
0.00043700911
0.00040649392
0.00037157115
0.00033270274
0.00029044607
0.00024748124
0.0002048742
0.00016339174
0.00012353546
8.5303375e-05
5.111761e-05
2.3245644e-05
3.6247596e-06
2.5946969e-07
0.00063076673
0.0005986383
0.0005628938
0.00055582975
0.00056286876
0.00057195434
0.00056009977
0.0005334574
0.00051009163
0.00048885353
0.00046611709
0.0004396095
0.0004085859
0.00037318363
0.00033386413
0.0002911779
0.00024800086
0.00020523558
0.00016363659
0.00012371346
8.5414264e-05
5.1178331e-05
2.3273139e-05
3.63172e-06
2.5988039e-07
0.00062844848
0.00059753344
0.00056456804
0.00055991814
0.00056823074
0.00057741986
0.00056413924
0.00053747919
0.00051401247
0.00049242942
0.00046920893
0.00044218377
0.00041065812
0.00037476233
0.0003349053
0.00029189568
0.00024851203
0.00020559192
0.00016387866
0.00012388995
8.5524518e-05
5.1238923e-05
2.3300672e-05
3.6387204e-06
2.6029465e-07
0.00062645557
0.00059683537
0.00056663593
0.00056425394
0.00057370559
0.00058288962
0.00056827512
0.00054154134
0.00051793174
0.00049598348
0.00047227555
0.00044473754
0.00041271166
0.00037630283
0.00033586913
0.000292599
0.00024901425
0.00020594284
0.00016411766
0.00012406504
8.5634161e-05
5.129936e-05
2.3328221e-05
3.6457567e-06
2.6071245e-07
0.00062480371
0.00059655046
0.00056908007
0.00056882357
0.00057928103
0.00058835522
0.00057250404
0.00054564224
0.00052184683
0.00049951555
0.00047531835
0.00044726945
0.00041473783
0.00037780758
0.00033681566
0.00029328949
0.00024950801
0.00020628843
0.0001643535
0.00012423866
8.5743141e-05
5.1359582e-05
2.3355753e-05
3.6528216e-06
2.6113343e-07
0.00062350771
0.00059668305
0.00057188376
0.00057361331
0.00058494476
0.00059380824
0.00057682228
0.00054978008
0.00052575629
0.00050302587
0.0004783371
0.0004497758
0.00041673263
0.00037928028
0.00033774609
0.00029396824
0.00024999393
0.00020662902
0.00016458635
0.00012441066
8.5851363e-05
5.1419529e-05
2.3383235e-05
3.659908e-06
2.6155719e-07
0.00062258078
0.00059723505
0.00057503106
0.00057860927
0.00059068449
0.00059924057
0.00058122625
0.00055395577
0.00052965766
0.00050651376
0.00048133033
0.00045225365
0.00041869536
0.00038072402
0.00033866129
0.00029463604
0.0002504725
0.00020696497
0.0001648164
0.0001245809
8.5958753e-05
5.1479166e-05
2.3410651e-05
3.6670112e-06
2.6198339e-07
0.00062203411
0.00059820587
0.00057850668
0.00058379744
0.00059648807
0.00060464468
0.00058571135
0.00055816689
0.00053355219
0.00050997875
0.00048429623
0.00045470122
0.00042062656
0.00038214107
0.00033956194
0.00029529347
0.00025094415
0.00020729655
0.00016504386
0.00012474938
8.6065287e-05
5.1538489e-05
2.3438e-05
3.6741297e-06
2.6241183e-07
0.00062187663
0.00059959253
0.00058229584
0.00058916372
0.0006023435
0.00061001357
0.00059027286
0.00056241192
0.00053744062
0.00051342027
0.00048723316
0.00045711755
0.0004225271
0.00038353315
0.00034044864
0.00029594102
0.0002514092
0.000207624
0.0001652689
0.00012491616
8.6170997e-05
5.1597523e-05
2.3465294e-05
3.6812651e-06
2.6284242e-07
0.0006221149
0.00060138987
0.00058638409
0.00059469389
0.00060823881
0.00061534057
0.00059490909
0.00056668742
0.00054132267
0.00051683781
0.00049014007
0.0004595023
0.00042439778
0.00038490143
0.0003413219
0.00029657907
0.00025186795
0.00020794751
0.00016549166
0.00012508134
8.627594e-05
5.1656304e-05
2.3492551e-05
3.68842e-06
2.6327517e-07
0.00062275307
0.00060359071
0.00059075717
0.00060037365
0.00061416234
0.0006206197
0.00059961463
0.00057099359
0.00054519844
0.00052023084
0.00049301587
0.00046185479
0.0004262395
0.00038624766
0.00034218218
0.00029720799
0.00025232064
0.00020826726
0.00016571224
0.00012524503
8.6380188e-05
5.1714874e-05
2.351979e-05
3.6955977e-06
2.6371012e-07
0.00062379293
0.00060618615
0.0005954009
0.0006061887
0.00062010279
0.00062584582
0.00060438438
0.00057533055
0.00054906793
0.00052359849
0.00049586089
0.00046417942
0.00042805078
0.00038752283
0.00034302847
0.00029782756
0.00025276725
0.00020858328
0.00016593071
0.00012540732
8.6483811e-05
5.1773274e-05
2.3547027e-05
3.7028016e-06
2.6414754e-07
0.000625234
0.00060916565
0.00060030102
0.00061212464
0.00062604918
0.00063101401
0.00060921127
0.00057969729
0.00055293071
0.00052694231
0.00049868493
0.00046649162
0.00042982058
0.00038863182
0.0003438578
0.00029843654
0.00025320715
0.00020889523
0.00016614689
0.00012556828
8.658684e-05
5.1831519e-05
2.3574267e-05
3.7100324e-06
2.6458764e-07
0.00062707355
0.00061251723
0.00060544322
0.00061816725
0.00063199103
0.00063612091
0.00061409234
0.00058409302
0.0005567877
0.00053026574
0.00050148926
0.00046877927
0.00043154941
0.00038972123
0.00034467194
0.00029903519
0.00025364023
0.00020920287
0.00016636053
0.00012572822
8.6689358e-05
5.1889557e-05
2.3601483e-05
3.7172859e-06
2.6503035e-07
0.00062930678
0.0006162276
0.00061081304
0.00062430254
0.00063791846
0.00064116424
0.00061902413
0.00058851744
0.00056064083
0.00053357075
0.00050427034
0.00047103482
0.00043324093
0.00039079243
0.00034547209
0.00029962396
0.00025406655
0.00020950603
0.0001665714
0.00012587313
8.6790091e-05
5.1947348e-05
2.3628586e-05
3.7245367e-06
2.6547481e-07
0.00063192686
0.00062028223
0.0006163959
0.00063051674
0.00064382215
0.00064614262
0.00062400311
0.00059297074
0.00056449193
0.0005368574
0.0005070244
0.00047325584
0.00043489882
0.00039184624
0.00034625904
0.0003002033
0.00025448634
0.00020980476
0.00016677933
0.00012601363
8.6888974e-05
5.2004614e-05
2.3655511e-05
3.7317681e-06
2.6591998e-07
0.00063492506
0.00062466549
0.00062217716
0.00063679618
0.00064969306
0.00065105401
0.00062902632
0.00059745288
0.00056834208
0.00054012479
0.0005097489
0.0004754422
0.00043652587
0.0003928833
0.00034703338
0.00030077362
0.00025489988
0.00021009926
0.00016698446
0.00012615231
8.6986363e-05
5.2061298e-05
2.3682261e-05
3.7389824e-06
2.663653e-07
0.00063829085
0.00062936065
0.00062814224
0.00064312808
0.00065552314
0.00065589832
0.00063409117
0.0006019643
0.00057219176
0.00054337181
0.00051244249
0.00047759455
0.00043812406
0.00039390415
0.0003477956
0.00030133529
0.00025530748
0.00021038979
0.00016718703
0.00012628945
8.7082583e-05
5.2117495e-05
2.3708884e-05
3.7461908e-06
2.6681092e-07
0.00064201205
0.00063435018
0.00063427651
0.0006494994
0.00066130542
0.00066067629
0.00063919546
0.00060650503
0.00057604109
0.00054659779
0.0005151047
0.00047971352
0.00043969454
0.00039490929
0.00034854615
0.00030188866
0.00025570941
0.00021067659
0.00016738727
0.00012642525
8.7177876e-05
5.217333e-05
2.3735431e-05
3.7534041e-06
2.6725722e-07
0.00064607495
0.00063961601
0.00064056563
0.00065589744
0.00066703347
0.00066538895
0.00064433748
0.00061107487
0.00057988995
0.00054980167
0.00051773453
0.0004818001
0.00044123946
0.00039589913
0.0003492854
0.00030243404
0.00025610591
0.00021095987
0.00016758537
0.00012655989
8.7272421e-05
5.2228902e-05
2.3761939e-05
3.7606298e-06
2.677046e-07
0.00065046448
0.0006451394
0.00064699502
0.00066231017
0.00067270165
0.00067003766
0.00064951551
0.00061567293
0.00058373768
0.00055298477
0.00052033851
0.00048385164
0.00044268732
0.00039687239
0.00035001307
0.00030297143
0.00025649709
0.00021123979
0.00016778148
0.00012669348
8.7366356e-05
5.2284288e-05
2.3788436e-05
3.7678734e-06
2.6815352e-07
0.00065515154
0.00065088011
0.00065355684
0.00066872588
0.00067830539
0.00067462403
0.00065472815
0.00062029773
0.00058758565
0.00055615786
0.00052293355
0.00048585598
0.00044393981
0.00039782608
0.00035072795
0.00030350024
0.00025688266
0.00021151623
0.0001679756
0.00012682606
8.7459763e-05
5.2339522e-05
2.3814929e-05
3.7751365e-06
2.6860436e-07
0.00066011609
0.00065681884
0.00066023564
0.00067513355
0.00068384093
0.00067914996
0.00065997063
0.00062494779
0.00059143822
0.00055932352
0.00052550631
0.00048781347
0.00044516994
0.0003987619
0.00035143022
0.00030402032
0.00025726242
0.000211789
0.00016816758
0.00012695753
8.7552654e-05
5.2394597e-05
2.3841406e-05
3.7824167e-06
2.6905704e-07
0.00066534178
0.0006629432
0.00066701357
0.00068152301
0.00068930528
0.00068361747
0.00066525029
0.00062962459
0.00059529324
0.00056247666
0.00052804801
0.00048972819
0.00044637912
0.00039968113
0.00035212043
0.00030453194
0.00025763643
0.00021205806
0.00016835736
0.00012708782
8.7644992e-05
5.244948e-05
2.386785e-05
3.789711e-06
2.6951135e-07
0.00067081243
0.00066923956
0.0006738734
0.00068788464
0.00069469429
0.00068802374
0.00066989479
0.00063432882
0.00059918172
0.00056561815
0.00053055441
0.00049160361
0.00044756826
0.00040058469
0.00035279916
0.00030503544
0.00025800489
0.00021232351
0.00016854493
0.0001272169
8.7736735e-05
5.250414e-05
2.3894243e-05
3.7970158e-06
2.6996734e-07
0.00067651179
0.00067569336
0.0006807984
0.00069420874
0.00070000265
0.00069236505
0.00067363147
0.00063904624
0.00060314764
0.00056876276
0.00053302576
0.00049344115
0.00044873799
0.00040147323
0.00035346688
0.00030553118
0.00025836805
0.00021258549
0.00016873037
0.00012734477
8.7827838e-05
5.2558541e-05
2.3920567e-05
3.8043267e-06
2.7042495e-07
0.00068242341
0.00068228914
0.00068777193
0.00070048566
0.00070522699
0.00069664407
0.0006773168
0.00064375971
0.00060717021
0.00057191793
0.00053546739
0.00049524313
0.00044988879
0.00040234722
0.00035412395
0.00030601941
0.0002587261
0.00021284413
0.00016891374
0.00012747146
8.7918264e-05
5.2612655e-05
2.3946808e-05
3.8116404e-06
2.7088383e-07
0.00068853055
0.00068901066
0.00069477747
0.00070670649
0.00071036603
0.00070086352
0.00068095378
0.00064846214
0.00061122744
0.00057508349
0.00053788374
0.00049701102
0.00045102107
0.00040320704
0.00035477065
0.00030650035
0.00025907921
0.00021309956
0.00016909512
0.000127597
8.8007997e-05
5.2666467e-05
2.3972961e-05
3.8189559e-06
2.7134363e-07
0.00069481607
0.00069584103
0.00070179876
0.00071286354
0.00071542068
0.00070502652
0.00068454301
0.0006531532
0.00061530094
0.0005782498
0.00054028057
0.00049875489
0.00045213513
0.000404053
0.00035540728
0.00030697424
0.00025942758
0.00021335193
0.00016927463
0.00012772147
8.8097061e-05
5.2719994e-05
2.3999038e-05
3.8262749e-06
2.7180444e-07
0.00070126249
0.00070276293
0.00070881992
0.00071895025
0.00072039227
0.00070913501
0.00068808477
0.00065782503
0.00061939104
0.00058144582
0.00054264454
0.00050020306
0.00045322621
0.00040488348
0.00035603315
0.00030744081
0.0002597711
0.00021360122
0.00016945229
0.00012784491
8.8185487e-05
5.2773257e-05
2.4025046e-05
3.8335982e-06
2.7226636e-07
0.00070785194
0.00070975872
0.00071582557
0.0007249612
0.00072528254
0.00071319035
0.00069157901
0.00066251437
0.00062350575
0.00058464374
0.00054496419
0.00050159071
0.00045429511
0.0004056981
0.00035664782
0.00030789969
0.00026010957
0.00021384733
0.00016962805
0.0001279673
8.8273299e-05
5.2826269e-05
2.4050991e-05
3.8409275e-06
2.727294e-07
0.00071456629
0.00071681071
0.00072280092
0.00073089145
0.00073009135
0.00071718812
0.0006950182
0.00066570549
0.00062762537
0.00058792399
0.00054726715
0.00050295346
0.00045534321
0.00040649722
0.00035725132
0.00030835078
0.00026044281
0.00021409011
0.00016980181
0.00012808859
8.8360511e-05
5.2879038e-05
2.4076873e-05
3.8482623e-06
2.7319397e-07
0.00072138717
0.0007239012
0.00072973173
0.00073673635
0.00073481817
0.0007211261
0.00069840145
0.0006686306
0.00063171034
0.00059126003
0.00054957091
0.00050429222
0.00045637128
0.00040728113
0.00035784372
0.00030879401
0.00026077069
0.0002143294
0.00016997343
0.00012820866
8.8447059e-05
5.2931513e-05
2.4102664e-05
3.8555957e-06
2.7365929e-07
0.00072829602
0.00073101264
0.00073660425
0.00074249165
0.00073946333
0.00072500425
0.00070172959
0.00067149869
0.0006357088
0.00059463459
0.00055188867
0.0005056074
0.00045737995
0.0004080503
0.00035842536
0.00030922959
0.00026109332
0.00021456523
0.00017014291
0.00012832749
8.8532905e-05
5.2983683e-05
2.4128367e-05
3.8629303e-06
2.741252e-07
0.00073527424
0.00073812772
0.00074340536
0.00074815359
0.00074402703
0.0007288201
0.00070499672
0.00067430443
0.00063811112
0.00059754151
0.00055353925
0.0005068852
0.0004583643
0.00040880258
0.00035899532
0.00030965722
0.00026141063
0.00021479763
0.00017031027
0.00012844511
8.8618079e-05
5.3035571e-05
2.4153991e-05
3.8702682e-06
2.7459319e-07
0.00074230319
0.00074522945
0.00075012267
0.00075371874
0.00074850903
0.00073257036
0.00070819871
0.0006770441
0.00064044142
0.00059949002
0.00055511322
0.00050812061
0.00045931966
0.00040953474
0.00035955152
0.00031007564
0.00026172193
0.00021502621
0.00017047531
0.0001285614
8.8702522e-05
5.3087125e-05
2.4179497e-05
3.8776005e-06
2.7506316e-07
0.00074936433
0.00075230133
0.00075674457
0.0007591839
0.00075290885
0.00073625232
0.00071133386
0.00067971792
0.00064270472
0.00060137042
0.00055662994
0.0005093132
0.00046024381
0.00041024435
0.00036009183
0.00031048322
0.00026202608
0.00021525023
0.00017063755
0.00012867606
8.8786086e-05
5.3138247e-05
2.4204843e-05
3.8849204e-06
2.7553399e-07
0.00075643934
0.00075932743
0.00076326026
0.00076454556
0.00075722554
0.00073986475
0.00071440213
0.00068232724
0.00064490435
0.00060318893
0.00055809359
0.00051046439
0.00046113643
0.00041093026
0.0003606148
0.00031087856
0.00026232191
0.00021546883
0.00017079641
0.00012878871
8.8868572e-05
5.3188829e-05
2.422999e-05
3.8922199e-06
2.7600507e-07
0.00076351018
0.00076629255
0.00076966002
0.00076980064
0.00076145866
0.00074340724
0.00071740418
0.00068487338
0.00064704259
0.00060494945
0.00055950751
0.00051157596
0.00046199812
0.00041159225
0.00036111969
0.00031126069
0.00026260847
0.00021568118
0.00017095125
0.00012889894
8.894974e-05
5.3238743e-05
2.4254885e-05
3.8994862e-06
2.7647591e-07
0.00077055926
0.00077318244
0.00077593553
0.00077494781
0.00076560947
0.00074687918
0.0007203408
0.00068735743
0.00064912124
0.00060665483
0.00056087433
0.00051264959
0.00046282981
0.00041223068
0.00036160638
0.00031162915
0.00026288511
0.00021588665
0.00017110154
0.00012900633
8.902932e-05
5.3287838e-05
2.427946e-05
3.9067037e-06
2.769457e-07
0.00077756962
0.00077998397
0.00078208005
0.00077998618
0.00076967902
0.00075028059
0.00072321265
0.0006897803
0.00065114185
0.00060830734
0.00056219616
0.0005136868
0.0004636325
0.00041284614
0.00036207506
0.00031198382
0.00026315154
0.00021608483
0.00017124689
0.00012911056
8.9107039e-05
5.3335961e-05
2.4303648e-05
3.9138556e-06
2.7741354e-07
0.00078452506
0.00078668527
0.00078808844
0.00078491528
0.00077366818
0.0007536118
0.00072602032
0.00069214277
0.0006531058
0.0006099089
0.00056347481
0.00051468891
0.00046440714
0.00041343929
0.00036252616
0.00031232485
0.00026340769
0.00021627556
0.00017138705
0.00012921141
8.9182656e-05
5.338297e-05
2.4327388e-05
3.9209265e-06
2.778785e-07
0.00079140976
0.00079327186
0.00079395122
0.00078973758
0.00077757782
0.00075687329
0.00072876432
0.00069444561
0.00065501437
0.00061146116
0.0005647118
0.00051565713
0.00046515466
0.00041401084
0.00036296016
0.00031265256
0.00026365369
0.00021645881
0.00017152197
0.00012930878
8.9255989e-05
5.3428764e-05
2.4350637e-05
3.9279045e-06
2.7833969e-07
0.00079820908
0.00079973514
0.00079966837
0.00079445229
0.00078140853
0.00076006555
0.00073144513
0.00069668955
0.00065686877
0.0006129656
0.00056590852
0.00051659256
0.00046587592
0.0004145615
0.00036337763
0.00031296735
0.00026388981
0.00021663474
0.00017165168
0.00012940266
8.9326936e-05
5.3473284e-05
2.4373369e-05
3.9347815e-06
2.787964e-07
0.00080490988
0.00080606924
0.00080524222
0.00079905863
0.00078516061
0.00076318904
0.00073406324
0.00069887536
0.00065867017
0.00061442357
0.00056706619
0.00051749622
0.00046657175
0.00041509194
0.00036377914
0.00031326967
0.00026411638
0.00021680356
0.00017177633
0.00012949313
8.9395468e-05
5.3516514e-05
2.4395582e-05
3.9415534e-06
2.7924809e-07
0.00081150067
0.00081226931
0.00081067323
0.0008035545
0.00078883528
0.00076624432
0.00073661916
0.00070100381
0.00066041965
0.0006158363
0.00056818597
0.00051836905
0.00046724292
0.00041560285
0.00036416525
0.00031355999
0.00026433377
0.00021696557
0.0001718961
0.00012958033
8.9461622e-05
5.355848e-05
2.4417287e-05
3.9482195e-06
2.7969442e-07
0.00081797155
0.00081833161
0.00081596411
0.0008079416
0.00079243195
0.00076923179
0.00073911343
0.0007030757
0.00066211829
0.00061720495
0.00056926892
0.00051921195
0.0004678902
0.00041609485
0.00036453655
0.00031383881
0.0002645424
0.00021712107
0.00017201126
0.00012966442
8.9525487e-05
5.3599234e-05
2.4438505e-05
3.9547816e-06
2.8013522e-07
0.00082431421
0.00082425347
0.00082111798
0.00081222215
0.00079595002
0.00077215178
0.0007415466
0.00070509184
0.00066376714
0.00061853063
0.00057031604
0.0005200258
0.00046851431
0.00041656859
0.00036489357
0.00031410662
0.00026474268
0.00021727043
0.00017212206
0.00012974559
8.9587187e-05
5.3638848e-05
2.4459267e-05
3.9612434e-06
2.8057045e-07
0.00083052189
0.00083003315
0.00082613782
0.00081639814
0.00079938927
0.00077500458
0.00074391925
0.00070705308
0.00066536721
0.00061981439
0.00057132831
0.00052081139
0.00046911595
0.00041702468
0.00036523686
0.00031436388
0.00026493502
0.00021741397
0.00017222877
0.00012982404
8.9646866e-05
5.3677402e-05
2.4479603e-05
3.9676093e-06
2.8100016e-07
0.00083658923
0.00083566969
0.00083102649
0.00082047141
0.00080274973
0.00077779051
0.00074623198
0.00070896025
0.0006669195
0.00062105724
0.00057230663
0.00052156953
0.0004696958
0.00041746369
0.00036556693
0.00031461107
0.00026511982
0.00021755204
0.00017233165
0.00012989997
8.9704675e-05
5.3714981e-05
2.4499546e-05
3.9738842e-06
2.8142446e-07
0.00084251223
0.0008411628
0.00083578669
0.00082444371
0.00080603167
0.00078050991
0.00074848539
0.00071081421
0.000668425
0.00062226017
0.0005732519
0.00052230099
0.0004702545
0.00041788619
0.0003658843
0.00031484863
0.00026529748
0.00021768496
0.00017243098
0.00012997357
8.9760763e-05
5.3751665e-05
2.4519127e-05
3.9800729e-06
2.8184353e-07
0.00084828805
0.00084651281
0.00084042103
0.00082831669
0.0008092355
0.0007831632
0.00075068014
0.00071261582
0.00066988467
0.00062342413
0.00057416497
0.00052300649
0.00047079269
0.00041829275
0.00036618945
0.00031507697
0.00026546836
0.00021781304
0.00017252699
0.00013004502
8.9815275e-05
5.3787531e-05
2.4538373e-05
3.9861801e-06
2.8225754e-07
0.00085391491
0.00085172049
0.00084493201
0.00083209198
0.00081236178
0.00078575083
0.00075281692
0.00071436595
0.00067129948
0.00062455005
0.00057504669
0.00052368677
0.00047131098
0.00041868388
0.00036648284
0.00031529652
0.00026563281
0.00021793656
0.0001726199
0.00013011447
8.9868344e-05
5.3822647e-05
2.455731e-05
3.99221e-06
2.8266665e-07
0.00085939196
0.00085678706
0.00084932206
0.00083577113
0.00081541115
0.00078827337
0.00075489642
0.00071606548
0.00067267036
0.00062563885
0.00057589786
0.00052434251
0.00047180998
0.00041906009
0.00036676491
0.00031550766
0.00026579116
0.0002180558
0.00017270993
0.00013018209
8.9920088e-05
5.3857075e-05
2.4575959e-05
3.9981663e-06
2.8307106e-07
0.00086471918
0.00086171406
0.00085359356
0.00083935571
0.00081838436
0.0007907314
0.00075691941
0.00071771531
0.00067399827
0.00062669142
0.00057671928
0.00052497441
0.00047229025
0.0004194219
0.00036703609
0.00031571074
0.00026594371
0.00021817101
0.00017279727
0.00013024799
8.9970614e-05
5.3890868e-05
2.4594339e-05
4.0040524e-06
2.834709e-07
0.0008698972
0.00086650334
0.00085774881
0.00084284724
0.00082128222
0.00079312562
0.00075888666
0.00071931632
0.00067528412
0.00062770863
0.00057751174
0.00052558313
0.00047275238
0.00041976977
0.00036729679
0.00031590612
0.00026609075
0.0002182824
0.00017288207
0.00013031229
9.0020015e-05
5.3924071e-05
2.4612466e-05
4.0098711e-06
2.8386634e-07
0.00087492727
0.00087115697
0.00086179012
0.00084624726
0.00082410564
0.00079545675
0.00076079899
0.00072086943
0.00067652885
0.00062869135
0.00057827599
0.00052616933
0.0004731969
0.00042010416
0.0003675474
0.00031609413
0.00026623256
0.0002183902
0.00017296451
0.00013037511
9.0068373e-05
5.3956725e-05
2.4630353e-05
4.0156249e-06
2.842575e-07
0.00087981109
0.00087567723
0.00086571974
0.0008495573
0.00082685553
0.00079772558
0.00076265724
0.00072237555
0.00067773336
0.00062964045
0.00057901279
0.00052673363
0.00047362435
0.00042042554
0.0003677883
0.00031627507
0.00026636937
0.0002184946
0.00017304471
0.00013043652
9.0115756e-05
5.398886e-05
2.4648011e-05
4.0213158e-06
2.846445e-07
0.00088455078
0.00088006656
0.00086953991
0.00085277887
0.00082953291
0.00079993295
0.00076446228
0.0007238356
0.00067889858
0.00063055674
0.00057972287
0.00052727668
0.00047403526
0.00042073433
0.00036801984
0.00031644924
0.00026650143
0.00021859576
0.0001731228
0.00013049662
9.0162227e-05
5.4020506e-05
2.4665449e-05
4.0269457e-06
2.8502744e-07
0.00088914878
0.00088432751
0.00087325287
0.00085591351
0.0008321388
0.00080207974
0.00076621503
0.00072525051
0.00068002539
0.00063144107
0.00058040696
0.00052779907
0.00047443013
0.00042103095
0.00036824238
0.00031661692
0.00026662894
0.00021869385
0.00017319889
0.00013055546
9.0207838e-05
5.4051688e-05
2.4682677e-05
4.032516e-06
2.854064e-07
0.0008936078
0.00088846276
0.00087686085
0.00085896278
0.00083467429
0.00080416689
0.00076791639
0.00072662121
0.00068111472
0.00063229426
0.00058106577
0.00052830142
0.00047480948
0.00042131582
0.00036845624
0.00031677836
0.00026675211
0.00021878902
0.00017327309
0.00013061312
9.0252637e-05
5.4082426e-05
2.4699699e-05
4.0380282e-06
2.8578146e-07
0.00089793073
0.00089247504
0.00088036605
0.00086192821
0.00083714049
0.00080619534
0.00076956731
0.00072794865
0.00068216744
0.00063311711
0.0005817
0.00052878431
0.00047517378
0.00042158933
0.00036866174
0.00031693382
0.00026687113
0.00021888141
0.00017334548
0.00013066965
9.029666e-05
5.4112738e-05
2.4716524e-05
4.0434833e-06
2.8615269e-07
0.00090212064
0.00089636714
0.00088377068
0.00086481137
0.00083953856
0.00080816609
0.00077116876
0.00072923376
0.00068318446
0.00063391043
0.00058231034
0.00052924834
0.00047552352
0.00042185187
0.00036885919
0.00031708354
0.00026698618
0.00021897113
0.00017341615
0.00013072509
9.0339943e-05
5.4142638e-05
2.4733155e-05
4.0488823e-06
2.8652014e-07
0.00090618068
0.00090014192
0.00088707697
0.00086761383
0.00084186966
0.00081008017
0.0007727217
0.00073047749
0.00068416665
0.00063467501
0.00058289749
0.00052969406
0.00047585916
0.00042210383
0.00036904889
0.00031722774
0.00026709742
0.0002190583
0.00017348517
0.0001307795
9.0382516e-05
5.4172141e-05
2.4749596e-05
4.0542262e-06
2.8688388e-07
0.0009101141
0.00090380221
0.00089028709
0.00087033718
0.00084413502
0.00081193861
0.00077422714
0.0007316808
0.00068511489
0.00063541162
0.00058346211
0.00053012204
0.00047618117
0.00042234556
0.00036923113
0.00031736664
0.000267205
0.00021914304
0.00017355261
0.00013083292
9.0424407e-05
5.4201259e-05
2.4765853e-05
4.0595156e-06
2.8724393e-07
0.00091392421
0.0009073509
0.00089340325
0.00087298301
0.00084633584
0.00081374248
0.00077568607
0.00073284461
0.00068603007
0.00063612106
0.00058400486
0.00053053285
0.00047648999
0.00042257742
0.00036940618
0.00031750045
0.00026730909
0.00021922545
0.00017361853
0.00013088538
9.046564e-05
5.423e-05
2.4781928e-05
4.0647512e-06
2.8760035e-07
0.0009176143
0.00091079085
0.00089642763
0.00087555291
0.00084847338
0.00081549286
0.00077709949
0.0007339699
0.00068691303
0.00063680408
0.00058452642
0.00053092702
0.00047678608
0.00042279978
0.00036957431
0.00031762938
0.00026740983
0.00021930562
0.00017368301
0.00013093692
9.0506238e-05
5.4258377e-05
2.4797825e-05
4.0699339e-06
2.8795316e-07
0.00092118771
0.00091412492
0.0008993624
0.00087804849
0.00085054889
0.00081719086
0.00077846842
0.00073505758
0.00068776466
0.00063746144
0.00058502741
0.00053130509
0.00047706986
0.00042301296
0.00036973579
0.00031775361
0.00026750734
0.00021938364
0.00017374609
0.00013098756
9.0546221e-05
5.4286398e-05
2.4813547e-05
4.0750641e-06
2.8830241e-07
0.00092464775
0.00091735593
0.00090220973
0.00088047135
0.00085256365
0.00081883756
0.00077979388
0.00073610862
0.00068858579
0.0006380939
0.00058550849
0.00053166759
0.00047734177
0.00042321731
0.00036989087
0.00031787333
0.00026760177
0.00021945961
0.00017380784
0.00013103735
9.0585609e-05
5.4314072e-05
2.4829097e-05
4.0801426e-06
2.8864813e-07
0.00092799768
0.00092048671
0.00090497176
0.00088282311
0.00085451895
0.0008204341
0.00078107688
0.00073712395
0.00068937727
0.0006387022
0.00058597028
0.00053201506
0.00047760222
0.00042341316
0.00037003981
0.00031798873
0.00026769324
0.0002195336
0.00017386829
0.00013108632
9.0624421e-05
5.4341408e-05
2.4844479e-05
4.0851698e-06
2.8899035e-07
0.00093124075
0.00092352004
0.00090765062
0.00088510538
0.00085641607
0.00082198158
0.00078231845
0.00073810449
0.00069013995
0.00063928706
0.00058641341
0.00053234798
0.00047785162
0.00042360083
0.00037018284
0.00031809999
0.00026778188
0.00021960571
0.00017392751
0.00013113448
9.0662675e-05
5.4368412e-05
2.4859694e-05
4.0901465e-06
2.8932909e-07
0.00093438016
0.00092645864
0.00091024843
0.00088731977
0.00085825631
0.00082348114
0.00078351961
0.00073905119
0.00069087466
0.00063984922
0.00058683849
0.00053266689
0.00047809039
0.00042378062
0.0003703202
0.00031820727
0.0002678678
0.000219676
0.00017398554
0.00013118187
9.0700387e-05
5.4395094e-05
2.4874747e-05
4.0950732e-06
2.896644e-07
0.00093741904
0.00092930524
0.00091276729
0.00088946788
0.00086004098
0.00082493391
0.00078468137
0.00073996496
0.00069158221
0.00064038938
0.00058724612
0.00053297227
0.00047831892
0.00042395287
0.00037045214
0.00031831074
0.00026795112
0.00021974456
0.00017404243
0.00013122852
9.0737576e-05
5.4421463e-05
2.488964e-05
4.0999504e-06
2.899963e-07
0.00094036048
0.00093206248
0.00091520925
0.00089155132
0.00086177137
0.00082634101
0.00078580475
0.00074084672
0.00069226343
0.00064090826
0.00058763691
0.00053326461
0.00047853761
0.00042411786
0.00037057886
0.00031841057
0.00026803196
0.00021981145
0.00017409823
0.00013127446
9.0774257e-05
5.4447524e-05
2.4904377e-05
4.1047789e-06
2.9032482e-07
0.0009432075
0.00093473298
0.00091757638
0.00089357167
0.00086344879
0.00082770357
0.00078689075
0.00074169737
0.00069291912
0.00064140656
0.00058801144
0.0005335444
0.00047874683
0.00042427589
0.0003707006
0.00031850693
0.00026811043
0.00021987676
0.00017415298
0.00013131971
9.0810448e-05
5.4473286e-05
2.4918959e-05
4.1095592e-06
2.9064999e-07
0.00094596304
0.0009373193
0.00091987068
0.00089553052
0.00086507453
0.00082902271
0.00078794039
0.00074251782
0.00069355006
0.00064188495
0.00058837029
0.00053381211
0.00047894697
0.00042442726
0.00037081758
0.00031859996
0.00026818663
0.00021994056
0.00017420673
0.00013136429
9.0846164e-05
5.4498758e-05
2.4933391e-05
4.114292e-06
2.9097186e-07
0.00094863
0.00093982395
0.00092209416
0.00089742944
0.00086664989
0.00083029954
0.00078895465
0.00074330895
0.00069415706
0.00064234412
0.00058871402
0.00053406821
0.00047913839
0.00042457226
0.00037093001
0.00031868982
0.00026826068
0.00022000291
0.00017425952
0.00013140824
9.0881425e-05
5.4523948e-05
2.4947675e-05
4.118978e-06
2.9129045e-07
0.00095121119
0.00094224939
0.00092424877
0.00089926998
0.00086817615
0.00083153519
0.00078993452
0.00074407165
0.00069474088
0.00064278474
0.00058904321
0.00053431315
0.00047932147
0.00042471115
0.0003710381
0.00031877667
0.00026833267
0.00022006389
0.00017431139
0.00013145157
9.0916243e-05
5.4548863e-05
2.4961815e-05
4.1236179e-06
2.9160581e-07
0.00095370934
0.00094459802
0.00092633646
0.0009010537
0.00086965459
0.00083273076
0.00079088098
0.00074480679
0.00069530228
0.00064320747
0.0005893584
0.00053454739
0.00047949656
0.00042484423
0.00037114205
0.00031886065
0.00026840271
0.00022012356
0.0001743624
0.00013149433
9.0950636e-05
5.4573511e-05
2.4975814e-05
4.1282123e-06
2.9191796e-07
0.00095612713
0.00094687221
0.00092835913
0.00090278212
0.00087108648
0.00083388734
0.00079179501
0.00074551522
0.00069584203
0.00064361294
0.00058966014
0.00053477137
0.000479664
0.00042497176
0.00037124207
0.0003189419
0.0002684709
0.00022018199
0.00017441257
0.00013153652
9.098462e-05
5.4597901e-05
2.4989676e-05
4.132762e-06
2.9222695e-07
0.00095846717
0.00094907424
0.00093031864
0.00090445674
0.00087247308
0.00083500603
0.00079267756
0.0007461978
0.00069636086
0.00064400179
0.00058994895
0.00053498552
0.00047982415
0.000425094
0.00037133835
0.00031902057
0.00026853734
0.00022023924
0.00017446196
0.00013157818
9.1018212e-05
5.4622042e-05
2.5003403e-05
4.1372677e-06
2.9253282e-07
0.00096073197
0.00095120638
0.00093221685
0.00090607908
0.00087381563
0.00083608789
0.00079352958
0.00074685536
0.0006968595
0.00064437466
0.00059022536
0.00053519027
0.00047997734
0.00042521122
0.00037143109
0.0003190968
0.00026860213
0.00022029539
0.0001745106
0.00013161933
9.1051427e-05
5.4645939e-05
2.5016998e-05
4.1417303e-06
2.9283561e-07
0.00096292402
0.0009532708
0.00093405555
0.00090765058
0.00087511537
0.00083713399
0.00079435201
0.00074748873
0.00069733867
0.00064473214
0.00059048987
0.00053538602
0.00048012389
0.00042532366
0.00037152047
0.00031917072
0.00026866536
0.00022035049
0.00017455853
0.00013166
9.1084282e-05
5.4669604e-05
2.5030466e-05
4.1461503e-06
2.9313536e-07
0.00096504569
0.00095526965
0.00093583652
0.00090917272
0.00087637352
0.00083814538
0.00079514577
0.00074809871
0.00069779907
0.00064507485
0.00059074299
0.0005355732
0.00048026413
0.00042543157
0.00037160668
0.00031924247
0.00026872712
0.00022040461
0.0001746058
0.0001317002
9.1116793e-05
5.4693042e-05
2.5043809e-05
4.1505287e-06
2.9343212e-07
0.00096709931
0.00095720501
0.00093756149
0.00091064692
0.00087759127
0.00083912311
0.00079591177
0.00074868612
0.00069824141
0.00064540338
0.00059098521
0.00053575219
0.00048039838
0.00042553519
0.0003716899
0.00031931218
0.0002687875
0.0002204578
0.00017465244
0.00013173997
9.1148976e-05
5.4716265e-05
2.5057031e-05
4.1548662e-06
2.9372593e-07
0.00096908715
0.00095907892
0.00093923218
0.00091207459
0.00087876982
0.0008400682
0.00079665091
0.00074925173
0.00069866635
0.00064571829
0.00059121701
0.00053592338
0.00048052693
0.00042563476
0.0003717703
0.00031937996
0.0002688466
0.00022051013
0.00017469849
0.00013177933
9.1180846e-05
5.4739277e-05
2.5070136e-05
4.1591638e-06
2.9401684e-07
0.00097101139
0.00096089335
0.00094085024
0.00091345711
0.00087991034
0.00084098167
0.00079736408
0.00074979632
0.00069907458
0.00064602017
0.00059143886
0.00053608716
0.0004806501
0.00042573052
0.00037184806
0.00031944595
0.00026890449
0.00022056165
0.00017474399
0.0001318183
9.1212417e-05
5.4762087e-05
2.5083126e-05
4.1634221e-06
2.943049e-07
0.00097287417
0.00096265025
0.00094241731
0.00091479586
0.00088101398
0.0008418645
0.00079805215
0.00075032064
0.00069946673
0.00064630955
0.00059165122
0.0005362439
0.00048076816
0.00042582267
0.00037192334
0.00031951027
0.00026896127
0.00022061242
0.00017478898
0.0001318569
9.1243705e-05
5.4784703e-05
2.5096005e-05
4.1676419e-06
2.9459015e-07
0.00097467756
0.00096435148
0.00094393499
0.00091609216
0.00088208188
0.00084271768
0.00079871596
0.00075082545
0.00069984345
0.00064658698
0.00059185453
0.00053639395
0.00048088142
0.00042591145
0.00037199631
0.00031957304
0.00026901702
0.0002206625
0.00017483349
0.00013189516
9.1274727e-05
5.4807135e-05
2.5108777e-05
4.1718241e-06
2.9487265e-07
0.00097642356
0.00096599888
0.00094540484
0.00091734734
0.00088311516
0.00084354217
0.00079935637
0.00075131146
0.00070020537
0.000646853
0.00059204923
0.00053653767
0.00048099013
0.00042599706
0.00037206712
0.00031963436
0.0002690718
0.00022071194
0.00017487756
0.0001319331
9.1305496e-05
5.4829389e-05
2.5121444e-05
4.1759696e-06
2.9515245e-07
0.00097811412
0.00096759423
0.00094682839
0.00091856268
0.00088411491
0.00084433893
0.00079997419
0.0007517794
0.00070055309
0.00064710811
0.00059223575
0.0005366754
0.00048109458
0.0004260797
0.00037213592
0.00031969435
0.00026912571
0.0002207608
0.00017492122
0.00013197073
9.1336026e-05
5.4851472e-05
2.513401e-05
4.1800792e-06
2.9542959e-07
0.00097975113
0.00096913926
0.00094820714
0.00091973945
0.00088508222
0.00084510888
0.00080057023
0.00075222996
0.00070088723
0.00064735282
0.0005924145
0.00053680748
0.00048119503
0.00042615959
0.00037220287
0.00031975312
0.00026917882
0.00022080912
0.0001749645
0.00013200809
9.1366331e-05
5.4873392e-05
2.5146478e-05
4.1841537e-06
2.9570413e-07
0.00098133643
0.00097063566
0.00094954253
0.00092087888
0.00088601814
0.00084585293
0.00080114529
0.00075266383
0.00070120835
0.00064758761
0.00059258588
0.00053693422
0.00048129171
0.00042623691
0.0003722681
0.00031981077
0.0002692312
0.00022085695
0.00017500744
0.00013204518
9.1396426e-05
5.4895157e-05
2.5158852e-05
4.1881939e-06
2.9597612e-07
0.0009828718
0.00097208507
0.00095083601
0.00092198221
0.00088692372
0.000846572
0.00080170015
0.00075308168
0.00070151704
0.00064781298
0.00059275029
0.00053705595
0.0004813849
0.00042631185
0.00037233177
0.0003198674
0.00026928292
0.00022090434
0.00017505007
0.00013208203
9.1426322e-05
5.4916773e-05
2.5171134e-05
4.1922008e-06
2.9624561e-07
0.00098435897
0.00097348909
0.00095208895
0.0009230506
0.00088779996
0.00084726695
0.00080223556
0.00075348416
0.00070181385
0.00064802938
0.0005929081
0.00053717297
0.00048147481
0.00042638459
0.00037239399
0.00031992311
0.00026933405
0.00022095134
0.00017509241
0.00013211867
9.1456033e-05
5.4938247e-05
2.5183327e-05
4.196175e-06
2.9651265e-07
0.00098579961
0.00097484926
0.00095330271
0.00092408523
0.00088864788
0.00084793864
0.00080275226
0.00075387191
0.00070209932
0.00064823726
0.00059305969
0.00053728556
0.00048156169
0.0004264553
0.00037245491
0.00031997799
0.00026938465
0.00022099798
0.0001751345
0.0001321551
9.1485572e-05
5.4959586e-05
2.5195435e-05
4.2001175e-06
2.9677731e-07
0.00098719535
0.00097616709
0.00095447862
0.00092508724
0.00088946844
0.00084858792
0.00080325099
0.00075424556
0.00070237398
0.00064843706
0.00059320542
0.00053739403
0.00048164575
0.00042652417
0.00037251465
0.00032003213
0.00026943479
0.00022104433
0.00017517637
0.00013219134
9.1514952e-05
5.4980798e-05
2.5207461e-05
4.204029e-06
2.9703962e-07
0.00098854776
0.00097744406
0.00095561797
0.00092605773
0.00089026261
0.00084921561
0.00080373246
0.00075460571
0.00070263833
0.00064862922
0.00059334562
0.00053749864
0.00048172721
0.00042659134
0.00037257333
0.00032008562
0.00026948453
0.00022109041
0.00017521804
0.00013222741
9.1544182e-05
5.5001887e-05
2.5219407e-05
4.2079105e-06
2.9729964e-07
0.00098985838
0.00097868158
0.00095672201
0.00092699779
0.00089103132
0.00084982253
0.00080419735
0.00075495295
0.00070289289
0.00064881414
0.00059348065
0.00053759967
0.00048180629
0.00042665698
0.00037263106
0.00032013855
0.00026953392
0.00022113626
0.00017525953
0.00013226333
9.1573276e-05
5.5022861e-05
2.5231276e-05
4.2117625e-06
2.9755743e-07
0.00099112869
0.00097988105
0.00095779198
0.0009279085
0.00089177548
0.00085040945
0.00080464635
0.00075528786
0.00070313814
0.00064899222
0.00059361081
0.00053769736
0.00048188317
0.00042672125
0.00037268796
0.00032019099
0.00026958303
0.00022118192
0.00017530088
0.00013229912
9.1602243e-05
5.5043726e-05
2.5243071e-05
4.2155861e-06
2.9781303e-07
0.00099236013
0.0009810438
0.00095882905
0.00092879087
0.00089249599
0.00085097714
0.00080508011
0.00075561101
0.00070337454
0.00064916386
0.00059373644
0.00053779198
0.00048195805
0.00042678427
0.00037274413
0.00032024302
0.0002696319
0.00022122744
0.0001753421
0.00013233478
9.1631094e-05
5.5064486e-05
2.5254795e-05
4.2193818e-06
2.980665e-07
0.00099355409
0.00098217114
0.00095983441
0.00092964593
0.00089319372
0.00085152636
0.00080549927
0.00075592293
0.00070360256
0.00064932943
0.00059385782
0.00053788376
0.00048203112
0.0004268462
0.00037279968
0.00032029471
0.00026968059
0.00022127283
0.00017538322
0.00013237033
9.165984e-05
5.5085148e-05
2.526645e-05
4.2231506e-06
2.9831789e-07
0.00099471193
0.00098326434
0.00096080917
0.00093047465
0.00089386952
0.00085205783
0.00080590447
0.00075622416
0.00070382263
0.00064948929
0.00059397526
0.00053797293
0.00048210255
0.00042690717
0.00037285471
0.00032034613
0.00026972914
0.00022131814
0.00017542426
0.0001324058
9.1688488e-05
5.5105717e-05
2.5278039e-05
4.2268932e-06
2.9856726e-07
0.00099583496
0.00098432464
0.00096175445
0.000931278
0.00089452423
0.00085257228
0.00080629631
0.00075651521
0.00070403519
0.00064964379
0.00059408904
0.00053805971
0.00048217252
0.00042696731
0.0003729093
0.00032039736
0.0002697776
0.0002213634
0.00017546524
0.00013244117
9.1717048e-05
5.5126198e-05
2.5289564e-05
4.2306103e-06
2.9881464e-07
0.00099692446
0.00098535324
0.00096267131
0.00093205693
0.00089515864
0.00085307039
0.00080667538
0.00075679658
0.00070424065
0.00064979328
0.00059419942
0.00053814432
0.00048224118
0.00042702673
0.00037296355
0.00032044845
0.00026982602
0.00022140863
0.00017550618
0.00013247649
9.1745532e-05
5.5146597e-05
2.5301028e-05
4.2343027e-06
2.990601e-07
0.00099798166
0.00098635129
0.0009635608
0.00093281232
0.00089577355
0.00085355283
0.00080704225
0.00075706875
0.0007044394
0.00064993808
0.00059430668
0.00053822696
0.00048230871
0.00042708556
0.00037301755
0.00032049946
0.00026987444
0.00022145387
0.0001755471
0.00013251174
9.1773945e-05
5.5166918e-05
2.5312433e-05
4.237971e-06
2.9930368e-07
0.00099900775
0.00098731992
0.00096442392
0.00093354509
0.00089636972
0.00085402028
0.00080739749
0.00075733219
0.00070463185
0.0006500785
0.00059441106
0.00053830782
0.00048237524
0.00042714391
0.00037307137
0.00032055045
0.0002699229
0.00022149914
0.00017558801
0.00013254695
9.1802295e-05
5.5187165e-05
2.5323782e-05
4.241616e-06
2.9954543e-07
0.0010000039
0.00098826023
0.00096526167
0.00093425608
0.0008969479
0.00085447336
0.00080774164
0.00075758736
0.00070481836
0.00065021486
0.0005945128
0.00053838711
0.00048244091
0.00042720188
0.00037312509
0.00032060148
0.00026997142
0.00022154446
0.00017562893
0.00013258212
9.1830591e-05
5.5207344e-05
2.5335076e-05
4.2452384e-06
2.997854e-07
0.0010009712
0.00098917328
0.000966075
0.00093494615
0.00089750882
0.00085491269
0.00080807521
0.00075783469
0.00070499929
0.00065034743
0.00059461213
0.00053846499
0.00048250587
0.00042725957
0.00037317878
0.0003206526
0.00027002006
0.00022158986
0.00017566988
0.00013261727
9.185884e-05
5.5227458e-05
2.5346317e-05
4.2488389e-06
3.0002363e-07
0.0010019108
0.00099006011
0.00096686485
0.0009356161
0.00089805319
0.00085533888
0.00080839873
0.00075807461
0.000705175
0.00065047651
0.00059470928
0.00053854163
0.00048257025
0.00042731709
0.00037323252
0.00032070385
0.00027006884
0.00022163536
0.00017571087
0.0001326524
9.1887047e-05
5.5247511e-05
2.5357508e-05
4.2524181e-06
3.0026018e-07
0.0010028237
0.0009909217
0.00096763211
0.00093626673
0.00089858167
0.00085575252
0.00080871267
0.00075830753
0.00070534581
0.00065060236
0.00059480446
0.00053861721
0.00048263416
0.00042737451
0.00037328636
0.00032075528
0.00027011779
0.00022168098
0.00017575192
0.00013268753
9.1915219e-05
5.5267507e-05
2.5368651e-05
4.2559767e-06
3.0049509e-07
0.001003711
0.00099175904
0.00096837766
0.00093689881
0.00089909496
0.00085615416
0.00080901752
0.00075853384
0.00070551205
0.00065072524
0.00059489787
0.00053869187
0.00048269773
0.00042743194
0.00037334038
0.00032080693
0.00027016694
0.00022172675
0.00017579303
0.00013272265
9.1943362e-05
5.5287449e-05
2.5379747e-05
4.2595153e-06
3.007284e-07
0.0010045736
0.00099257306
0.00096910235
0.00093751309
0.00089959367
0.00085654436
0.00080931375
0.00075875392
0.00070567403
0.00065084539
0.0005949897
0.00053876577
0.00048276106
0.00042748944
0.00037339462
0.00032085884
0.00027021632
0.00022177267
0.00017583422
0.00013275779
9.1971484e-05
5.5307342e-05
2.5390799e-05
4.2630345e-06
3.0096017e-07
0.0010054125
0.00099336467
0.00096980702
0.00093811029
0.00090007846
0.00085692365
0.00080960178
0.00075896814
0.00070583204
0.00065096306
0.00059508014
0.00053883904
0.00048282427
0.00042754709
0.00037344914
0.00032091106
0.00027026595
0.00022181877
0.0001758755
0.00013279294
9.1999586e-05
5.5327188e-05
2.5401808e-05
4.2665349e-06
3.0119043e-07
0.0010062287
0.00099413476
0.00097049245
0.00093869112
0.00090054991
0.00085729254
0.00080988206
0.00075917686
0.00070598638
0.00065107848
0.00059516937
0.00053891182
0.00048288744
0.00042760497
0.00037350399
0.00032096361
0.00027031586
0.00022186505
0.00017591688
0.00013282811
9.2027677e-05
5.5346991e-05
2.5412775e-05
4.2700172e-06
3.0141922e-07
0.001007023
0.00099488417
0.00097115943
0.00093925626
0.00090100861
0.00085765153
0.00081015499
0.0007593804
0.00070613732
0.00065119185
0.00059525756
0.00053898424
0.00048295068
0.00042766314
0.00037355922
0.00032101653
0.00027036607
0.00022191155
0.00017595837
0.00013286332
9.2055759e-05
5.5366753e-05
2.5423703e-05
4.2734818e-06
3.0164659e-07
0.0010077962
0.00099561375
0.0009718087
0.00093980637
0.00090145514
0.0008580011
0.00081042098
0.00075957911
0.00070628511
0.00065130338
0.00059534486
0.00053905642
0.00048301408
0.00042772168
0.00037361488
0.00032106984
0.0002704166
0.00022195826
0.00017599998
0.00013289855
9.2083838e-05
5.5386478e-05
2.5434593e-05
4.2769294e-06
3.0187258e-07
0.0010085494
0.00099632428
0.00097244099
0.00094034209
0.00090189005
0.00085834171
0.00081068041
0.00075977329
0.00070643002
0.00065141327
0.00059543142
0.00053912846
0.0004830777
0.00042778062
0.000373671
0.00032112358
0.00027046747
0.0002220052
0.00017604171
0.00013293383
9.2111915e-05
5.5406166e-05
2.5445446e-05
4.2803605e-06
3.0209723e-07
0.0010092832
0.00099701655
0.00097305701
0.00094086404
0.00090231386
0.00085867382
0.00081093366
0.00075996325
0.00070657227
0.00065152172
0.00059551739
0.00053920049
0.00048314164
0.00042784004
0.00037372762
0.00032117778
0.00027051869
0.00022205238
0.00017608358
0.00013296915
9.2139996e-05
5.5425822e-05
2.5456264e-05
4.2837755e-06
3.0232058e-07
0.0010099984
0.00099769131
0.00097365744
0.00094137281
0.00090272709
0.00085899784
0.00081118106
0.00076014927
0.0007067121
0.00065162889
0.0005956029
0.00053927259
0.00048320597
0.00042789998
0.00037378478
0.00032123244
0.00027057028
0.00022209981
0.00017612558
0.00013300452
9.2168083e-05
5.5445448e-05
2.5467049e-05
4.2871751e-06
3.0254266e-07
0.0010106959
0.00099834928
0.00097424293
0.000941869
0.00090313023
0.0008593142
0.00081142298
0.00076033162
0.00070684973
0.00065173496
0.00059568809
0.00053934487
0.00048327076
0.0004279605
0.00037384251
0.0003212876
0.00027062225
0.0002221475
0.00017616773
0.00013303994
9.2196183e-05
5.5465046e-05
2.5477801e-05
4.2905598e-06
3.0276352e-07
0.0010113763
0.00099899117
0.00097481413
0.00094235315
0.00090352377
0.0008596233
0.00081165973
0.00076051058
0.00070698537
0.00065184008
0.00059577307
0.00053941741
0.00048333606
0.00042802163
0.00037390083
0.00032134328
0.00027067461
0.00022219545
0.00017621003
0.00013307542
9.2224294e-05
5.5484617e-05
2.5488521e-05
4.2939299e-06
3.0298319e-07
0.0010120404
0.00099961765
0.00097537165
0.0009428258
0.00090390815
0.00085992552
0.00081189163
0.00076068639
0.00070711921
0.00065194442
0.00059585796
0.00053949029
0.00048340194
0.00042808341
0.00037395979
0.00032139949
0.00027072739
0.00022224368
0.00017625249
0.00013311096
9.2252421e-05
5.5504164e-05
2.5499212e-05
4.2972859e-06
3.0320171e-07
0.0010126888
0.0010002294
0.00097591608
0.00094328748
0.00090428384
0.00086022123
0.00081211899
0.0007608593
0.00070725144
0.00065204811
0.00059594286
0.0005395636
0.00048346845
0.00042814589
0.0003740194
0.00032145625
0.00027078058
0.0002222922
0.0001762951
0.00013314657
9.2280566e-05
5.5523688e-05
2.5509874e-05
4.3006284e-06
3.034191e-07
0.0010133223
0.001000827
0.000976448
0.00094373868
0.00090465124
0.00086051078
0.00081234208
0.00076102953
0.00070738224
0.00065215129
0.00059602788
0.00053963741
0.00048353565
0.0004282091
0.00037407969
0.00032151358
0.0002708342
0.000222341
0.00017633788
0.00013318224
9.2308731e-05
5.5543192e-05
2.5520508e-05
4.3039577e-06
3.0363542e-07
0.0010139414
0.0010014111
0.00097696796
0.00094417989
0.00090501078
0.00086079452
0.00081256119
0.0007611973
0.00070751178
0.00065225408
0.00059611311
0.00053971179
0.00048360358
0.00042827307
0.00037414067
0.00032157147
0.00027088825
0.00022239009
0.00017638082
0.00013321797
9.2336918e-05
5.5562676e-05
2.5531115e-05
4.3072744e-06
3.0385068e-07
0.0010145469
0.0010019822
0.00097747649
0.00094461158
0.00090536284
0.00086107277
0.00081277658
0.00076136283
0.00070764023
0.00065235662
0.00059619864
0.00053978679
0.00048367229
0.00042833782
0.00037420236
0.00032162996
0.00027094274
0.00022243947
0.00017642393
0.00013325378
9.2365128e-05
5.5582142e-05
2.5541697e-05
4.3105787e-06
3.0406491e-07
0.0010151391
0.0010025411
0.00097797411
0.00094503419
0.00090570781
0.00086134584
0.0008129885
0.0007615263
0.00070776773
0.00065245902
0.00059628456
0.00053986248
0.00048374182
0.0004284034
0.00037426479
0.00032168904
0.00027099767
0.00022248915
0.00017646721
0.00013328966
9.2393363e-05
5.5601592e-05
2.5552254e-05
4.3138711e-06
3.0427816e-07
0.0010157189
0.0010030881
0.0009784613
0.00094544816
0.00090604604
0.00086161404
0.00081319719
0.00076168792
0.00070789443
0.00065256137
0.00059637094
0.00053993892
0.00048381219
0.00042846981
0.00037432795
0.00032174873
0.00027105306
0.00022253914
0.00017651067
0.00013332561
9.2421626e-05
5.5621027e-05
2.5562787e-05
4.3171519e-06
3.0449045e-07
0.0010162867
0.0010036238
0.00097893855
0.00094585389
0.0009063779
0.00086187764
0.00081340288
0.00076184785
0.00070802046
0.00065266379
0.00059645785
0.00054001615
0.00048388346
0.00042853708
0.00037439188
0.00032180904
0.0002711089
0.00022258942
0.00017655429
0.00013336164
9.2449916e-05
5.5640447e-05
2.5573296e-05
4.3204216e-06
3.0470181e-07
0.001016843
0.0010041488
0.00097940632
0.00094625179
0.0009067037
0.00086213692
0.00081360578
0.00076200627
0.00070814596
0.00065276637
0.00059654537
0.00054009421
0.00048395563
0.00042860523
0.00037445658
0.00032186996
0.00027116519
0.00022264001
0.00017659809
0.00013339774
9.2478234e-05
5.5659854e-05
2.5583784e-05
4.3236805e-06
3.0491227e-07
0.0010173883
0.0010046634
0.00097986503
0.00094664222
0.00090702378
0.00086239214
0.00081380611
0.00076216333
0.00070827104
0.00065286919
0.00059663355
0.00054017316
0.00048402876
0.00042867428
0.00037452205
0.0003219315
0.00027122195
0.00022269091
0.00017664207
0.00013343391
9.2506582e-05
5.5679249e-05
2.559425e-05
4.3269289e-06
3.0512186e-07
0.0010179232
0.0010051683
0.00098031512
0.00094702557
0.00090733843
0.00086264356
0.00081400407
0.0007623192
0.00070839582
0.00065297234
0.00059672245
0.00054025303
0.00048410285
0.00042874424
0.00037458831
0.00032199367
0.00027127917
0.00022274211
0.00017668622
0.00013347017
9.253496e-05
5.5698633e-05
2.5604696e-05
4.3301671e-06
3.0533059e-07
0.0010184481
0.0010056637
0.00098075698
0.00094740217
0.00090764795
0.00086289139
0.00081419982
0.000762474
0.0007085204
0.0006530759
0.00059681213
0.00054033386
0.00048417793
0.00042881512
0.00037465536
0.00032205647
0.00027133684
0.00022279362
0.00017673055
0.0001335065
9.2563369e-05
5.5718006e-05
2.5615121e-05
4.3333957e-06
3.0553851e-07
0.0010189635
0.0010061502
0.000981191
0.00094777236
0.00090795261
0.00086313588
0.00081439357
0.00076262788
0.00070864488
0.00065317993
0.00059690264
0.00054041568
0.00048425403
0.00042888694
0.00037472321
0.0003221199
0.00027139498
0.00022284543
0.00017677505
0.00013354291
9.2591809e-05
5.573737e-05
2.5625527e-05
4.3366147e-06
3.0574563e-07
0.0010194698
0.0010066282
0.00098161755
0.00094813646
0.00090825268
0.00086337724
0.00081458546
0.00076278096
0.00070876937
0.00065328451
0.00059699401
0.00054049851
0.00048433115
0.0004289597
0.00037479186
0.00032218396
0.00027145358
0.00022289754
0.00017681972
0.00013357939
9.262028e-05
5.5756724e-05
2.5635915e-05
4.3398244e-06
3.0595198e-07
0.0010199674
0.0010070981
0.00098203699
0.00094849478
0.00090854841
0.00086361565
0.00081477566
0.00076293337
0.00070889394
0.0006533897
0.0005970863
0.00054058239
0.00048440932
0.00042903342
0.00037486131
0.00032224866
0.00027151264
0.00022294996
0.00017686457
0.00013361595
9.2648783e-05
5.577607e-05
2.5646284e-05
4.3430252e-06
3.0615759e-07
0.0010204568
0.0010075601
0.00098244965
0.00094884759
0.00090884004
0.00086385133
0.00081496433
0.00076308522
0.00070901868
0.00065349555
0.00059717954
0.00054066733
0.00048448854
0.00042910808
0.00037493157
0.00032231398
0.00027157215
0.00022300268
0.00017690959
0.00013365259
9.2677317e-05
5.5795408e-05
2.5656635e-05
4.3462175e-06
3.0636247e-07
0.0010209382
0.0010080148
0.00098285585
0.00094919519
0.00090912781
0.00086408445
0.00081515159
0.0007632366
0.00070914367
0.00065360212
0.00059727377
0.00054075337
0.00048456884
0.00042918372
0.00037500263
0.00032237994
0.00027163212
0.0002230557
0.00017695478
0.0001336893
9.2705883e-05
5.5814738e-05
2.566697e-05
4.3494012e-06
3.0656664e-07
0.0010214122
0.0010084625
0.00098325592
0.00094953783
0.00090941192
0.00086431519
0.00081533759
0.00076338763
0.00070926897
0.00065370946
0.00059736902
0.00054084051
0.0004846502
0.00042926031
0.0003750745
0.00032244652
0.00027169254
0.00022310901
0.00017700015
0.00013372609
9.273448e-05
5.5834061e-05
2.5677287e-05
4.352577e-06
3.0677013e-07
0.0010218789
0.0010089034
0.00098365012
0.00094987576
0.00090969259
0.0008645437
0.00081552245
0.0007635384
0.00070939466
0.00065381761
0.00059746531
0.00054092878
0.00048473266
0.00042933787
0.00037514718
0.00032251373
0.00027175341
0.00022316262
0.00017704567
0.00013376296
9.2763106e-05
5.5853376e-05
2.5687589e-05
4.3557446e-06
3.0697296e-07
0.0010223388
0.0010093378
0.00098403876
0.00095020922
0.00090997
0.00086477015
0.00081570629
0.00076368899
0.0007095208
0.00065392661
0.00059756267
0.00054101819
0.0004848162
0.00042941641
0.00037522065
0.00032258155
0.00027181473
0.00022321652
0.00017709137
0.00013379989
9.2791766e-05
5.5872686e-05
2.5697875e-05
4.3589049e-06
3.0717516e-07
0.0010227921
0.0010097662
0.00098442208
0.00095053844
0.00091024435
0.00086499468
0.00081588921
0.00076383949
0.00070964744
0.00065403651
0.00059766114
0.00054110875
0.00048490085
0.0004294959
0.00037529493
0.00032265
0.00027187649
0.0002232707
0.00017713722
0.0001338369
9.2820454e-05
5.5891989e-05
2.5708146e-05
4.3620577e-06
3.0737673e-07
0.0010232393
0.0010101887
0.00098480034
0.00095086363
0.0009105158
0.00086521742
0.00081607134
0.00076398997
0.00070977464
0.00065414733
0.00059776072
0.00054120047
0.00048498659
0.00042957637
0.00037537
0.00032271905
0.00027193868
0.00022332517
0.00017718324
0.00013387398
9.2849174e-05
5.5911286e-05
2.5718401e-05
4.3652034e-06
3.0757771e-07
0.0010236804
0.0010106057
0.00098517379
0.000951185
0.00091078453
0.00086543851
0.00081625276
0.00076414051
0.00070990244
0.00065425911
0.00059786143
0.00054129336
0.00048507343
0.0004296578
0.00037544586
0.00032278872
0.00027200131
0.00022337992
0.00017722942
0.00013391113
9.2877921e-05
5.5930577e-05
2.5728642e-05
4.368342e-06
3.077781e-07
0.0010241159
0.0010110173
0.0009855426
0.0009515027
0.00091105066
0.00086565805
0.00081643355
0.00076429116
0.0007100309
0.00065437189
0.0005979633
0.00054138744
0.00048516138
0.00042974019
0.00037552251
0.00032285899
0.00027206437
0.00022343495
0.00017727576
0.00013394836
9.2906704e-05
5.5949866e-05
2.5738871e-05
4.3714743e-06
3.0797793e-07
0.0010245461
0.001011424
0.0009859072
0.00095181707
0.00091131447
0.00086587626
0.00081661387
0.00076444203
0.00071016008
0.00065448569
0.00059806635
0.0005414827
0.00048525043
0.00042982354
0.00037559993
0.00032292984
0.00027212784
0.00022349025
0.00017732224
0.00013398564
9.2935503e-05
5.596914e-05
2.5749083e-05
4.3746006e-06
3.0817762e-07
0.0010249701
0.001011825
0.00098626679
0.00095212744
0.00091157539
0.00086609265
0.00081679334
0.00076459283
0.00071028975
0.00065460036
0.00059817046
0.00054157908
0.00048534056
0.00042990786
0.00037567818
0.00032300136
0.00027219181
0.0002235459
0.00017736896
0.00013402306
9.2964413e-05
5.5988468e-05
2.5759304e-05
4.3777213e-06
3.0837544e-07
0.0010253935
0.0010122254
0.00098662608
0.00095243797
0.00091183703
0.00086631033
0.00081697459
0.00076474576
0.00071042175
0.00065471739
0.00059827683
0.00054167751
0.00048543246
0.00042999362
0.00037575755
0.00032307369
0.00027225634
0.00022360189
0.00017741587
0.00013406059
9.2993154e-05
5.6007664e-05
2.5769503e-05
4.3808682e-06
3.0858121e-07
0.0010257912
0.0010126011
0.00098696265
0.00095272812
0.00091208082
0.0008665127
0.00081714291
0.00076488792
0.0007105449
0.00065482725
0.00059837746
0.00054177145
0.00048552091
0.00043007684
0.00037583513
0.00032314486
0.0002723202
0.00022365759
0.0001774627
0.00013409808
9.3023557e-05
5.6027865e-05
2.5779853e-05
4.3839148e-06
3.0876436e-07
0.0010262132
0.0010130007
0.00098732239
0.00095304081
0.00091234658
0.0008667364
0.00081733181
0.00076504973
0.00071068654
0.00065495421
0.00059849363
0.00054187921
0.00048562139
0.00043017025
0.00037592107
0.00032322262
0.00027238897
0.00022371664
0.00017751154
0.0001341366
9.3044822e-05
5.6042522e-05
2.5788577e-05
4.3872409e-06
3.0902478e-07
)
;

boundaryField
{
    inlet
    {
        type            calculated;
        value           nonuniform List<scalar> 
25
(
0.0011739357
0.0011739357
0.0011739357
0.0011739357
0.0011739357
0.0011739357
0.0011739357
0.0011739357
0.0011739357
0.0011739357
0.0011739357
0.0011739357
0.0011739357
0.0011739357
0.0011739357
0.0011739357
0.0011739357
0.0011739357
0.0011739357
0.0011739357
0.0011730492
0.00050813812
4.4369043e-05
8.8945605e-06
2.3239394e-06
)
;
    }
    outlet
    {
        type            calculated;
        value           nonuniform List<scalar> 
25
(
0.0010262132
0.0010130007
0.00098732239
0.00095304081
0.00091234658
0.0008667364
0.00081733181
0.00076504973
0.00071068654
0.00065495421
0.00059849363
0.00054187921
0.00048562139
0.00043017025
0.00037592107
0.00032322262
0.00027238897
0.00022371664
0.00017751154
0.0001341366
9.3945823e-05
5.7621642e-05
2.6738947e-05
4.3872409e-06
3.0902478e-07
)
;
    }
    wall
    {
        type            nutkWallFunction;
        blending        stepwise;
        Cmu             0.09;
        kappa           0.41;
        E               9.8;
        value           uniform 0;
    }
    front
    {
        type            wedge;
    }
    back
    {
        type            wedge;
    }
    axis
    {
        type            empty;
    }
}


// ************************************************************************* //
