/*--------------------------------*- C++ -*----------------------------------*\
| =========                 |                                                 |
| \\      /  F ield         | OpenFOAM: The Open Source CFD Toolbox           |
|  \\    /   O peration     | Version:  v2012                                 |
|   \\  /    A nd           | Website:  www.openfoam.com                      |
|    \\/     M anipulation  |                                                 |
\*---------------------------------------------------------------------------*/
FoamFile
{
    version     2.0;
    format      ascii;
    class       volScalarField;
    location    "2000";
    object      omega;
}
// * * * * * * * * * * * * * * * * * * * * * * * * * * * * * * * * * * * * * //

dimensions      [0 0 -1 0 0 0 0];


internalField   nonuniform List<scalar> 
6250
(
113.47909
113.47911
113.48796
113.50259
113.52219
113.54885
113.58846
113.65682
113.79285
114.08331
114.70457
115.9879
118.51978
123.30693
132.08788
148.00904
177.24975
233.2629
348.69536
610.58079
1261.8635
2968.2778
7629.4216
22379.124
95208.216
112.04416
112.05152
112.07104
112.10366
112.1499
112.21961
112.33853
112.56842
113.04215
114.01681
115.94603
119.57688
126.09886
137.42392
156.78526
190.09018
249.10657
359.3321
580.12242
1055.5857
2136.096
4690.9614
10923.298
25986.033
93615.68
110.61751
110.63033
110.65837
110.70612
110.77947
110.90329
111.13832
111.61572
112.58676
114.48378
117.99078
124.13995
134.48691
151.47863
179.24336
225.31134
304.51228
448.27814
727.88471
1314.1356
2635.0446
5730.0789
12292.668
24484.54
93309.861
109.21247
109.2296
109.26651
109.33097
109.43957
109.6412
110.0448
110.86291
112.46283
115.41854
120.56981
129.12204
142.85671
164.57645
199.02962
254.87669
349.12231
517.88899
844.81549
1540.5972
3102.6037
6466.8854
12513.172
23016.722
93258.857
107.84463
107.86645
107.91433
108.0013
108.15957
108.46971
109.0961
110.33149
112.63942
116.69267
123.42723
134.15764
150.82821
176.52797
216.54105
280.59767
388.11183
581.62152
964.39144
1803.4839
3559.1765
6796.1515
12143.69
22150.838
93244.673
106.51474
106.54162
106.60294
106.71959
106.944
107.39382
108.28998
109.99538
113.04475
118.17392
126.37907
139.05626
158.29681
187.48019
232.49731
304.47726
426.52762
652.2915
1120.3776
2099.0949
3855.9761
6874.6573
11667.096
21623.933
93236.047
105.22226
105.25521
105.33351
105.48878
105.7975
106.41683
107.62037
109.82699
113.62001
119.77486
129.33192
143.76525
165.32725
197.73934
247.65486
328.05108
466.91001
731.06096
1284.65
2350.3729
4051.9504
6836.847
11256.568
21257.204
93229.583
103.96747
104.00807
104.10793
104.31203
104.72341
105.5382
107.07547
109.79573
114.31407
121.43341
132.23656
148.28859
172.0424
207.66644
262.86771
353.32053
514.49864
835.02606
1472.05
2531.2056
4175.6279
6737.9101
10929.857
20981.582
93224.526
102.74991
102.80005
102.92672
103.19031
103.72139
104.75226
106.63889
109.8712
115.08543
123.1084
135.07235
152.6554
178.56176
217.52342
278.56823
380.62197
567.19687
943.00517
1639.4069
2670.105
4236.5857
6612.2028
10669.745
20766.633
93219.981
101.56878
101.63065
101.78982
102.12343
102.78915
104.05112
106.29386
110.02756
115.90443
124.77781
137.84258
156.92101
185.0391
227.66471
295.60814
412.42292
634.38579
1063.2688
1761.923
2765.7227
4257.8769
6487.7462
10459.206
20593.051
93215.834
100.42343
100.49943
100.69702
101.11057
101.92327
103.42613
106.02499
110.24436
116.75161
126.43324
140.56401
161.14604
191.60266
238.30212
314.18293
447.94027
707.34714
1179.1029
1863.268
2836.2669
4242.8243
6370.7516
10284.837
20449.698
93212.248
99.313313
99.405978
99.647845
100.15026
101.11954
102.8686
105.81895
110.5064
117.61573
128.07611
143.2622
165.39616
198.3841
249.68904
334.84677
488.8966
783.22678
1275.3726
1944.6471
2883.0955
4208.8033
6262.5416
10137.557
20330.276
93209.241
98.237923
98.34983
98.641575
99.240562
100.37341
102.37041
105.66483
110.80314
118.49214
129.7152
145.96993
169.74573
205.53695
262.15952
358.43334
537.70433
863.73983
1348.8466
2003.851
2910.8779
4167.7314
6163.809
10011.478
20230.038
93206.718
97.19677
97.330448
97.677239
98.37919
99.680239
101.92431
105.55409
111.1279
119.38068
131.36276
148.71859
174.2508
213.13147
275.68282
384.06408
587.81285
937.42351
1407.329
2045.9839
2925.2314
4124.3575
6074.8524
9902.7177
20145.061
93204.586
96.189364
96.347215
96.753669
97.563656
99.035564
101.52406
105.48029
111.47707
120.28472
133.03464
151.54528
178.98989
221.35525
290.85083
414.28676
640.75388
997.50089
1457.2625
2080.7744
2924.7709
4079.9623
5995.1163
9808.4955
20072.404
93202.77
95.21518
95.399421
95.86953
96.79138
98.435222
101.16444
105.43889
111.8495
121.21022
134.74905
154.48896
184.03894
230.34974
307.86082
448.65968
695.13357
1046.427
1498.2064
2107.4194
2915.0413
4035.8636
5923.6873
9726.5743
20009.842
93201.198
94.273645
94.486263
95.023364
96.059786
97.875443
100.84124
105.42686
112.24578
122.16435
136.52311
157.57909
189.43255
240.08777
326.23281
483.85399
745.64304
1087.5268
1530.2755
2126.5557
2900.4576
3993.3551
5859.7257
9655.0198
19955.474
93199.809
93.364128
93.60685
94.213634
95.366375
97.352887
100.5511
105.44243
112.66791
123.15574
138.37663
160.85779
195.27502
250.92066
347.56505
520.78904
787.85719
1121.1237
1555.1633
2139.3195
2883.3919
3953.3284
5802.5578
9592.2103
19907.735
93198.565
92.485935
92.760216
93.438766
94.708781
96.864661
100.29152
105.48496
113.11908
124.19429
140.33123
164.36908
201.65506
262.99626
371.70638
558.56641
822.18227
1148.4769
1575.4574
2146.2583
2864.8085
3916.0784
5751.5672
9536.8841
19865.495
93197.443
91.638318
91.945345
92.697189
94.08481
96.408319
100.06069
105.5546
113.60319
125.28965
142.40422
168.1347
208.55962
276.02038
396.67182
594.4719
852.00668
1172.52
1593.5116
2146.6261
2845.0213
3881.4655
5706.0458
9488.009
19827.923
93196.424
90.820475
91.161179
91.987364
93.492465
95.981829
99.857398
105.65223
114.12467
126.45194
144.61525
172.19552
216.10787
290.546
422.38379
626.33721
877.92581
1193.2301
1608.8105
2142.8061
2824.7208
3849.3319
5665.2711
9444.6497
19794.302
93195.49
90.031562
90.406638
91.307806
92.929949
95.583548
99.680988
105.7793
114.68878
127.6934
146.99214
176.62414
224.52588
307.35552
449.42664
653.16411
899.77888
1210.5147
1621.0029
2136.7214
2804.6342
3819.5954
5628.6009
9405.9552
19764.019
93194.634
89.270702
89.680638
90.657106
92.395675
95.212189
99.531261
105.93778
115.30118
129.02568
149.55483
181.4385
233.70527
325.27305
475.90718
676.13301
918.30337
1225.5318
1630.0062
2129.1118
2785.1618
3792.1891
5595.5376
9371.248
19736.635
93193.853
88.536997
88.982106
90.033944
91.888265
94.866792
99.408401
106.12995
115.96734
130.45827
152.31459
186.63317
243.54938
343.45057
500.51098
696.3678
934.24911
1238.6422
1635.9355
2120.3672
2766.4423
3766.9763
5565.6873
9340.0289
19711.83
93193.141
87.82954
88.309991
89.437095
91.406537
94.54668
99.312924
106.35843
116.6935
132.00476
155.30724
192.34298
254.73152
362.41045
522.07125
714.16779
948.36821
1250.4802
1638.8725
2110.757
2748.4962
3743.7489
5538.6743
9311.8683
19689.302
93192.49
87.147426
87.663275
88.865437
90.949494
94.25144
99.245663
106.62631
117.48686
133.68121
158.57026
198.64963
267.28504
381.98099
540.8681
729.77405
961.23881
1261.345
1639.1275
2100.5386
2731.3276
3722.284
5514.1298
9286.3694
19668.786
93191.897
86.489757
87.040982
88.317949
90.516315
93.980888
99.207703
106.93683
118.35417
135.49868
162.10976
205.46948
280.4903
401.12251
557.59373
743.46095
972.88258
1270.6919
1637.8026
2090.0965
2714.9936
3702.4046
5491.7246
9263.176
19650.063
93191.361
85.855657
86.442184
87.793716
90.106343
93.735044
99.200314
107.29326
119.30141
137.46557
165.93148
212.80066
293.92023
418.98872
572.57049
755.58402
983.51151
1278.3301
1635.3419
2079.6708
2699.5437
3683.9892
5471.2077
9242.0136
19632.976
93190.878
85.244277
85.866008
87.291923
89.719072
93.514111
99.224982
107.6993
120.33687
139.60406
170.11997
221.06588
307.89335
434.87236
585.96203
766.38825
993.17847
1284.2415
1631.9882
2069.3768
2684.9757
3666.9356
5452.3905
9222.6708
19617.381
93190.445
84.6548
85.311638
86.811856
89.354136
93.318468
99.283446
108.15922
121.47029
141.93726
174.72542
230.27018
322.27249
448.9479
597.88643
776.12284
1002.0559
1288.495
1627.9254
2059.2742
2671.2449
3651.1331
5435.1099
9204.9638
19603.133
93190.056
84.086447
84.778316
86.352895
89.0113
93.148652
99.377605
108.67725
122.70926
144.47245
179.70909
240.01585
336.51088
461.73722
608.52768
785.04429
1010.2801
1291.2378
1623.3189
2049.409
2658.2928
3636.4634
5419.2102
9188.7253
19590.106
93189.709
83.538481
84.265346
85.914511
88.690442
93.005315
99.509387
109.25714
124.05906
147.21071
185.04533
249.99439
350.12002
473.46758
618.13204
793.51421
1017.9184
1292.6045
1618.306
2039.8229
2646.0636
3622.8076
5404.5351
9173.7914
19578.182
93189.402
83.01021
83.772092
85.496259
88.39155
92.889231
99.680912
109.90352
125.53118
150.19467
190.96359
260.3107
362.53989
484.10894
626.8895
801.58261
1024.6788
1293.0238
1613.049
2030.5687
2634.5245
3610.0695
5390.9515
9160.0312
19567.287
93189.134
82.500989
83.297981
85.097781
88.114716
92.801328
99.894666
110.62239
127.14163
153.4726
197.59197
271.00997
373.67691
493.76084
634.89446
809.13485
1030.4594
1292.7009
1607.6533
2021.6787
2623.653
3598.1805
5378.3606
9147.3478
19557.355
93188.902
82.010221
82.8425
84.718797
87.860138
92.742673
100.15332
111.41943
128.90027
157.04202
204.73857
281.79234
383.8406
502.52183
642.24597
816.19102
1035.2468
1291.7701
1602.1852
2013.1581
2613.419
3587.083
5366.6808
9135.6501
19548.304
93188.702
81.537359
82.405194
84.359102
87.628098
92.714404
100.45939
112.29864
130.80784
160.86783
212.15742
292.35124
393.27915
510.49861
649.06574
822.81385
1039.0743
1290.3391
1596.6949
2004.9979
2603.7838
3576.7222
5355.8418
9124.8568
19540.06
93188.531
81.081905
81.985666
84.01856
87.418954
92.717711
100.81536
113.26448
132.87405
165.00012
219.77665
302.39388
402.0822
517.78002
655.46066
829.04467
1042.0222
1288.5062
1591.2268
1997.1849
2594.703
3567.0391
5345.7724
9114.8868
19532.55
93188.389
80.643407
81.583574
83.697101
87.233144
92.753945
101.22447
114.326
135.13423
169.61381
227.71294
311.61425
410.19513
524.48189
661.622
834.87916
1044.1693
1286.3524
1585.8218
1989.7092
2586.1327
3557.9726
5336.3995
9105.6612
19525.717
93188.273
80.221463
81.198631
83.39472
87.071204
92.824675
101.69061
115.49326
137.61317
174.72321
235.9004
320.02319
417.62663
530.72014
667.62345
840.252
1045.6128
1283.9405
1580.5138
1982.5672
2578.0387
3549.4704
5327.6628
9097.1243
19519.529
93188.184
79.815717
80.830603
83.111482
86.933759
92.93158
102.21743
116.77205
140.30453
180.18438
244.12652
327.8184
424.47007
536.54819
673.3619
845.06649
1046.51
1281.3331
1575.3277
1975.7567
2570.3959
3541.4918
5319.5147
9089.2327
19513.951
93188.119
79.425862
80.479308
82.847508
86.821491
93.076274
102.80759
118.1632
143.18755
185.84509
252.20157
335.14386
430.79569
542.0106
678.81699
849.29219
1046.9561
1278.5795
1570.2762
1969.27
2563.1822
3534.0031
5311.9133
9081.9401
19508.934
93188.075
79.051634
80.144611
82.602973
86.735127
93.260384
103.46417
119.67378
146.30124
191.66923
259.93643
342.05325
436.6546
547.15904
684.00411
852.93039
1047.0215
1275.7202
1565.3654
1963.0941
2556.3753
3526.9748
5304.8211
9075.2021
19504.437
93188.052
78.692812
79.826427
82.378108
86.675493
93.485951
104.19282
121.32631
149.76098
197.74001
267.15118
348.54435
442.08334
552.04437
688.94239
856.00356
1046.7642
1272.7907
1560.5986
1957.2132
2549.9513
3520.379
5298.2047
9068.9798
19500.42
93188.047
78.349218
79.524713
82.173205
86.643547
93.755464
105.00043
123.14036
153.59764
204.04103
273.83835
354.60516
447.1193
556.71623
693.63577
858.55741
1046.2376
1269.822
1555.978
1951.6094
2543.8831
3514.1834
5292.0248
9063.2255
19496.842
93188.061
78.020714
79.239475
81.988619
86.640349
94.071442
105.89197
125.11709
157.72923
210.42799
280.08064
360.19699
451.85153
561.31096
698.05799
860.6278
1045.4818
1266.8421
1551.508
1946.2673
2538.1443
3508.3564
5286.2455
9057.9025
19493.681
93188.093
77.707203
78.970765
81.824759
86.666982
94.435976
106.86917
127.24398
162.04855
216.76227
285.97857
365.4039
456.33866
565.80301
702.19069
862.24576
1044.5237
1263.8712
1547.194
1941.177
2532.7148
3502.8737
5280.8434
9052.9941
19490.929
93188.141
77.40863
78.718674
81.682074
86.724512
94.850954
107.93446
129.52771
166.49783
222.92248
291.58675
370.27735
460.60472
570.14848
705.98748
863.49226
1043.395
1260.923
1543.0383
1936.3295
2527.5768
3497.7132
5275.795
9048.477
19488.559
93188.205
77.124973
78.483337
81.561062
86.814154
95.31938
109.09907
132.03468
171.11513
228.77377
296.91623
374.84562
464.66727
574.3291
709.42502
864.42808
1042.1267
1258.0073
1539.0397
1931.716
2522.7157
3492.8556
5271.0784
9044.3254
19486.543
93188.284
76.856251
78.26493
81.462303
86.937419
95.845638
110.37876
134.82196
175.93236
234.25436
301.96147
379.12726
468.54657
578.34509
712.49822
865.09656
1040.7469
1255.1317
1535.1942
1927.3267
2518.1177
3488.284
5266.6723
9040.5148
19484.857
93188.376
76.602519
78.063676
81.386465
87.096024
96.434079
111.78218
137.87284
180.89545
239.40915
306.72306
383.14176
472.26564
582.20182
715.21369
865.53181
1039.28
1252.303
1531.4966
1923.1506
2513.7695
3483.9831
5262.5593
9037.0251
19483.483
93188.48
76.363867
77.879844
81.334274
87.291635
97.087588
113.30731
141.12589
185.91328
244.31104
311.21033
386.91046
475.84462
585.90187
717.59203
865.76496
1037.7474
1249.5269
1527.9406
1919.1753
2509.6555
3479.9351
5258.7172
9033.8285
19482.393
93188.597
76.140424
77.71374
81.306471
87.525671
97.80742
114.94731
144.51481
190.89184
248.99185
315.39675
390.48829
479.37819
589.43396
719.64731
865.8195
1036.1682
1246.8094
1524.521
1915.3884
2505.7602
3476.1221
5255.1249
9030.9026
19481.575
93188.727
75.932351
77.565706
81.303821
87.799616
98.596554
116.71685
148.01587
195.73946
253.47153
319.32962
393.91228
482.8485
592.78248
721.39973
865.71319
1034.5578
1244.1574
1521.2346
1911.7801
2502.0708
3472.5308
5251.7711
9028.2411
19481.029
93188.868
75.739843
77.436125
81.327206
88.11572
99.463639
118.66552
151.66104
200.3639
257.75435
323.04111
397.20085
486.24474
595.93579
722.87245
865.46072
1032.9264
1241.5755
1518.0791
1908.3421
2498.5755
3469.1489
5248.6449
9025.8394
19480.79
93189.02
75.563134
77.325442
81.377692
88.477022
100.41925
120.82735
155.46443
204.73112
261.83837
326.54969
400.36304
489.55015
598.87389
724.10458
865.07988
1031.2817
1239.0658
1515.0518
1905.067
2495.264
3465.9649
5245.7341
9023.6789
19480.792
93189.182
75.402498
77.234161
81.456484
88.886558
101.46942
123.18981
159.38571
208.87263
265.72488
329.86857
403.40659
492.75377
601.58302
725.13063
864.58957
1029.6305
1236.6289
1512.1493
1901.9483
2492.1272
3462.969
5243.0337
9021.7866
19480.997
93189.354
75.258247
77.162841
81.564794
89.346556
102.61367
125.71251
163.36233
212.83721
269.41981
333.01045
406.3417
495.85342
604.05938
725.97526
864.00733
1027.9791
1234.2638
1509.3669
1898.9789
2489.1565
3460.1513
5240.5294
9020.1173
19481.414
93189.534
75.130732
77.112065
81.703717
89.858235
103.84795
128.35211
167.3369
216.66025
272.93127
335.98874
409.18039
498.84984
606.30572
726.65795
863.34869
1026.3337
1231.9696
1506.6999
1896.1525
2486.3445
3457.5032
5238.2097
9018.6519
19482.031
93189.723
75.020331
77.082435
81.874322
90.423324
105.17843
131.08772
171.25274
220.35775
276.26678
338.81633
411.93315
501.74307
608.3324
727.19646
862.62719
1024.6993
1229.7446
1504.1428
1893.4616
2483.6832
3455.018
5236.0783
9017.3613
19482.83
93189.92
74.927459
77.074613
82.078047
91.046787
106.63543
133.93561
175.03846
223.91804
279.40445
341.52514
414.65986
504.52629
610.14525
727.60422
861.85505
1023.0812
1227.5875
1501.6899
1890.8985
2481.1643
3452.687
5234.1233
9016.2337
19483.804
93190.126
74.852578
77.08938
82.316905
91.7361
108.25081
136.91496
178.64877
227.33382
282.37112
344.13748
417.34902
507.19094
611.75313
727.89129
861.04231
1021.4849
1225.4981
1499.3372
1888.4573
2478.7807
3450.5008
5232.324
9015.274
19484.953
93190.34
74.796209
77.127642
82.593172
92.497351
110.02891
140.00969
182.0873
230.60363
285.18682
346.66332
419.99006
509.72757
613.17073
728.06673
860.19623
1019.9147
1223.4766
1497.081
1886.1321
2476.5263
3448.4556
5230.667
9014.4765
19486.27
93190.561
74.758933
77.190371
82.908876
93.33276
111.94904
143.17836
185.3839
233.7309
287.86598
349.10918
422.57851
512.12946
614.41274
728.13956
859.32211
1018.3734
1221.5228
1494.9185
1883.9186
2474.398
3446.5561
5229.1341
9013.829
19487.745
93190.79
74.741367
77.278521
83.265433
94.240779
113.98083
146.37702
188.56807
236.7214
290.41936
351.47973
425.10597
514.38606
615.50076
728.12073
858.42468
1016.8625
1219.6361
1492.847
1881.812
2472.3881
3444.7833
5227.7303
9013.3252
19489.371
93191.025
74.744151
77.392975
83.663784
95.219698
116.09783
149.56737
191.65854
239.58105
292.85579
353.77991
427.56711
516.49084
616.4528
728.0216
857.5086
1015.3828
1217.8152
1490.8635
1879.8079
2470.4898
3443.1277
5226.4504
9012.9587
19491.139
93191.267
74.767944
77.534656
84.105647
96.277985
118.29361
152.70899
194.66253
242.31468
295.18321
356.01559
429.96014
518.44226
617.28227
727.85269
856.57849
1013.9349
1216.0585
1488.9659
1877.9048
2468.7086
3441.5714
5225.2851
9012.7219
19493.044
93191.516
74.81347
77.704766
84.594896
97.438438
120.58464
155.75888
197.5785
244.92573
297.40921
358.19301
432.2842
520.24218
618.0001
727.62348
855.6389
1012.5193
1214.3643
1487.1511
1876.0982
2467.0327
3440.1169
5224.2299
9012.6092
19495.08
93191.77
74.881563
77.904871
85.13676
98.721549
122.98346
158.69245
200.40107
247.41688
299.54059
360.31709
434.53793
521.89646
618.6164
727.34225
854.69378
1011.1361
1212.7304
1485.4153
1874.3823
2465.4538
3438.7613
5223.2789
9012.6124
19497.238
93192.031
74.973175
78.136729
85.735593
100.13009
125.47749
161.50974
203.11834
249.77337
301.59499
362.42328
436.71644
523.40827
619.13904
727.01663
853.7471
1009.7856
1211.1547
1483.7561
1872.7578
2463.9598
3437.4972
5222.4247
9012.7237
19499.515
93192.297
75.089332
78.401985
86.393407
101.65097
128.03702
164.22673
205.7273
252.0117
303.58665
364.50564
438.81415
524.78198
619.57401
726.65308
852.80292
1008.4688
1209.636
1482.1707
1871.2196
2462.5472
3436.3203
5221.6636
9012.9416
19501.911
93192.569
75.231055
78.70192
87.109729
103.26398
130.62988
166.861
208.23034
254.14638
305.52266
366.55747
440.82538
526.02511
619.92661
726.25655
851.86463
1007.1865
1208.1725
1480.6551
1869.76
2461.2157
3435.2279
5220.9931
9013.2638
19504.421
93192.847
75.39929
79.037405
87.882899
104.94926
133.22822
169.42505
210.6318
256.18796
307.40701
368.57374
442.74449
527.14734
620.20243
725.83086
850.93481
1005.9397
1206.7637
1479.209
1868.3711
2459.9616
3434.2167
5220.4097
9013.686
19507.04
93193.13
75.594934
79.409354
88.714644
106.69585
135.80608
171.92508
212.93614
258.14453
309.24342
370.55282
444.56813
528.15682
620.40717
725.37923
850.01524
1004.7288
1205.4091
1477.8311
1867.0479
2458.7806
3433.283
5219.91
9014.2038
19509.761
93193.418
75.819001
79.81966
89.615486
108.5086
138.3351
174.36186
215.14688
260.02218
311.03466
372.48937
446.29036
529.06619
620.5477
724.90479
849.10705
1003.5538
1204.1067
1476.5158
1865.7913
2457.6704
3432.4234
5219.4898
9014.8127
19512.581
93193.71
76.072806
80.2715
90.600922
110.39989
140.79102
176.73265
217.26659
261.82593
312.78369
374.38071
447.90867
529.88453
620.63074
724.41085
848.21152
1002.4149
1202.8561
1475.2574
1864.5981
2456.6291
3431.637
5219.1476
9015.5087
19515.495
93194.007
76.357956
80.76845
91.680673
112.37247
143.16442
179.03368
219.29748
263.56034
314.49364
376.2253
449.42295
530.61905
620.66255
723.90035
847.32781
1001.3065
1201.6498
1474.0595
1863.487
2455.6497
3430.9077
5218.8739
9016.289
19518.501
93194.309
76.676165
81.313288
92.853771
114.4143
145.46039
181.26198
221.24193
265.22988
316.16749
378.02169
450.83489
531.27598
620.64859
723.37533
846.45374
1000.2231
1200.4808
1472.9207
1862.4714
2454.763
3430.218
5218.6336
9017.133
19521.589
93194.615
77.028995
81.907332
94.11112
116.50518
147.69013
183.4159
223.10264
266.83883
317.80756
379.76795
452.14793
531.86094
620.59342
722.83723
845.58838
999.1655
1199.3568
1471.8516
1861.5445
2453.9591
3429.581
5218.4292
9018.0294
19524.741
93194.922
77.417646
82.550363
95.439802
118.62387
149.8633
185.49284
224.87714
268.39417
319.42457
381.46093
453.36563
532.37888
620.50101
722.28789
844.73329
998.13912
1198.2782
1470.8492
1860.6959
2453.2342
3429.0123
5218.2792
9018.98
19527.941
93195.231
77.842838
83.240934
96.826202
120.7516
151.98533
187.49026
226.56613
269.9056
321.02748
383.09635
454.49053
532.8336
620.37499
721.72973
843.89048
997.14518
1197.2467
1469.9089
1859.9174
2452.5846
3428.5192
5218.1976
9019.9907
19531.182
93195.541
78.304932
83.977668
98.259168
122.87232
154.05865
189.40919
228.18053
271.37993
322.61076
384.6701
455.52612
533.22816
620.21855
721.16546
843.06195
996.18369
1196.2625
1469.0266
1859.2031
2452.0056
3428.1017
5218.1892
9021.065
19534.468
93195.853
78.804375
84.761676
99.733724
124.97073
156.08338
191.25202
229.72851
272.82069
324.17053
386.17848
456.47712
533.56557
620.03445
720.598
842.25104
995.25327
1195.3239
1468.1987
1858.5481
2451.4921
3427.7551
5218.2505
9022.2006
19537.801
93196.167
79.342343
85.598417
101.25298
127.03101
158.05796
193.02146
231.21632
274.23046
325.70501
387.61919
457.3477
533.84886
619.82529
720.03029
841.46074
994.35302
1194.4276
1467.4206
1857.9482
2451.0399
3427.4746
5218.376
9023.393
19541.185
93196.484
79.920928
86.495598
102.82328
129.03989
159.97991
194.71998
232.64874
275.61113
327.21112
388.989
458.14419
534.08174
619.5931
719.46196
840.68431
993.47575
1193.5804
1466.7091
1857.3986
2450.6368
3427.2451
5218.5541
9024.6373
19544.622
93196.805
80.542604
87.458649
104.44648
130.99078
161.84661
196.34985
234.02964
276.96434
328.68623
390.28573
458.87231
534.26801
619.33954
718.89326
839.92189
992.62974
1192.7845
1466.0551
1856.8971
2450.2763
3427.056
5218.7747
9025.9297
19548.116
93197.128
81.209435
88.488101
106.1168
132.88403
163.65599
197.91329
235.36239
278.29169
330.12858
391.50871
459.53659
534.41138
619.06678
718.32731
839.17375
991.81768
1192.0369
1465.4524
1856.4422
2449.9573
3426.9051
5219.034
9027.2675
19551.663
93197.455
81.922496
89.579958
107.82303
134.724
165.40673
199.41254
236.65013
279.59473
331.5366
392.65846
460.14084
534.51518
618.77657
717.76391
838.44402
991.04029
1191.334
1464.8962
1856.032
2449.6797
3426.7939
5219.3328
9028.6499
19555.26
93197.784
82.681671
90.727401
109.55205
136.5159
167.09821
200.84997
237.89587
280.87469
332.90858
393.73641
460.68853
534.58256
618.4709
717.20417
837.73456
990.29694
1190.6725
1464.3829
1855.6638
2449.4434
3426.7239
5219.6728
9030.0765
19558.903
93198.115
83.485727
91.92239
111.29142
138.26393
168.73036
202.22805
239.10249
282.13242
334.24244
394.74484
461.18312
534.61717
618.15436
716.64689
837.04538
989.58622
1190.0495
1463.9092
1855.3353
2449.2473
3426.6954
5220.0548
9031.5472
19562.592
93198.449
84.33253
93.156735
113.03044
139.97069
170.30344
203.54931
240.27277
283.36823
335.53572
395.68667
461.62797
534.62205
617.82803
716.09459
836.3766
988.90657
1189.4624
1463.4724
1855.0442
2449.0899
3426.7073
5220.4781
9033.0609
19566.326
93198.785
85.219292
94.422672
114.76034
141.63724
171.81797
204.81636
241.40938
284.58198
336.7857
396.56523
462.0264
534.59993
617.49311
715.54918
835.7283
988.25672
1188.9091
1463.0701
1854.7883
2448.969
3426.7578
5220.9412
9034.6165
19570.104
93199.124
86.142807
95.713105
116.47399
143.26323
173.27401
206.03004
242.51547
285.77597
337.98956
397.38384
462.38184
534.55479
617.15011
715.01191
835.10017
987.63434
1188.3868
1462.7004
1854.566
2448.8832
3426.8451
5221.4415
9036.2109
19573.928
93199.466
87.099638
97.021636
118.16542
144.84692
174.67071
207.18999
243.59592
286.95563
339.14432
398.1447
462.69729
534.48955
616.79878
714.47847
834.48419
987.04391
1187.9087
1462.3608
1854.3716
2448.8264
3426.963
5221.9744
9037.8423
19577.798
93199.81
88.086265
98.342558
119.82963
146.38644
176.00913
208.30271
244.65505
288.11829
340.24833
398.84912
462.97461
534.40467
616.44075
713.95009
833.88652
986.48673
1187.4676
1462.0506
1854.2027
2448.794
3427.1058
5222.5363
9039.5112
19581.716
93200.158
89.099185
99.670815
121.46246
147.88014
177.29121
209.3734
245.69519
289.26104
341.29958
399.50011
463.21564
534.30071
616.07765
713.42929
833.30977
985.96087
1187.0598
1461.7699
1854.0594
2448.7848
3427.2718
5223.1254
9041.2168
19585.68
93200.508
90.135006
101.00196
123.06046
149.32664
178.5193
210.40624
246.71778
290.38155
342.29698
400.10096
463.42414
534.17647
615.71067
712.91808
832.75459
985.46406
1186.6824
1461.5179
1853.9419
2448.7996
3427.4622
5223.7423
9042.958
19589.683
93200.86
91.193594
102.33722
124.61819
150.72485
179.69582
211.4047
247.72384
291.47806
343.24031
400.65405
463.6004
534.03464
615.34148
712.41785
832.22083
984.9943
1186.3331
1461.2932
1853.8501
2448.8396
3427.679
5224.3886
9044.7339
19593.723
93201.214
92.273859
103.67526
126.13256
152.074
180.82316
212.3717
248.71417
292.54899
344.12998
401.16144
463.74557
533.87717
614.97157
711.92942
831.70799
984.5499
1186.0101
1461.0946
1853.7838
2448.9055
3427.9238
5225.0655
9046.5438
19597.796
93201.569
93.374406
105.01408
127.60153
153.37372
181.90366
213.30982
249.68933
293.5928
344.96722
401.62676
463.85958
533.70537
614.60204
711.45319
831.21538
984.12937
1185.7117
1460.9207
1853.7422
2448.9973
3428.1971
5225.773
9048.3866
19601.903
93201.927
94.493322
106.35087
129.02397
154.62394
182.93963
214.22139
250.64959
294.60776
345.75356
402.05188
463.94439
533.52054
614.23368
710.98926
830.74234
983.73151
1185.4365
1460.7704
1853.7246
2449.1145
3428.4982
5226.5106
9050.2614
19606.042
93202.286
95.628033
107.68196
130.39949
155.82496
183.93331
215.1085
251.59492
295.59196
346.49064
402.43804
464.00274
533.32428
613.86737
710.53758
830.28776
983.3549
1185.1836
1460.6427
1853.7302
2449.2564
3428.8265
5227.2768
9052.1663
19610.213
93202.647
96.775337
109.00311
131.7282
156.97735
184.88691
215.97307
252.52502
296.54345
347.18099
402.78628
464.03669
533.11738
613.50135
710.09387
829.8534
983.00578
1184.9516
1460.5354
1853.7568
2449.4211
3429.1796
5228.0695
9054.0998
19614.416
93203.011
97.931546
110.3098
133.0105
158.08194
185.80265
216.81688
253.43939
297.46047
347.82775
403.09727
464.04769
532.90005
613.13468
709.6588
829.44132
982.68463
1184.7401
1460.446
1853.8016
2449.6054
3429.5542
5228.8862
9056.061
19618.653
93203.377
99.092674
111.59759
134.24687
159.13979
186.6827
217.64157
254.33733
298.34112
348.43191
403.37391
464.03714
532.67289
612.76859
709.23547
829.05116
982.38773
1184.5489
1460.3741
1853.8632
2449.8068
3429.9473
5229.7245
9058.0495
19622.923
93203.744
100.25461
112.86228
135.43779
160.15215
187.52927
218.44876
255.21851
299.18406
348.99432
403.61835
464.00648
532.43702
612.40467
708.82506
828.68144
982.11283
1184.3779
1460.32
1853.9412
2450.0245
3430.3579
5230.5834
9060.0641
19627.223
93204.114
101.41325
114.10012
136.58369
161.12045
188.34456
219.23997
256.08231
299.98979
349.5145
403.83208
463.95711
532.1938
612.04422
708.42779
828.3307
981.85826
1184.2265
1460.284
1854.0359
2450.2588
3430.7863
5231.4631
9062.1043
19631.551
93204.484
102.56465
115.3078
137.68501
162.04622
189.13074
220.01645
256.92742
300.75602
349.99524
404.0168
463.8905
531.94458
611.68822
708.0435
827.99764
981.62263
1184.0938
1460.2658
1854.1476
2450.5104
3431.2337
5232.3642
9064.1693
19635.904
93204.857
103.70507
116.48255
138.74213
162.93111
189.88988
220.77921
257.75264
301.48158
350.43845
404.17418
463.80813
531.69064
611.3373
707.67182
827.68115
981.40471
1183.979
1460.2651
1854.2765
2450.7798
3431.701
5233.2874
9066.2585
19640.28
93205.23
104.83105
117.62207
139.75551
163.7769
190.62414
221.52937
258.55843
302.16437
350.84528
404.30569
463.7114
531.43308
610.99194
707.31239
827.38027
981.20345
1183.8812
1460.2814
1854.4223
2451.0672
3432.1885
5234.2328
9068.3713
19644.678
93205.605
105.93945
118.72456
140.72565
164.5854
191.3355
222.2676
259.34296
302.80519
351.21689
404.41271
463.60159
531.17285
610.65247
706.96476
827.09415
981.01798
1183.7997
1460.314
1854.5849
2451.3726
3432.6962
5235.2001
9070.5068
19649.098
93205.981
107.02749
119.78868
141.65316
165.35848
192.02583
222.99437
260.10442
303.40506
351.55446
404.49651
463.47975
530.91011
610.31764
706.62907
826.8243
980.84763
1183.7335
1460.3623
1854.7635
2451.6955
3433.2232
5236.1879
9072.6636
19653.54
93206.359
108.09273
120.81354
142.53876
166.09811
192.69702
223.71089
260.83999
303.96497
351.85916
404.55818
463.3461
530.64317
609.98457
706.30776
826.57606
980.69175
1183.6805
1460.4242
1854.9567
2452.0344
3433.7683
5237.1949
9074.8403
19658.005
93206.738
109.13312
121.79863
143.38328
166.80615
193.35068
224.41637
261.54883
304.48615
352.13214
404.5985
463.20085
530.3727
609.65686
706.00163
826.34589
980.5503
1183.64
1460.4983
1855.1626
2452.3868
3434.3283
5238.2203
9077.0393
19662.494
93207.12
110.147
122.74388
144.18769
167.48452
193.98856
225.10968
262.22987
304.96993
352.37448
404.61816
463.04453
530.10003
609.33622
705.70984
826.1317
980.42269
1183.6107
1460.5811
1855.3756
2452.7576
3434.9192
5239.2573
9079.2481
19667.001
93207.502
111.13306
123.64955
144.95308
168.13507
194.6123
225.78961
262.88204
305.41764
352.58719
404.61786
462.87796
529.8264
609.02327
705.43126
825.93184
980.30816
1183.5923
1460.6737
1855.6004
2453.1498
3435.5379
5240.3109
9081.4668
19671.518
93207.884
112.0904
124.51627
145.6806
168.75958
195.22263
226.4563
263.50491
305.83001
352.77119
404.59837
462.70201
529.55268
608.71804
705.16479
825.74507
980.2062
1183.5856
1460.778
1855.8398
2453.5623
3436.1815
5241.3873
9083.7015
19676.04
93208.267
113.01844
125.34501
146.37157
169.36042
195.81951
227.10876
264.0975
306.20863
352.92746
404.5605
462.51753
529.27947
608.42035
704.90954
825.5705
980.11652
1183.5911
1460.8953
1856.0945
2453.9938
3436.848
5242.4884
9085.9554
19680.568
93208.65
113.91699
126.13698
147.02729
169.93888
196.40371
227.74593
264.6592
306.55484
353.05705
404.50511
462.32525
529.00714
608.12995
704.66482
825.40747
980.03885
1183.609
1461.026
1856.3643
2454.443
3437.5356
5243.6127
9088.2282
19685.104
93209.033
114.78613
126.89362
147.64946
170.49591
196.97582
228.36678
265.18983
306.86973
353.16097
404.43305
462.12584
528.73596
607.84653
704.43004
825.25554
979.97303
1183.6395
1461.1701
1856.6489
2454.9088
3438.2421
5244.7576
9090.5179
19689.649
93209.417
115.62628
127.61659
148.23954
171.03269
197.53623
228.9703
265.68951
307.15425
353.2402
404.34502
461.91922
528.46461
607.57035
704.20696
825.11444
979.91858
1183.6821
1461.3273
1856.9476
2455.39
3438.9656
5245.9203
9092.8222
19694.204
93209.802
116.44153
128.31322
148.79602
171.5506
198.08502
229.55551
266.15863
307.40932
353.29564
404.24118
461.70396
528.19075
607.30335
703.99978
824.98393
979.87417
1183.7355
1461.4963
1857.2592
2455.8849
3439.7039
5247.0981
9095.14
19698.772
93210.188
117.23327
128.98503
149.32062
172.05088
198.62211
230.1214
266.59776
307.63586
353.32796
404.12161
461.48046
527.9173
607.04621
703.8057
824.86397
979.83922
1183.7986
1461.6758
1857.5822
2456.3922
3440.4553
5248.2898
9097.4716
19703.355
93210.575
118.00185
129.6316
149.81611
172.53467
199.14737
230.66705
267.00757
307.83467
353.33783
403.98678
461.24974
527.6457
606.79838
703.62319
824.75459
979.81376
1183.8709
1461.8648
1857.9152
2456.9101
3441.2182
5249.4939
9099.8166
19707.952
93210.964
118.7473
130.25307
150.2849
173.00273
199.65984
231.18901
267.38903
308.01003
353.32595
403.83694
461.01269
527.37658
606.55908
703.45119
824.65554
979.79788
1183.9522
1462.0627
1858.2573
2457.4374
3441.9911
5250.7091
9102.1736
19712.561
93211.353
119.46969
130.84985
150.72904
173.45538
200.15791
231.68389
267.74412
308.16677
353.29308
403.67179
460.76958
527.11004
606.32763
703.28886
824.5665
979.79159
1184.0426
1462.2694
1858.6081
2457.9736
3442.7735
5251.9348
9104.5426
19717.183
93211.743
120.16915
131.4226
151.15042
173.89306
200.64102
232.15304
268.07464
308.30427
353.24018
403.49145
460.52029
526.8458
606.10341
703.13556
824.4871
979.79486
1184.1423
1462.4849
1858.9675
2458.5186
3443.5654
5253.172
9106.9248
19721.818
93212.135
120.84588
131.97216
151.5509
174.31626
201.10891
232.59733
268.38164
308.42242
353.16838
403.29643
460.26464
526.58338
605.88578
702.99068
824.41692
979.80748
1184.2511
1462.7094
1859.3359
2459.0727
3444.3676
5254.4215
9109.3206
19726.464
93212.526
121.50018
132.49957
151.93229
174.72551
201.56103
233.01704
268.66616
308.52142
353.07883
403.08772
460.00264
526.32189
605.67381
702.85376
824.35571
979.82937
1184.3691
1462.9429
1859.7131
2459.636
3445.1801
5255.6833
9111.7291
19731.119
93212.919
122.13248
133.00598
152.29643
175.12125
201.99697
233.41246
268.92892
308.60179
352.97243
402.86437
459.73032
526.06237
605.47266
702.72435
824.30234
979.85966
1184.4958
1463.1852
1860.0991
2460.2084
3446.003
5256.9572
9114.1496
19735.782
93213.312
122.74329
133.49266
152.64515
175.50393
202.41641
233.7841
269.17054
308.66365
352.84928
402.62685
459.45009
525.80578
605.2802
702.60194
824.25576
979.89717
1184.6301
1463.4354
1860.4935
2460.7896
3446.8357
5258.2424
9116.5813
19740.454
93213.706
123.33325
133.96097
152.98019
175.87377
202.81858
234.13039
269.38427
308.7089
352.72006
402.37647
459.16212
525.55108
605.09448
702.48625
824.21558
979.94117
1184.7712
1463.6928
1860.8952
2461.3787
3447.6772
5259.5377
9119.023
19745.136
93214.101
123.90306
134.41227
153.30319
176.23083
203.20254
234.45075
269.57249
308.74006
352.58463
402.11506
458.86635
525.29658
604.91393
702.3769
824.18175
979.99148
1184.9188
1463.9568
1861.304
2461.9756
3448.5278
5260.8441
9121.4774
19749.828
93214.496
124.45355
134.84794
153.61566
176.57504
203.5675
234.74572
269.73821
308.75817
352.44207
401.84449
458.56277
525.04083
604.73754
702.27363
824.15433
980.04807
1185.0725
1464.227
1861.7193
2462.5794
3449.3864
5262.16
9123.9414
19754.525
93214.892
124.98557
135.26934
153.91898
176.90628
203.91276
235.01539
269.87996
308.75259
352.28825
401.57286
458.25954
524.7922
604.5633
702.17396
824.13175
980.11
1185.2317
1464.5025
1862.1397
2463.1884
3450.2504
5263.4816
9126.41
19759.227
93215.289
125.50006
135.67779
154.21438
177.22439
204.23759
235.25966
269.99712
308.72474
352.11975
401.30366
457.96801
524.54681
604.38817
702.07442
824.11123
980.17542
1185.3951
1464.7827
1862.5649
2463.8023
3451.1198
5264.8097
9128.8869
19763.942
93215.688
125.99797
136.07449
154.5029
177.52913
204.54131
235.47859
270.09009
308.67719
351.94219
401.03951
457.68549
524.30335
604.2106
701.97231
824.08979
980.24169
1185.5607
1465.066
1862.994
2464.4208
3451.9952
5266.1464
9131.3767
19768.67
93216.087
126.48025
136.46059
154.78544
177.82049
204.82358
235.6723
270.15996
308.61272
351.75882
400.78073
457.41059
524.06204
604.03058
701.86637
824.06526
980.30639
1185.7263
1465.3507
1863.4256
2465.0431
3452.8766
5267.4928
9133.8799
19773.407
93216.486
126.94786
136.83708
155.06267
178.09841
205.08417
235.84136
270.20821
308.53375
351.57146
400.52691
457.1424
523.82338
603.84889
701.75656
824.03662
980.36785
1185.89
1465.6347
1863.8581
2465.6683
3453.7633
5268.8484
9136.3952
19778.148
93216.885
127.40172
137.20481
155.33501
178.36251
205.32275
235.98689
270.23646
308.44222
351.38108
400.27744
456.88019
523.58781
603.66649
701.64352
824.0038
980.42534
1186.0506
1465.917
1864.2905
2466.2954
3454.6548
5270.2125
9138.9209
19782.888
93217.283
127.84268
137.56446
155.60265
178.61254
205.53933
236.11003
270.24628
308.33965
351.18824
400.03175
456.62339
523.35559
603.4843
701.52817
823.96734
980.47893
1186.2078
1466.197
1864.722
2466.9238
3455.5507
5271.585
9141.4553
19787.621
93217.681
128.27154
137.91654
155.86554
178.84841
205.73424
236.21193
270.23912
308.22725
350.99328
399.78935
456.37151
523.12691
603.30311
701.4115
823.92811
980.52921
1186.3619
1466.4748
1865.1529
2467.5536
3456.4512
5272.9661
9143.9971
19792.34
93218.076
128.68917
138.26242
156.12482
179.06924
205.90794
236.29368
270.21629
308.10598
350.79639
399.54984
456.12416
522.9019
603.12356
701.29448
823.88712
980.5771
1186.5137
1466.751
1865.5835
2468.1854
3457.3572
5274.3567
9146.545
19797.039
93218.47
129.09626
138.60204
156.37956
179.27558
206.06112
236.35638
270.17895
307.97661
350.59771
399.31286
455.88102
522.68061
602.94621
701.17799
823.8454
980.62364
1186.6643
1467.0266
1866.0149
2468.8202
3458.2697
5275.7576
9149.0975
19801.711
93218.86
129.49331
138.93494
156.62857
179.46807
206.19469
236.40109
270.12814
307.83981
350.39732
399.07814
455.64181
522.46312
602.77152
701.06282
823.80397
980.66993
1186.8146
1467.3027
1866.4482
2469.4589
3459.1898
5277.1694
9151.6527
19806.351
93219.248
129.88066
139.26073
156.87136
179.6477
206.30919
236.4288
270.0648
307.69614
350.19531
398.84547
455.40634
522.24945
602.59988
700.94968
823.76373
980.71703
1186.9659
1467.5805
1866.8844
2470.1025
3460.1183
5278.5922
9154.2088
19810.955
93219.632
130.25853
139.57903
157.10698
179.81457
206.40591
236.44052
269.98977
307.54607
349.99177
398.61465
455.17443
522.03967
602.43163
700.83919
823.72554
980.76594
1187.1193
1467.861
1867.3246
2470.7521
3461.0557
5280.0257
9156.7634
19815.52
93220.013
130.62701
139.88944
157.33453
179.96869
206.48607
236.43725
269.90386
307.39007
349.78677
398.38557
454.94595
521.83381
602.26707
700.7319
823.69016
980.81755
1187.2756
1468.1452
1867.7696
2471.408
3462.002
5281.469
9159.3144
19820.043
93220.39
130.98613
140.19158
157.55335
180.11018
206.55075
236.41998
269.80779
307.22854
349.5804
398.15813
454.72081
521.63192
602.10646
700.6283
823.65825
980.87266
1187.4357
1468.4339
1868.2201
2472.0707
3462.9571
5282.9207
9161.8596
19824.523
93220.764
131.33586
140.48512
157.76295
180.23924
206.60089
236.38964
269.70227
307.06186
349.37276
397.93228
454.49894
521.43405
601.95004
700.52881
823.63039
980.93192
1187.6004
1468.7277
1868.6765
2472.7403
3463.9203
5284.3795
9164.3968
19828.959
93221.134
131.67611
140.76975
157.96296
180.35613
206.63735
236.3471
269.58797
306.89041
349.16398
397.70797
454.28031
521.24026
601.79802
700.4338
823.60708
980.99592
1187.7702
1469.0271
1869.139
2473.4165
3464.8909
5285.8437
9166.9242
19833.351
93221.502
132.00677
141.04521
158.15315
180.46113
206.66094
236.29319
269.46551
306.71454
348.95418
397.48522
454.06489
521.05062
601.65058
700.34357
823.58871
981.0651
1187.9454
1469.3324
1869.6077
2474.0991
3465.868
5287.3117
9169.4401
19837.699
93221.866
132.32774
141.31128
158.33339
180.55457
206.67237
236.22867
269.33547
306.53462
348.7435
397.26404
453.8527
520.86517
601.50787
700.25839
823.57563
981.13981
1188.1265
1469.6438
1870.0826
2474.7877
3466.8505
5288.7818
9171.9431
19842.004
93222.227
132.63889
141.56778
158.50359
180.6368
206.67236
236.15428
269.19844
306.35098
348.5321
397.04448
453.64374
520.68399
601.37005
700.17847
823.56809
981.22031
1188.3135
1469.9612
1870.5635
2475.4818
3467.8375
5290.2528
9174.4321
19846.266
93222.586
132.9401
141.81458
158.66378
180.7082
206.66155
236.07069
269.05494
306.16396
348.32014
396.8266
453.43806
520.50714
601.23721
700.10398
823.56629
981.30678
1188.5067
1470.2847
1871.0501
2476.1808
3468.8281
5291.7231
9176.9061
19850.486
93222.941
133.23129
142.0516
158.81401
180.76913
206.64056
235.97855
268.90548
305.97389
348.1078
396.61047
453.2357
520.33467
601.10947
700.03505
823.57036
981.39932
1188.706
1470.6142
1871.5421
2476.8841
3469.8214
5293.1917
9179.3643
19854.665
93223.294
133.51236
142.27876
158.95438
180.81999
206.60999
235.87847
268.75057
305.78109
347.89525
396.39619
453.0367
520.16664
600.98689
699.97176
823.58039
981.49796
1188.9113
1470.9493
1872.0391
2477.5911
3470.8164
5294.6576
9181.8061
19858.803
93223.644
133.78326
142.49606
159.08504
180.86116
206.5704
235.77103
268.59067
305.5859
347.68268
396.18385
452.84113
520.00309
600.86953
699.91418
823.59641
981.6027
1189.1227
1471.29
1872.5408
2478.3014
3471.8124
5296.1198
9184.2312
19862.901
93223.992
134.04395
142.70351
159.20614
180.89304
206.52234
235.65677
268.42623
305.38861
347.47028
395.97355
452.64904
519.84408
600.75742
699.86233
823.61843
981.71347
1189.3398
1471.636
1873.0467
2479.0143
3472.8087
5297.5776
9186.639
19866.96
93224.337
134.29441
142.90116
159.31789
180.91601
206.46632
235.53624
268.25768
305.18954
347.25824
395.7654
452.4605
519.68963
600.6506
699.81622
823.6464
981.83018
1189.5626
1471.987
1873.5565
2479.7294
3473.8048
5299.0303
9189.0294
19870.981
93224.68
134.53467
143.08907
159.4205
180.93048
206.40285
235.40991
268.08545
304.989
347.04676
395.55953
452.27557
519.53979
600.54907
699.77583
823.68027
981.95272
1189.7908
1472.3427
1874.0699
2480.4462
3474.8
5300.4774
9191.4022
19874.963
93225.02
134.76476
143.26735
159.5142
180.93682
206.33241
235.27828
267.90993
304.78726
346.83603
395.35603
452.09431
519.39457
600.45283
699.74111
823.71995
982.08092
1190.0242
1472.7028
1874.5863
2481.1643
3475.7939
5301.9184
9193.7571
19878.907
93225.358
134.98474
143.43612
159.59923
180.93542
206.25546
235.14179
267.73151
304.58463
346.62625
395.15504
451.91679
519.25401
600.36186
699.71202
823.76535
982.21466
1190.2627
1473.067
1875.1056
2481.8832
3476.786
5303.3529
9196.0942
19882.815
93225.694
135.19471
143.59551
159.67584
180.92665
206.17244
235.00089
267.55056
304.38138
346.4176
394.95667
451.74306
519.1181
600.27613
699.68848
823.81634
982.35374
1190.506
1473.4351
1875.6273
2482.6027
3477.776
5304.7807
9198.4134
19886.685
93226.027
135.39475
143.74569
159.7443
180.91088
206.08378
234.85599
267.36744
304.17778
346.21026
394.76103
451.57317
518.98687
600.19562
699.67043
823.87281
982.49801
1190.7538
1473.8067
1876.1512
2483.3224
3478.7635
5306.2013
9200.7145
19890.52
93226.359
135.58501
143.88683
159.80488
180.88847
205.9899
234.70749
267.18248
303.97409
346.00443
394.56823
451.40719
518.86032
600.12028
699.65777
823.93463
982.64729
1191.006
1474.1817
1876.677
2484.042
3479.7483
5307.6145
9202.9977
19894.318
93226.687
135.76563
144.01912
159.85784
180.85977
205.89118
234.55578
266.99602
303.77057
345.80027
394.37838
451.24517
518.73844
600.05007
699.65043
824.00167
982.8014
1191.2623
1474.5598
1877.2044
2484.7612
3480.73
5309.0202
9205.2628
19898.081
93227.014
135.93677
144.14276
159.90345
180.82514
205.78802
234.40122
266.80837
303.56745
345.59796
394.19158
451.08714
518.62124
599.98495
699.6483
824.07378
982.96017
1191.5225
1474.9408
1877.7332
2485.4798
3481.7085
5310.4182
9207.5099
19901.809
93227.339
136.0986
144.25796
159.94199
180.7849
205.68077
234.24417
266.61983
303.36499
345.39766
394.00795
450.93316
518.50872
599.92485
699.65129
824.15085
983.12343
1191.7865
1475.3244
1878.2631
2486.1976
3482.6835
5311.8082
9209.739
19905.501
93227.661
136.25133
144.36494
159.97374
180.73938
205.56979
234.08496
266.43069
303.16339
345.19954
393.82756
450.78327
518.40085
599.86972
699.65931
824.23272
983.29102
1192.054
1475.7104
1878.7939
2486.9143
3483.6549
5313.1902
9211.9501
19909.159
93227.981
136.39515
144.46394
159.99897
180.68891
205.45542
233.92391
266.24123
302.96288
345.00374
393.65053
450.6375
518.29763
599.81952
699.67226
824.31928
983.46277
1192.3249
1476.0986
1879.3255
2487.6298
3484.6224
5314.5641
9214.1433
19912.783
93228.3
136.53027
144.55517
160.01796
180.6338
205.33798
233.76133
266.05172
302.76367
344.81042
393.47692
450.49589
518.19904
599.77417
699.69005
824.41039
983.63852
1192.599
1476.4889
1879.8577
2488.3439
3485.586
5315.9297
9216.3185
19916.372
93228.616
136.65692
144.63889
160.03096
180.57434
205.21778
233.59751
265.86239
302.56595
344.6197
393.30684
450.35847
518.10507
599.73363
699.71258
824.50593
983.81813
1192.876
1476.8811
1880.3902
2489.0565
3486.5454
5317.2868
9218.4758
19919.928
93228.93
136.77533
144.71533
160.03825
180.51082
205.09512
233.43274
265.6735
302.3699
344.43173
393.14034
450.22526
518.01571
599.69783
699.73975
824.60578
984.00146
1193.156
1477.2749
1880.923
2489.7674
3487.5006
5318.6356
9220.6153
19923.45
93229.241
136.88572
144.78474
160.0401
180.44354
204.97028
233.26727
265.48527
302.17572
344.24663
392.97752
450.0963
517.93092
599.66672
699.77149
824.70981
984.18837
1193.4386
1477.6704
1881.4558
2490.4764
3488.4515
5319.9757
9222.7369
19926.939
93229.551
136.98836
144.84736
160.03677
180.37276
204.84354
233.10137
265.29793
301.98357
344.06451
392.81843
449.97159
517.8507
599.64024
699.80769
824.81793
984.37873
1193.7238
1478.0672
1881.9886
2491.1835
3489.3979
5321.3073
9224.8407
19930.395
93229.859
137.08346
144.90345
160.0285
180.29874
204.71517
232.93527
265.11166
301.7936
343.8855
392.66314
449.85117
517.77502
599.61833
699.84828
824.93001
984.57241
1194.0115
1478.4654
1882.5212
2491.8885
3490.3397
5322.6301
9226.9268
19933.818
93230.165
137.17129
144.95324
160.01556
180.22176
204.58541
232.7692
264.92668
301.60598
343.70969
392.51171
449.73505
517.70385
599.60094
699.89316
825.04596
984.7693
1194.3014
1478.8647
1883.0535
2492.5914
3491.2768
5323.9442
9228.9952
19937.209
93230.469
137.25208
144.99699
159.99818
180.14204
204.4545
232.60338
264.74315
301.42083
343.53718
392.36419
449.62323
517.63717
599.58802
699.94227
825.16567
984.96927
1194.5936
1479.265
1883.5853
2493.2919
3492.2092
5325.2494
9231.0461
19940.568
93230.771
137.3261
145.03494
159.97662
180.05984
204.32267
232.43802
264.56127
301.23831
343.36806
392.22063
449.51573
517.57496
599.57949
699.99551
825.28903
985.17222
1194.8878
1479.6662
1884.1167
2493.99
3493.1367
5326.5458
9233.0793
19943.895
93231.071
137.39358
145.06733
159.95111
179.97538
204.19013
232.27332
264.38119
301.05853
343.20242
392.08108
449.41256
517.51719
599.57532
700.0528
825.41597
985.37803
1195.184
1480.0683
1884.6473
2494.6857
3494.0594
5327.8333
9235.0952
19947.191
93231.369
137.45477
145.0944
159.92188
179.88888
204.05711
232.10946
264.20306
300.88161
343.04033
391.94557
449.31372
517.46384
599.57544
700.11408
825.54638
985.58662
1195.482
1480.471
1885.1773
2495.3788
3494.977
5329.1118
9237.0936
19950.456
93231.665
137.50993
145.11639
159.88915
179.80057
203.92378
231.94661
264.02703
300.70765
342.88188
391.81415
449.21921
517.41486
599.5798
700.17927
825.68017
985.79787
1195.7818
1480.8743
1885.7064
2496.0693
3495.8896
5330.3813
9239.0747
19953.69
93231.959
137.55928
145.13353
159.85314
179.71063
203.79035
231.78494
263.85325
300.53677
342.72712
391.68684
449.12903
517.37024
599.58835
700.24829
825.81726
986.01169
1196.0832
1481.2782
1886.2346
2496.757
3496.797
5331.6418
9241.0387
19956.893
93232.251
137.60309
145.14606
159.81407
179.61927
203.657
231.6246
263.68182
300.36906
342.57612
391.56366
449.04318
517.32994
599.60104
700.32108
825.95756
986.228
1196.3861
1481.6825
1886.7618
2497.4419
3497.6993
5332.8933
9242.9855
19960.067
93232.542
137.64157
145.1542
159.77215
179.52669
203.52388
231.46575
263.51288
300.2046
342.42892
391.44465
448.96165
517.29394
599.6178
700.39756
826.10099
986.4467
1196.6906
1482.087
1887.2879
2498.124
3498.5964
5334.1356
9244.9154
19963.212
93232.831
137.67498
145.15817
159.72757
179.43305
203.39117
231.30851
263.34652
300.04347
342.28558
391.32982
448.88442
517.26218
599.63858
700.47765
826.24747
986.66769
1196.9964
1482.4918
1887.8128
2498.8031
3499.4881
5335.3689
9246.8285
19966.327
93233.118
137.70354
145.15818
159.68054
179.33854
203.25901
231.15303
263.18287
299.88575
342.14615
391.21919
448.8115
517.23465
599.66334
700.5613
826.39692
986.89091
1197.3035
1482.8968
1888.3366
2499.4793
3500.3746
5336.5932
9248.7248
19969.414
93233.404
137.72747
145.15446
159.63124
179.24333
203.12756
230.99942
263.022
299.7315
342.01066
391.11276
448.74286
517.2113
599.69201
700.64843
826.54925
987.11625
1197.6118
1483.3019
1888.859
2500.1524
3501.2556
5337.8083
9250.6045
19972.472
93233.687
137.747
145.1472
159.57986
179.14757
202.99694
230.84779
262.86401
299.58079
341.87913
391.01054
448.67848
517.1921
599.72454
700.73898
826.7044
987.34366
1197.9212
1483.7069
1889.38
2500.8224
3502.1313
5339.0143
9252.4677
19975.503
93233.969
137.76235
145.13661
159.52658
179.05142
202.86729
230.69825
262.70897
299.43366
341.75161
390.91254
448.61836
517.17701
599.76087
700.83287
826.86229
987.57303
1198.2317
1484.1119
1889.8996
2501.4892
3503.0016
5340.2113
9254.3147
19978.506
93234.25
137.77373
145.12289
159.47156
178.95502
202.73874
230.55089
262.55697
299.29017
341.62812
390.81876
448.56246
517.16598
599.80096
700.93004
827.02284
987.8043
1198.5431
1484.5167
1890.4177
2502.1529
3503.8663
5341.3992
9256.1455
19981.482
93234.529
137.78135
145.10623
159.41497
178.85852
202.61139
230.40582
262.40806
299.15035
341.50866
390.72918
448.51075
517.15898
599.84473
701.03042
827.18598
988.03738
1198.8555
1484.9213
1890.9342
2502.8133
3504.7256
5342.578
9257.9603
19984.432
93234.806
137.78541
145.08681
159.35697
178.76205
202.48535
230.2631
262.26231
299.01426
341.39326
390.64381
448.46322
517.15595
599.89214
701.13395
827.35163
988.27221
1199.1686
1485.3256
1891.4491
2503.4705
3505.5794
5343.7479
9259.7593
19987.355
93235.082
137.78611
145.06482
159.29773
178.66573
202.36073
230.12283
262.11977
298.8819
341.28193
390.56263
448.41984
517.15686
599.94313
701.24056
827.51972
988.50871
1199.4825
1485.7296
1891.9624
2504.1243
3506.4277
5344.9088
9261.5427
19990.253
93235.356
137.78364
145.04043
159.23737
178.56968
202.23762
229.98507
261.9805
298.75332
341.17467
390.48563
448.38056
517.16166
599.99764
701.35018
827.69019
988.7468
1199.797
1486.1331
1892.4739
2504.7747
3507.2705
5346.0607
9263.3106
19993.126
93235.629
137.77818
145.01381
159.17606
178.47403
202.11612
229.84989
261.84453
298.62854
341.07148
390.41278
448.34537
517.17029
600.0556
701.46274
827.86295
988.98641
1200.1122
1486.5362
1892.9836
2505.4218
3508.1077
5347.2037
9265.0633
19995.974
93235.9
137.76993
144.98513
159.11392
178.37888
201.9963
229.71735
261.7119
298.50757
340.97236
390.34408
448.31421
517.18272
600.11696
701.57818
828.03794
989.22748
1200.4279
1486.9387
1893.4916
2506.0655
3508.9394
5348.3379
9266.8008
19998.798
93236.17
137.75905
144.95453
159.05109
178.28433
201.87824
229.5875
261.58265
298.39042
340.8773
390.2795
448.28706
517.19889
600.18167
701.69643
828.2151
989.46994
1200.7441
1487.3407
1893.9977
2506.7058
3509.7656
5349.4633
9268.5235
20001.598
93236.439
137.74572
144.92219
158.9877
178.19048
201.76202
229.46039
261.4568
298.27711
340.7863
390.219
448.26387
517.21874
600.24965
701.81743
828.39434
989.71371
1201.0607
1487.742
1894.5019
2507.3426
3510.5862
5350.58
9270.2315
20004.374
93236.706
137.7301
144.88825
158.92386
178.09744
201.6477
229.33608
261.33438
298.16763
340.69934
390.16257
448.2446
517.24223
600.32085
701.9411
828.57561
989.95872
1201.3777
1488.1426
1895.0042
2507.9759
3511.4014
5351.688
9271.925
20007.128
93236.972
137.71235
144.85285
158.8597
178.00527
201.53535
229.21458
261.21541
298.06199
340.61641
390.11016
448.2292
517.26929
600.3952
702.06738
828.75882
990.20492
1201.6949
1488.5425
1895.5045
2508.6058
3512.211
5352.7874
9273.6043
20009.86
93237.236
137.69262
144.81612
158.79532
177.91408
201.42502
229.09595
261.0999
297.96019
340.53748
390.06175
448.21764
517.29989
600.47264
702.19621
828.94393
990.45224
1202.0124
1488.9416
1896.0028
2509.2322
3513.0152
5353.8782
9275.2695
20012.569
93237.5
137.67107
144.77821
158.73083
177.82393
201.31677
228.98022
260.98786
297.86221
340.46253
390.01731
448.20985
517.33394
600.55311
702.32751
829.13085
990.70061
1202.3301
1489.3399
1896.499
2509.8551
3513.8139
5354.9606
9276.9208
20015.258
93237.762
137.64784
144.73923
158.66633
177.7349
201.21065
228.8674
260.8793
297.76806
340.39154
389.97678
448.2058
517.37141
600.63655
702.46122
829.31952
990.94998
1202.6478
1489.7372
1896.9932
2510.4744
3514.6072
5356.0346
9278.5585
20017.925
93238.023
137.62306
144.69932
158.60193
177.64706
201.10669
228.75752
260.77422
297.6777
340.32448
389.94014
448.20544
517.41223
600.72289
702.59728
829.50988
991.20027
1202.9657
1490.1337
1897.4854
2511.0903
3515.3951
5357.1003
9280.1828
20020.571
93238.283
137.59688
144.65859
158.5377
177.56048
201.00494
228.6506
260.67262
297.59114
340.26131
389.90733
448.2087
517.45634
600.81206
702.73562
829.70186
991.45143
1203.2835
1490.5292
1897.9754
2511.7026
3516.1776
5358.1578
9281.7939
20023.198
93238.542
137.56941
144.61716
158.47375
177.47521
200.90544
228.54665
260.5745
297.50834
340.20202
389.87832
448.21554
517.50368
600.90401
702.87617
829.8954
991.7034
1203.6013
1490.9236
1898.4633
2512.3115
3516.9547
5359.2072
9283.3921
20025.805
93238.799
137.54079
144.57513
158.41014
177.39131
200.80822
228.44569
260.47986
297.42929
340.14655
389.85306
448.2259
517.55419
600.99867
703.01886
830.09043
991.95612
1203.919
1491.3171
1898.949
2512.9168
3517.7266
5360.2486
9284.9774
20028.392
93239.056
137.51113
144.5326
158.34697
177.30884
200.71331
228.34773
260.38868
297.35396
340.09488
389.83149
448.23973
517.60781
601.09597
703.16364
830.2869
992.20953
1204.2366
1491.7094
1899.4326
2513.5187
3518.4932
5361.282
9286.5503
20030.961
93239.312
137.48055
144.48968
158.28431
177.22785
200.62073
228.25276
260.30094
297.28233
340.04696
389.81358
448.25697
517.66448
601.19584
703.31043
830.48473
992.46358
1204.554
1492.1007
1899.914
2514.117
3519.2546
5362.3076
9288.1108
20033.512
93239.566
137.44916
144.44647
158.22223
177.14838
200.5305
228.1608
260.21664
297.21436
340.00275
389.79927
448.27756
517.72413
601.29824
703.45918
830.68387
992.71821
1204.8712
1492.4908
1900.3932
2514.7119
3520.0108
5363.3255
9289.6593
20036.044
93239.82
137.41705
144.40304
158.16079
177.07047
200.44265
228.07183
260.13576
297.15002
339.96222
389.78851
448.30145
517.7867
601.40308
703.60981
830.88425
992.97337
1205.1881
1492.8797
1900.8702
2515.3033
3520.7619
5364.3357
9291.1959
20038.559
93240.072
137.38434
144.3595
158.10007
176.99416
200.35719
227.98586
260.05828
297.08929
339.92531
389.78125
448.32856
517.85213
601.5103
703.76227
831.08583
993.229
1205.5047
1493.2675
1901.345
2515.8913
3521.5078
5365.3384
9292.7208
20041.057
93240.324
137.35112
144.31592
158.04012
176.91949
200.27413
227.90288
259.98417
297.03212
339.89198
389.77743
448.35886
517.92036
601.61985
703.91649
831.28853
993.48506
1205.8209
1493.654
1901.8175
2516.4759
3522.2488
5366.3337
9294.2344
20043.538
93240.575
137.31748
144.27239
157.98099
176.84649
200.19348
227.82288
259.91341
296.97848
339.86218
389.777
448.39226
517.99131
601.73165
704.07241
831.4923
993.7415
1206.1367
1494.0392
1902.2878
2517.057
3522.9847
5367.3217
9295.7367
20046.003
93240.825
137.28351
144.22897
157.92275
176.77519
200.11526
227.74585
259.84597
296.92832
339.83586
389.77989
448.42872
518.06494
601.84564
704.22996
831.69709
993.99825
1206.4521
1494.4232
1902.7559
2517.6347
3523.7158
5368.3024
9297.2281
20048.452
93241.074
137.24929
144.18574
157.86543
176.70562
200.03947
227.67178
259.78183
296.88162
339.81299
389.78607
448.46817
518.14117
601.96176
704.3891
831.90284
994.25529
1206.7671
1494.8059
1903.2217
2518.2091
3524.4419
5369.2761
9298.7087
20050.886
93241.323
137.2149
144.14277
157.8091
176.6378
199.9661
227.60066
259.72096
296.83832
339.79349
389.79546
448.51055
518.21993
602.07994
704.54975
832.10949
994.51255
1207.0815
1495.1873
1903.6853
2518.7801
3525.1632
5370.2427
9300.1787
20053.305
93241.57
137.18043
144.10012
157.75379
176.57175
199.89517
227.53245
259.66333
296.79839
339.77733
389.80801
448.5558
518.30118
602.20013
704.71185
832.31698
994.77
1207.3954
1495.5673
1904.1467
2519.3477
3525.8798
5371.2025
9301.6384
20055.708
93241.817
137.14593
144.05786
157.69954
176.5075
199.82666
227.46716
259.60889
296.76178
339.76444
389.82365
448.60385
518.38484
602.32225
704.87536
832.52528
995.02759
1207.7087
1495.9459
1904.6058
2519.9121
3526.5917
5372.1554
9303.088
20058.098
93242.063
137.1115
144.01603
157.64639
176.44505
199.76058
227.40475
259.55762
296.72845
339.75479
389.84235
448.65464
518.47084
602.44626
705.0402
832.73432
995.28527
1208.0214
1496.3232
1905.0627
2520.4732
3527.2989
5373.1018
9304.5277
20060.473
93242.308
137.07718
143.9747
157.59438
176.38442
199.69692
227.3452
259.50949
296.69834
339.7483
389.86402
448.70812
518.55914
602.57207
705.20632
832.94405
995.54301
1208.3334
1496.6991
1905.5173
2521.031
3528.0015
5374.0415
9305.9576
20062.834
93242.553
137.04304
143.93392
157.54353
176.32563
199.63567
227.2885
259.46445
296.67142
339.74494
389.88862
448.76422
518.64965
602.69965
705.37367
833.15442
995.80076
1208.6448
1497.0736
1905.9697
2521.5856
3528.6995
5374.9748
9307.3781
20065.183
93242.797
137.00914
143.89373
157.49389
176.26868
199.57683
227.23461
259.42247
296.64763
339.74463
389.91608
448.82287
518.74233
602.82892
705.54219
833.36538
996.05848
1208.9555
1497.4467
1906.4198
2522.137
3529.3931
5375.9018
9308.7892
20067.518
93243.04
136.97554
143.85418
157.44547
176.21358
199.52038
227.18351
259.38351
296.62693
339.74734
389.94635
448.88402
518.83711
602.95982
705.71182
833.5769
996.31614
1209.2655
1497.8183
1906.8678
2522.6853
3530.0823
5376.8225
9310.1912
20069.84
93243.282
136.94229
143.81532
157.39831
176.16034
199.46631
227.13517
259.34753
296.60927
339.753
389.97936
448.9476
518.93393
603.0923
705.88251
833.7889
996.5737
1209.5748
1498.1885
1907.3135
2523.2304
3530.7672
5377.7371
9311.5844
20072.15
93243.524
136.90945
143.77719
157.35242
176.10897
199.41461
227.08957
259.31449
296.59459
339.76155
390.01505
449.01355
519.03272
603.2263
706.0542
834.00136
996.83111
1209.8832
1498.5573
1907.757
2523.7724
3531.4478
5378.6457
9312.9688
20074.448
93243.766
136.87705
143.73981
157.30782
176.05945
199.36526
227.04667
259.28434
296.58286
339.77295
390.05337
449.08181
519.13343
603.36175
706.22685
834.21423
997.08834
1210.1909
1498.9246
1908.1983
2524.3114
3532.1241
5379.5484
9314.3446
20076.735
93244.007
136.84515
143.70324
157.26455
176.0118
199.31825
227.00645
259.25705
296.57401
339.78712
390.09425
449.15232
519.236
603.49861
706.4004
834.42745
997.34537
1210.4977
1499.2904
1908.6375
2524.8473
3532.7962
5380.4453
9315.7121
20079.01
93244.247
136.81378
143.6675
157.2226
175.96602
199.27356
226.96886
259.23258
296.568
339.80403
390.13763
449.22502
519.34036
603.63682
706.5748
834.641
997.60214
1210.8037
1499.6548
1909.0744
2525.3802
3533.4643
5381.3365
9317.0715
20081.273
93244.486
136.78299
143.63262
157.182
175.9221
199.23117
226.93389
259.21088
296.56477
339.82361
390.18346
449.29985
519.44647
603.77631
706.75
834.85482
997.85864
1211.1089
1500.0176
1909.5092
2525.9101
3534.1283
5382.2221
9318.4229
20083.526
93244.726
136.75281
143.59863
157.14276
175.88004
199.19107
226.9015
259.1919
296.56428
339.8458
390.23168
449.37674
519.55425
603.91704
706.92595
835.06887
998.11483
1211.4132
1500.379
1909.9418
2526.437
3534.7883
5383.1022
9319.7664
20085.768
93244.964
136.72329
143.56556
157.1049
175.83983
199.15322
226.87165
259.17561
296.56648
339.87055
390.28223
449.45565
519.66365
604.05896
707.10261
835.28312
998.37068
1211.7165
1500.7389
1910.3723
2526.9611
3535.4445
5383.977
9321.1024
20088
93245.202
136.69444
143.53343
157.06842
175.80146
199.11762
226.84431
259.16196
296.5713
339.8978
390.33504
449.5365
519.77461
604.202
707.27991
835.49752
998.62616
1212.019
1501.0972
1910.8006
2527.4823
3536.0967
5384.8465
9322.4309
20090.222
93245.44
136.66631
143.50226
157.03333
175.76494
199.08423
226.81945
259.1509
296.57871
339.9275
390.39006
449.61924
519.88709
604.34612
707.45783
835.71203
998.88123
1212.3205
1501.4541
1911.2269
2528.0006
3536.7452
5385.7108
9323.752
20092.434
93245.677
136.63892
143.47208
156.99963
175.73025
199.05304
226.79703
259.1424
296.58865
339.95959
390.44723
449.70382
520.00101
604.49126
707.63631
835.92662
999.13588
1212.621
1501.8095
1911.651
2528.5161
3537.3899
5386.5699
9325.0661
20094.636
93245.914
136.6123
143.4429
156.96734
175.69738
199.02403
226.77701
259.1364
296.60106
339.99402
390.5065
449.79017
520.11634
604.63737
707.81531
836.14125
999.39008
1212.9206
1502.1634
1912.073
2529.0289
3538.0309
5387.4242
9326.3731
20096.829
93246.15
136.58647
143.41475
156.93646
175.66633
198.99716
226.75936
259.13287
296.61591
340.03072
390.56781
449.87824
520.233
604.78441
707.99477
836.35588
999.64379
1213.2192
1502.5157
1912.493
2529.5389
3538.6683
5388.2735
9327.6734
20099.013
93246.386
136.56146
143.38764
156.90698
175.63707
198.97241
226.74405
259.13175
296.63313
340.06965
390.63109
449.96797
520.35095
604.93232
708.17467
836.57049
999.89699
1213.5169
1502.8666
1912.9109
2530.0462
3539.3022
5389.118
9328.967
20101.187
93246.621
136.53729
143.36157
156.87892
175.60961
198.94976
226.73104
259.133
296.65267
340.11075
390.6963
450.05931
520.47014
605.08105
708.35496
836.78502
1000.1497
1213.8135
1503.216
1913.3267
2530.5508
3539.9325
5389.9578
9330.254
20103.354
93246.857
136.51398
143.33657
156.85227
175.58391
198.92919
226.72028
259.13658
296.67449
340.15396
390.76338
450.15219
520.5905
605.23056
708.53559
836.99946
1000.4018
1214.109
1503.5638
1913.7405
2531.0528
3540.5595
5390.7931
9331.5347
20105.512
93247.091
136.49154
143.31265
156.82704
175.55998
198.91065
226.71176
259.14245
296.69853
340.19924
390.83226
450.24658
520.712
605.3808
708.71653
837.21376
1000.6533
1214.4036
1503.9101
1914.1524
2531.5522
3541.183
5391.6238
9332.8092
20107.661
93247.325
136.47
143.28981
156.80321
175.5378
198.89414
226.70541
259.15055
296.72474
340.24651
390.90291
450.3424
520.83458
605.53172
708.89773
837.4279
1000.9042
1214.6971
1504.255
1914.5622
2532.049
3541.8032
5392.4501
9334.0775
20109.802
93247.559
136.44936
143.26807
156.78079
175.51734
198.87963
226.70122
259.16084
296.75308
340.29575
390.97526
450.43962
520.95818
605.68329
709.07917
837.64185
1001.1546
1214.9896
1504.5983
1914.97
2532.5434
3542.4201
5393.2721
9335.3401
20111.936
93247.793
136.42964
143.24742
156.75977
175.4986
198.86706
226.69913
259.17326
296.78347
340.34686
391.04923
450.53814
521.08273
605.83539
709.26072
837.85549
1001.4042
1215.2808
1504.94
1915.3757
2533.0348
3543.0334
5394.0892
9336.5958
20114.061
93248.026
136.4109
143.22792
156.74018
175.48159
198.85647
226.69916
259.18784
296.81594
340.39989
391.12488
450.63805
521.20833
605.9882
709.44263
838.06913
1001.6534
1215.5714
1505.2807
1915.7801
2533.5248
3543.645
5394.9043
9337.8493
20116.183
93248.259
136.39292
143.20936
156.7218
175.46605
198.84755
226.70094
259.20414
296.84999
340.45425
391.20152
450.73852
521.33402
606.14055
709.62349
838.28106
1001.9002
1215.8587
1505.6171
1916.1789
2534.0073
3544.2461
5395.7044
9339.0811
20118.278
93248.491
136.37667
143.19269
156.70563
175.45306
198.84149
226.70583
259.22371
296.88741
340.51203
391.28161
450.8425
521.46329
606.29664
709.80835
838.49744
1002.1521
1216.1521
1505.9611
1916.5876
2534.5036
3544.8682
5396.5378
9340.364
20120.446
93248.728
136.35782
143.17343
156.68681
175.43722
198.83217
226.70683
259.23854
296.91895
340.56254
391.35274
450.93549
521.57917
606.43648
709.9735
838.68985
1002.3747
1216.4093
1506.2594
1916.9363
2534.9164
3545.363
5397.1709
9341.3606
20122.28
93248.951
136.34559
143.1612
156.6758
175.43025
198.83298
226.71941
259.26659
296.96565
340.63051
391.44413
451.0522
521.72313
606.60994
710.17945
838.93253
1002.6603
1216.7471
1506.6638
1917.4311
2535.5456
3546.2258
5398.4667
9343.4516
20125.548
93249.223
)
;

boundaryField
{
    inlet
    {
        type            fixedValue;
        value           uniform 114.99778;
    }
    outlet
    {
        type            zeroGradient;
    }
    wall
    {
        blending        binomial2;
        n               2;
        beta1           0.075;
        type            omegaWallFunction;
        value           nonuniform List<scalar> 
250
(
95208.216
93615.68
93309.861
93258.857
93244.673
93236.047
93229.583
93224.526
93219.981
93215.834
93212.248
93209.241
93206.718
93204.586
93202.77
93201.198
93199.809
93198.565
93197.443
93196.424
93195.49
93194.634
93193.853
93193.141
93192.49
93191.897
93191.361
93190.878
93190.445
93190.056
93189.709
93189.402
93189.134
93188.902
93188.702
93188.531
93188.389
93188.273
93188.184
93188.119
93188.075
93188.052
93188.047
93188.061
93188.093
93188.141
93188.205
93188.284
93188.376
93188.48
93188.597
93188.727
93188.868
93189.02
93189.182
93189.354
93189.534
93189.723
93189.92
93190.126
93190.34
93190.561
93190.79
93191.025
93191.267
93191.516
93191.77
93192.031
93192.297
93192.569
93192.847
93193.13
93193.418
93193.71
93194.007
93194.309
93194.615
93194.922
93195.231
93195.541
93195.853
93196.167
93196.484
93196.805
93197.128
93197.455
93197.784
93198.115
93198.449
93198.785
93199.124
93199.466
93199.81
93200.158
93200.508
93200.86
93201.214
93201.569
93201.927
93202.286
93202.647
93203.011
93203.377
93203.744
93204.114
93204.484
93204.857
93205.23
93205.605
93205.981
93206.359
93206.738
93207.12
93207.502
93207.884
93208.267
93208.65
93209.033
93209.417
93209.802
93210.188
93210.575
93210.964
93211.353
93211.743
93212.135
93212.526
93212.919
93213.312
93213.706
93214.101
93214.496
93214.892
93215.289
93215.688
93216.087
93216.486
93216.885
93217.283
93217.681
93218.076
93218.47
93218.86
93219.248
93219.632
93220.013
93220.39
93220.764
93221.134
93221.502
93221.866
93222.227
93222.586
93222.941
93223.294
93223.644
93223.992
93224.337
93224.68
93225.02
93225.358
93225.694
93226.027
93226.359
93226.687
93227.014
93227.339
93227.661
93227.981
93228.3
93228.616
93228.93
93229.241
93229.551
93229.859
93230.165
93230.469
93230.771
93231.071
93231.369
93231.665
93231.959
93232.251
93232.542
93232.831
93233.118
93233.404
93233.687
93233.969
93234.25
93234.529
93234.806
93235.082
93235.356
93235.629
93235.9
93236.17
93236.439
93236.706
93236.972
93237.236
93237.5
93237.762
93238.023
93238.283
93238.542
93238.799
93239.056
93239.312
93239.566
93239.82
93240.072
93240.324
93240.575
93240.825
93241.074
93241.323
93241.57
93241.817
93242.063
93242.308
93242.553
93242.797
93243.04
93243.282
93243.524
93243.766
93244.007
93244.247
93244.486
93244.726
93244.964
93245.202
93245.44
93245.677
93245.914
93246.15
93246.386
93246.621
93246.857
93247.091
93247.325
93247.559
93247.793
93248.026
93248.259
93248.491
93248.728
93248.951
93249.223
)
;
    }
    front
    {
        type            wedge;
    }
    back
    {
        type            wedge;
    }
    axis
    {
        type            empty;
    }
}


// ************************************************************************* //
