/*--------------------------------*- C++ -*----------------------------------*\
| =========                 |                                                 |
| \\      /  F ield         | OpenFOAM: The Open Source CFD Toolbox           |
|  \\    /   O peration     | Version:  v2012                                 |
|   \\  /    A nd           | Website:  www.openfoam.com                      |
|    \\/     M anipulation  |                                                 |
\*---------------------------------------------------------------------------*/
FoamFile
{
    version     2.0;
    format      ascii;
    class       volScalarField;
    location    "2000";
    object      p_rgh;
}
// * * * * * * * * * * * * * * * * * * * * * * * * * * * * * * * * * * * * * //

dimensions      [1 -1 -2 0 0 0 0];


internalField   nonuniform List<scalar> 
6250
(
101355.77
101355.79
101355.82
101355.86
101355.91
101355.97
101356.03
101356.09
101356.16
101356.23
101356.3
101356.37
101356.44
101356.51
101356.58
101356.64
101356.71
101356.77
101356.83
101356.89
101356.94
101356.99
101357.03
101357.08
101357.12
101355.25
101355.25
101355.24
101355.23
101355.21
101355.19
101355.17
101355.14
101355.12
101355.08
101355.05
101355.02
101354.99
101354.95
101354.92
101354.89
101354.86
101354.83
101354.8
101354.77
101354.74
101354.71
101354.69
101354.66
101354.66
101354.69
101354.69
101354.68
101354.67
101354.66
101354.64
101354.63
101354.61
101354.6
101354.58
101354.57
101354.56
101354.54
101354.53
101354.51
101354.5
101354.49
101354.48
101354.46
101354.45
101354.44
101354.43
101354.42
101354.42
101354.42
101354.45
101354.45
101354.44
101354.44
101354.44
101354.44
101354.44
101354.44
101354.43
101354.43
101354.43
101354.42
101354.42
101354.42
101354.41
101354.41
101354.41
101354.41
101354.41
101354.4
101354.4
101354.4
101354.4
101354.39
101354.39
101354.23
101354.23
101354.23
101354.23
101354.23
101354.22
101354.22
101354.21
101354.21
101354.21
101354.2
101354.2
101354.2
101354.2
101354.19
101354.19
101354.19
101354.19
101354.19
101354.19
101354.19
101354.18
101354.18
101354.18
101354.18
101354.01
101354.01
101354
101354
101354
101354
101354
101353.99
101353.99
101353.99
101353.99
101353.99
101353.99
101353.98
101353.98
101353.98
101353.98
101353.98
101353.98
101353.98
101353.98
101353.98
101353.97
101353.97
101353.97
101353.81
101353.81
101353.81
101353.81
101353.81
101353.81
101353.81
101353.81
101353.81
101353.81
101353.81
101353.81
101353.8
101353.8
101353.8
101353.8
101353.8
101353.8
101353.8
101353.8
101353.8
101353.8
101353.8
101353.8
101353.8
101353.63
101353.63
101353.63
101353.63
101353.63
101353.63
101353.63
101353.63
101353.63
101353.63
101353.63
101353.63
101353.63
101353.63
101353.63
101353.63
101353.63
101353.63
101353.63
101353.63
101353.62
101353.62
101353.62
101353.62
101353.62
101353.46
101353.46
101353.46
101353.46
101353.46
101353.46
101353.45
101353.45
101353.45
101353.45
101353.45
101353.45
101353.45
101353.45
101353.45
101353.45
101353.45
101353.45
101353.45
101353.45
101353.45
101353.45
101353.45
101353.45
101353.45
101353.29
101353.29
101353.29
101353.28
101353.28
101353.28
101353.28
101353.28
101353.28
101353.28
101353.28
101353.28
101353.28
101353.28
101353.28
101353.28
101353.28
101353.28
101353.28
101353.28
101353.28
101353.28
101353.28
101353.28
101353.28
101353.12
101353.12
101353.12
101353.12
101353.12
101353.12
101353.12
101353.12
101353.12
101353.12
101353.12
101353.12
101353.12
101353.12
101353.12
101353.12
101353.11
101353.11
101353.11
101353.11
101353.11
101353.11
101353.11
101353.11
101353.11
101352.96
101352.96
101352.96
101352.96
101352.96
101352.96
101352.96
101352.96
101352.96
101352.95
101352.95
101352.95
101352.95
101352.95
101352.95
101352.95
101352.95
101352.95
101352.95
101352.95
101352.95
101352.95
101352.95
101352.95
101352.95
101352.8
101352.8
101352.8
101352.8
101352.8
101352.8
101352.8
101352.8
101352.8
101352.8
101352.8
101352.8
101352.8
101352.8
101352.8
101352.8
101352.8
101352.79
101352.79
101352.79
101352.79
101352.79
101352.79
101352.79
101352.79
101352.64
101352.64
101352.64
101352.64
101352.64
101352.64
101352.64
101352.64
101352.64
101352.64
101352.64
101352.64
101352.64
101352.64
101352.64
101352.64
101352.64
101352.64
101352.64
101352.64
101352.64
101352.64
101352.64
101352.64
101352.64
101352.49
101352.49
101352.49
101352.49
101352.49
101352.49
101352.49
101352.49
101352.49
101352.49
101352.49
101352.49
101352.49
101352.49
101352.49
101352.49
101352.49
101352.49
101352.49
101352.49
101352.49
101352.49
101352.49
101352.49
101352.49
101352.34
101352.34
101352.34
101352.34
101352.34
101352.34
101352.34
101352.34
101352.34
101352.34
101352.34
101352.34
101352.34
101352.34
101352.34
101352.34
101352.34
101352.34
101352.34
101352.34
101352.34
101352.34
101352.34
101352.34
101352.34
101352.19
101352.19
101352.19
101352.19
101352.19
101352.19
101352.19
101352.19
101352.19
101352.19
101352.19
101352.19
101352.19
101352.19
101352.19
101352.19
101352.19
101352.19
101352.19
101352.19
101352.19
101352.19
101352.19
101352.19
101352.19
101352.05
101352.05
101352.05
101352.05
101352.05
101352.05
101352.05
101352.05
101352.05
101352.05
101352.05
101352.05
101352.05
101352.05
101352.05
101352.05
101352.05
101352.05
101352.04
101352.04
101352.04
101352.04
101352.04
101352.04
101352.04
101351.9
101351.9
101351.9
101351.9
101351.9
101351.9
101351.9
101351.9
101351.9
101351.9
101351.9
101351.9
101351.9
101351.9
101351.9
101351.9
101351.9
101351.9
101351.9
101351.9
101351.9
101351.9
101351.9
101351.9
101351.9
101351.76
101351.76
101351.76
101351.76
101351.76
101351.76
101351.76
101351.76
101351.76
101351.76
101351.76
101351.76
101351.76
101351.76
101351.76
101351.76
101351.76
101351.76
101351.76
101351.76
101351.76
101351.76
101351.76
101351.76
101351.76
101351.62
101351.62
101351.62
101351.62
101351.62
101351.62
101351.62
101351.62
101351.62
101351.62
101351.62
101351.62
101351.62
101351.62
101351.62
101351.62
101351.62
101351.62
101351.62
101351.62
101351.62
101351.62
101351.62
101351.62
101351.62
101351.48
101351.48
101351.48
101351.48
101351.48
101351.48
101351.48
101351.48
101351.48
101351.48
101351.48
101351.48
101351.48
101351.48
101351.48
101351.48
101351.48
101351.48
101351.48
101351.48
101351.48
101351.48
101351.48
101351.48
101351.48
101351.34
101351.34
101351.34
101351.34
101351.34
101351.34
101351.34
101351.34
101351.34
101351.34
101351.34
101351.34
101351.34
101351.34
101351.34
101351.34
101351.34
101351.34
101351.34
101351.34
101351.34
101351.34
101351.34
101351.34
101351.34
101351.2
101351.2
101351.2
101351.2
101351.2
101351.2
101351.2
101351.2
101351.2
101351.2
101351.2
101351.2
101351.2
101351.2
101351.2
101351.2
101351.2
101351.2
101351.2
101351.2
101351.2
101351.2
101351.2
101351.2
101351.2
101351.07
101351.07
101351.07
101351.07
101351.07
101351.07
101351.07
101351.07
101351.07
101351.07
101351.07
101351.07
101351.07
101351.07
101351.07
101351.07
101351.07
101351.07
101351.07
101351.07
101351.07
101351.07
101351.07
101351.07
101351.07
101350.93
101350.93
101350.93
101350.93
101350.93
101350.93
101350.93
101350.93
101350.93
101350.93
101350.93
101350.93
101350.93
101350.93
101350.93
101350.93
101350.93
101350.93
101350.93
101350.93
101350.93
101350.93
101350.93
101350.93
101350.93
101350.8
101350.8
101350.8
101350.8
101350.8
101350.8
101350.8
101350.8
101350.8
101350.8
101350.8
101350.8
101350.8
101350.8
101350.8
101350.8
101350.8
101350.8
101350.8
101350.8
101350.8
101350.8
101350.8
101350.8
101350.8
101350.67
101350.67
101350.67
101350.67
101350.67
101350.67
101350.67
101350.67
101350.67
101350.67
101350.67
101350.67
101350.67
101350.67
101350.67
101350.67
101350.67
101350.66
101350.66
101350.66
101350.66
101350.66
101350.66
101350.66
101350.66
101350.53
101350.53
101350.53
101350.53
101350.53
101350.53
101350.53
101350.53
101350.53
101350.53
101350.53
101350.53
101350.53
101350.53
101350.53
101350.53
101350.53
101350.53
101350.53
101350.53
101350.53
101350.53
101350.53
101350.53
101350.53
101350.4
101350.4
101350.4
101350.4
101350.4
101350.4
101350.4
101350.4
101350.4
101350.4
101350.4
101350.4
101350.4
101350.4
101350.4
101350.4
101350.4
101350.4
101350.4
101350.4
101350.4
101350.4
101350.4
101350.4
101350.4
101350.27
101350.27
101350.27
101350.27
101350.27
101350.27
101350.27
101350.27
101350.27
101350.27
101350.27
101350.27
101350.27
101350.27
101350.27
101350.27
101350.27
101350.27
101350.27
101350.27
101350.27
101350.27
101350.27
101350.27
101350.27
101350.14
101350.14
101350.14
101350.14
101350.14
101350.14
101350.14
101350.14
101350.14
101350.14
101350.14
101350.14
101350.14
101350.14
101350.14
101350.14
101350.14
101350.14
101350.14
101350.14
101350.14
101350.14
101350.14
101350.14
101350.14
101350.01
101350.01
101350.01
101350.01
101350.01
101350.01
101350.01
101350.01
101350.01
101350.01
101350.01
101350.01
101350.01
101350.01
101350.01
101350.01
101350.01
101350.01
101350.01
101350.01
101350.01
101350.01
101350.01
101350.01
101350.01
101349.89
101349.89
101349.89
101349.89
101349.89
101349.89
101349.89
101349.89
101349.89
101349.89
101349.89
101349.89
101349.89
101349.89
101349.89
101349.89
101349.88
101349.88
101349.88
101349.88
101349.88
101349.88
101349.88
101349.88
101349.88
101349.76
101349.76
101349.76
101349.76
101349.76
101349.76
101349.76
101349.76
101349.76
101349.76
101349.76
101349.76
101349.76
101349.76
101349.76
101349.76
101349.76
101349.76
101349.76
101349.76
101349.76
101349.76
101349.76
101349.76
101349.76
101349.63
101349.63
101349.63
101349.63
101349.63
101349.63
101349.63
101349.63
101349.63
101349.63
101349.63
101349.63
101349.63
101349.63
101349.63
101349.63
101349.63
101349.63
101349.63
101349.63
101349.63
101349.63
101349.63
101349.63
101349.63
101349.5
101349.51
101349.51
101349.51
101349.51
101349.51
101349.51
101349.51
101349.51
101349.51
101349.51
101349.51
101349.51
101349.5
101349.5
101349.5
101349.5
101349.5
101349.5
101349.5
101349.5
101349.5
101349.5
101349.5
101349.5
101349.38
101349.38
101349.38
101349.38
101349.38
101349.38
101349.38
101349.38
101349.38
101349.38
101349.38
101349.38
101349.38
101349.38
101349.38
101349.38
101349.38
101349.38
101349.38
101349.38
101349.38
101349.38
101349.38
101349.38
101349.38
101349.25
101349.25
101349.25
101349.25
101349.25
101349.25
101349.25
101349.25
101349.25
101349.25
101349.25
101349.25
101349.25
101349.25
101349.25
101349.25
101349.25
101349.25
101349.25
101349.25
101349.25
101349.25
101349.25
101349.25
101349.25
101349.13
101349.13
101349.13
101349.13
101349.13
101349.13
101349.13
101349.13
101349.13
101349.13
101349.13
101349.13
101349.13
101349.13
101349.13
101349.13
101349.13
101349.13
101349.13
101349.13
101349.13
101349.13
101349.13
101349.13
101349.13
101349.01
101349.01
101349.01
101349.01
101349.01
101349.01
101349.01
101349.01
101349.01
101349.01
101349.01
101349.01
101349.01
101349.01
101349.01
101349.01
101349.01
101349
101349
101349
101349
101349
101349
101349
101349
101348.88
101348.88
101348.88
101348.88
101348.88
101348.88
101348.88
101348.88
101348.88
101348.88
101348.88
101348.88
101348.88
101348.88
101348.88
101348.88
101348.88
101348.88
101348.88
101348.88
101348.88
101348.88
101348.88
101348.88
101348.88
101348.76
101348.76
101348.76
101348.76
101348.76
101348.76
101348.76
101348.76
101348.76
101348.76
101348.76
101348.76
101348.76
101348.76
101348.76
101348.76
101348.76
101348.76
101348.76
101348.76
101348.76
101348.76
101348.76
101348.76
101348.76
101348.64
101348.64
101348.64
101348.64
101348.64
101348.64
101348.64
101348.64
101348.64
101348.64
101348.64
101348.64
101348.64
101348.64
101348.64
101348.64
101348.64
101348.64
101348.64
101348.64
101348.64
101348.64
101348.64
101348.64
101348.64
101348.51
101348.51
101348.51
101348.51
101348.51
101348.51
101348.52
101348.52
101348.52
101348.52
101348.52
101348.51
101348.51
101348.51
101348.51
101348.51
101348.51
101348.51
101348.51
101348.51
101348.51
101348.51
101348.51
101348.51
101348.51
101348.39
101348.39
101348.39
101348.39
101348.39
101348.39
101348.39
101348.39
101348.39
101348.39
101348.39
101348.39
101348.39
101348.39
101348.39
101348.39
101348.39
101348.39
101348.39
101348.39
101348.39
101348.39
101348.39
101348.39
101348.39
101348.27
101348.27
101348.27
101348.27
101348.27
101348.27
101348.27
101348.27
101348.27
101348.27
101348.27
101348.27
101348.27
101348.27
101348.27
101348.27
101348.27
101348.27
101348.27
101348.27
101348.27
101348.27
101348.27
101348.27
101348.27
101348.15
101348.15
101348.15
101348.15
101348.15
101348.15
101348.15
101348.15
101348.15
101348.15
101348.15
101348.15
101348.15
101348.15
101348.15
101348.15
101348.15
101348.15
101348.15
101348.15
101348.15
101348.15
101348.15
101348.15
101348.15
101348.03
101348.03
101348.03
101348.03
101348.03
101348.03
101348.03
101348.03
101348.03
101348.03
101348.03
101348.03
101348.03
101348.03
101348.03
101348.03
101348.03
101348.03
101348.03
101348.03
101348.03
101348.03
101348.03
101348.03
101348.03
101347.91
101347.91
101347.91
101347.91
101347.91
101347.91
101347.91
101347.91
101347.91
101347.91
101347.91
101347.91
101347.91
101347.91
101347.91
101347.91
101347.91
101347.91
101347.91
101347.91
101347.91
101347.91
101347.91
101347.91
101347.91
101347.79
101347.79
101347.79
101347.79
101347.79
101347.79
101347.79
101347.79
101347.79
101347.79
101347.79
101347.79
101347.79
101347.79
101347.79
101347.79
101347.79
101347.79
101347.79
101347.79
101347.79
101347.79
101347.79
101347.79
101347.79
101347.67
101347.67
101347.67
101347.67
101347.67
101347.67
101347.67
101347.67
101347.67
101347.67
101347.67
101347.67
101347.67
101347.67
101347.67
101347.67
101347.67
101347.67
101347.67
101347.67
101347.67
101347.67
101347.67
101347.67
101347.67
101347.55
101347.55
101347.55
101347.55
101347.55
101347.55
101347.55
101347.55
101347.55
101347.55
101347.55
101347.55
101347.55
101347.55
101347.55
101347.55
101347.55
101347.55
101347.55
101347.55
101347.55
101347.55
101347.55
101347.55
101347.55
101347.43
101347.43
101347.43
101347.43
101347.43
101347.43
101347.43
101347.43
101347.43
101347.43
101347.43
101347.43
101347.43
101347.43
101347.43
101347.43
101347.43
101347.43
101347.43
101347.43
101347.43
101347.43
101347.43
101347.43
101347.43
101347.31
101347.31
101347.31
101347.31
101347.31
101347.31
101347.31
101347.32
101347.31
101347.31
101347.31
101347.31
101347.31
101347.31
101347.31
101347.31
101347.31
101347.31
101347.31
101347.31
101347.31
101347.31
101347.31
101347.31
101347.31
101347.2
101347.2
101347.2
101347.2
101347.2
101347.2
101347.2
101347.2
101347.2
101347.2
101347.2
101347.2
101347.2
101347.2
101347.2
101347.2
101347.2
101347.2
101347.2
101347.2
101347.2
101347.2
101347.2
101347.2
101347.2
101347.08
101347.08
101347.08
101347.08
101347.08
101347.08
101347.08
101347.08
101347.08
101347.08
101347.08
101347.08
101347.08
101347.08
101347.08
101347.08
101347.08
101347.08
101347.08
101347.08
101347.08
101347.08
101347.08
101347.08
101347.08
101346.96
101346.96
101346.96
101346.96
101346.96
101346.96
101346.96
101346.96
101346.96
101346.96
101346.96
101346.96
101346.96
101346.96
101346.96
101346.96
101346.96
101346.96
101346.96
101346.96
101346.96
101346.96
101346.96
101346.96
101346.96
101346.84
101346.84
101346.84
101346.84
101346.84
101346.84
101346.84
101346.84
101346.84
101346.84
101346.84
101346.84
101346.84
101346.84
101346.84
101346.84
101346.84
101346.84
101346.84
101346.84
101346.84
101346.84
101346.84
101346.84
101346.84
101346.73
101346.73
101346.73
101346.73
101346.73
101346.73
101346.73
101346.73
101346.73
101346.73
101346.73
101346.73
101346.73
101346.73
101346.73
101346.73
101346.73
101346.73
101346.73
101346.73
101346.73
101346.73
101346.73
101346.73
101346.73
101346.61
101346.61
101346.61
101346.61
101346.61
101346.61
101346.61
101346.61
101346.61
101346.61
101346.61
101346.61
101346.61
101346.61
101346.61
101346.61
101346.61
101346.61
101346.61
101346.61
101346.61
101346.61
101346.61
101346.61
101346.61
101346.49
101346.49
101346.49
101346.49
101346.49
101346.49
101346.49
101346.49
101346.49
101346.49
101346.49
101346.49
101346.49
101346.49
101346.49
101346.49
101346.49
101346.49
101346.49
101346.49
101346.49
101346.49
101346.49
101346.49
101346.49
101346.38
101346.38
101346.38
101346.38
101346.38
101346.38
101346.38
101346.38
101346.38
101346.38
101346.38
101346.38
101346.38
101346.38
101346.38
101346.38
101346.38
101346.38
101346.38
101346.38
101346.38
101346.38
101346.38
101346.38
101346.38
101346.26
101346.26
101346.26
101346.26
101346.26
101346.26
101346.26
101346.26
101346.26
101346.26
101346.26
101346.26
101346.26
101346.26
101346.26
101346.26
101346.26
101346.26
101346.26
101346.26
101346.26
101346.26
101346.26
101346.26
101346.26
101346.14
101346.14
101346.14
101346.14
101346.14
101346.14
101346.14
101346.14
101346.14
101346.14
101346.14
101346.14
101346.14
101346.14
101346.14
101346.14
101346.14
101346.14
101346.14
101346.14
101346.14
101346.14
101346.14
101346.14
101346.14
101346.03
101346.03
101346.03
101346.03
101346.03
101346.03
101346.03
101346.03
101346.03
101346.03
101346.03
101346.03
101346.03
101346.03
101346.03
101346.03
101346.03
101346.03
101346.03
101346.03
101346.03
101346.03
101346.03
101346.03
101346.03
101345.91
101345.91
101345.91
101345.91
101345.91
101345.91
101345.91
101345.91
101345.91
101345.91
101345.91
101345.91
101345.91
101345.91
101345.91
101345.91
101345.91
101345.91
101345.91
101345.91
101345.91
101345.91
101345.91
101345.91
101345.91
101345.8
101345.8
101345.8
101345.8
101345.8
101345.8
101345.8
101345.8
101345.8
101345.8
101345.8
101345.8
101345.8
101345.8
101345.8
101345.8
101345.8
101345.8
101345.8
101345.8
101345.8
101345.8
101345.8
101345.8
101345.8
101345.68
101345.68
101345.68
101345.68
101345.68
101345.68
101345.68
101345.68
101345.68
101345.68
101345.68
101345.68
101345.68
101345.68
101345.68
101345.68
101345.68
101345.68
101345.68
101345.68
101345.68
101345.68
101345.68
101345.68
101345.68
101345.57
101345.57
101345.57
101345.57
101345.57
101345.57
101345.57
101345.57
101345.57
101345.57
101345.57
101345.57
101345.57
101345.57
101345.57
101345.57
101345.57
101345.57
101345.57
101345.57
101345.57
101345.57
101345.57
101345.57
101345.57
101345.45
101345.45
101345.45
101345.45
101345.45
101345.45
101345.45
101345.45
101345.45
101345.45
101345.45
101345.45
101345.45
101345.45
101345.45
101345.45
101345.45
101345.45
101345.45
101345.45
101345.45
101345.45
101345.45
101345.45
101345.45
101345.34
101345.34
101345.34
101345.34
101345.34
101345.34
101345.34
101345.34
101345.34
101345.34
101345.34
101345.34
101345.34
101345.34
101345.34
101345.34
101345.34
101345.34
101345.34
101345.34
101345.34
101345.34
101345.34
101345.34
101345.34
101345.22
101345.22
101345.22
101345.22
101345.22
101345.22
101345.22
101345.22
101345.22
101345.22
101345.22
101345.22
101345.22
101345.22
101345.22
101345.22
101345.22
101345.22
101345.22
101345.22
101345.22
101345.22
101345.22
101345.22
101345.22
101345.11
101345.11
101345.11
101345.11
101345.11
101345.11
101345.11
101345.11
101345.11
101345.11
101345.11
101345.11
101345.11
101345.11
101345.11
101345.11
101345.11
101345.11
101345.11
101345.11
101345.11
101345.11
101345.11
101345.11
101345.11
101344.99
101344.99
101344.99
101344.99
101344.99
101344.99
101344.99
101344.99
101344.99
101344.99
101344.99
101344.99
101344.99
101344.99
101344.99
101344.99
101344.99
101344.99
101344.99
101344.99
101344.99
101344.99
101344.99
101344.99
101344.99
101344.88
101344.88
101344.88
101344.88
101344.88
101344.88
101344.88
101344.88
101344.88
101344.88
101344.88
101344.88
101344.88
101344.88
101344.88
101344.88
101344.88
101344.88
101344.88
101344.88
101344.88
101344.88
101344.88
101344.88
101344.88
101344.77
101344.77
101344.77
101344.77
101344.77
101344.77
101344.77
101344.77
101344.77
101344.77
101344.77
101344.77
101344.77
101344.77
101344.77
101344.77
101344.77
101344.77
101344.77
101344.77
101344.77
101344.77
101344.77
101344.77
101344.77
101344.65
101344.65
101344.65
101344.65
101344.65
101344.65
101344.65
101344.65
101344.65
101344.65
101344.65
101344.65
101344.65
101344.65
101344.65
101344.65
101344.65
101344.65
101344.65
101344.65
101344.65
101344.65
101344.65
101344.65
101344.65
101344.54
101344.54
101344.54
101344.54
101344.54
101344.54
101344.54
101344.54
101344.54
101344.54
101344.54
101344.54
101344.54
101344.54
101344.54
101344.54
101344.54
101344.54
101344.54
101344.54
101344.54
101344.54
101344.54
101344.54
101344.54
101344.43
101344.43
101344.43
101344.43
101344.43
101344.43
101344.43
101344.43
101344.43
101344.43
101344.43
101344.42
101344.42
101344.42
101344.42
101344.42
101344.42
101344.42
101344.42
101344.42
101344.42
101344.42
101344.42
101344.42
101344.42
101344.31
101344.31
101344.31
101344.31
101344.31
101344.31
101344.31
101344.31
101344.31
101344.31
101344.31
101344.31
101344.31
101344.31
101344.31
101344.31
101344.31
101344.31
101344.31
101344.31
101344.31
101344.31
101344.31
101344.31
101344.31
101344.2
101344.2
101344.2
101344.2
101344.2
101344.2
101344.2
101344.2
101344.2
101344.2
101344.2
101344.2
101344.2
101344.2
101344.2
101344.2
101344.2
101344.2
101344.2
101344.2
101344.2
101344.2
101344.2
101344.2
101344.2
101344.09
101344.09
101344.09
101344.09
101344.09
101344.09
101344.09
101344.09
101344.09
101344.09
101344.09
101344.08
101344.08
101344.08
101344.08
101344.08
101344.08
101344.08
101344.08
101344.08
101344.08
101344.08
101344.08
101344.08
101344.08
101343.97
101343.97
101343.97
101343.97
101343.97
101343.97
101343.97
101343.97
101343.97
101343.97
101343.97
101343.97
101343.97
101343.97
101343.97
101343.97
101343.97
101343.97
101343.97
101343.97
101343.97
101343.97
101343.97
101343.97
101343.97
101343.86
101343.86
101343.86
101343.86
101343.86
101343.86
101343.86
101343.86
101343.86
101343.86
101343.86
101343.86
101343.86
101343.86
101343.86
101343.86
101343.86
101343.86
101343.86
101343.86
101343.86
101343.86
101343.86
101343.86
101343.86
101343.75
101343.75
101343.75
101343.75
101343.75
101343.75
101343.75
101343.75
101343.75
101343.75
101343.75
101343.75
101343.75
101343.75
101343.75
101343.75
101343.75
101343.75
101343.75
101343.75
101343.75
101343.75
101343.75
101343.75
101343.75
101343.63
101343.63
101343.63
101343.63
101343.63
101343.63
101343.63
101343.63
101343.63
101343.63
101343.63
101343.63
101343.63
101343.63
101343.63
101343.63
101343.63
101343.63
101343.63
101343.63
101343.63
101343.63
101343.63
101343.63
101343.63
101343.52
101343.52
101343.52
101343.52
101343.52
101343.52
101343.52
101343.52
101343.52
101343.52
101343.52
101343.52
101343.52
101343.52
101343.52
101343.52
101343.52
101343.52
101343.52
101343.52
101343.52
101343.52
101343.52
101343.52
101343.52
101343.41
101343.41
101343.41
101343.41
101343.41
101343.41
101343.41
101343.41
101343.41
101343.41
101343.41
101343.41
101343.41
101343.41
101343.41
101343.41
101343.41
101343.41
101343.41
101343.41
101343.41
101343.41
101343.41
101343.41
101343.41
101343.3
101343.3
101343.3
101343.3
101343.3
101343.3
101343.3
101343.3
101343.3
101343.3
101343.3
101343.3
101343.3
101343.3
101343.29
101343.29
101343.29
101343.29
101343.29
101343.29
101343.29
101343.29
101343.29
101343.29
101343.29
101343.18
101343.18
101343.18
101343.18
101343.18
101343.18
101343.18
101343.18
101343.18
101343.18
101343.18
101343.18
101343.18
101343.18
101343.18
101343.18
101343.18
101343.18
101343.18
101343.18
101343.18
101343.18
101343.18
101343.18
101343.18
101343.07
101343.07
101343.07
101343.07
101343.07
101343.07
101343.07
101343.07
101343.07
101343.07
101343.07
101343.07
101343.07
101343.07
101343.07
101343.07
101343.07
101343.07
101343.07
101343.07
101343.07
101343.07
101343.07
101343.07
101343.07
101342.96
101342.96
101342.96
101342.96
101342.96
101342.96
101342.96
101342.96
101342.96
101342.96
101342.96
101342.96
101342.96
101342.96
101342.96
101342.96
101342.96
101342.96
101342.96
101342.96
101342.96
101342.96
101342.96
101342.96
101342.96
101342.85
101342.85
101342.85
101342.85
101342.85
101342.85
101342.85
101342.85
101342.85
101342.85
101342.85
101342.85
101342.85
101342.85
101342.85
101342.85
101342.85
101342.85
101342.85
101342.85
101342.85
101342.85
101342.85
101342.85
101342.85
101342.73
101342.73
101342.73
101342.73
101342.73
101342.73
101342.73
101342.73
101342.73
101342.73
101342.73
101342.73
101342.73
101342.73
101342.73
101342.73
101342.73
101342.73
101342.73
101342.73
101342.73
101342.73
101342.73
101342.73
101342.73
101342.62
101342.62
101342.62
101342.62
101342.62
101342.62
101342.62
101342.62
101342.62
101342.62
101342.62
101342.62
101342.62
101342.62
101342.62
101342.62
101342.62
101342.62
101342.62
101342.62
101342.62
101342.62
101342.62
101342.62
101342.62
101342.51
101342.51
101342.51
101342.51
101342.51
101342.51
101342.51
101342.51
101342.51
101342.51
101342.51
101342.51
101342.51
101342.51
101342.51
101342.51
101342.51
101342.51
101342.51
101342.51
101342.51
101342.51
101342.51
101342.51
101342.51
101342.4
101342.4
101342.4
101342.4
101342.4
101342.4
101342.4
101342.4
101342.4
101342.4
101342.4
101342.4
101342.4
101342.4
101342.4
101342.4
101342.4
101342.4
101342.4
101342.4
101342.4
101342.4
101342.4
101342.4
101342.4
101342.29
101342.29
101342.29
101342.29
101342.29
101342.29
101342.29
101342.29
101342.29
101342.29
101342.29
101342.29
101342.29
101342.29
101342.29
101342.29
101342.29
101342.29
101342.29
101342.29
101342.29
101342.29
101342.29
101342.29
101342.29
101342.18
101342.18
101342.18
101342.18
101342.18
101342.17
101342.17
101342.17
101342.17
101342.17
101342.17
101342.17
101342.17
101342.17
101342.17
101342.17
101342.17
101342.17
101342.17
101342.17
101342.17
101342.17
101342.17
101342.17
101342.17
101342.06
101342.06
101342.06
101342.06
101342.06
101342.06
101342.06
101342.06
101342.06
101342.06
101342.06
101342.06
101342.06
101342.06
101342.06
101342.06
101342.06
101342.06
101342.06
101342.06
101342.06
101342.06
101342.06
101342.06
101342.06
101341.95
101341.95
101341.95
101341.95
101341.95
101341.95
101341.95
101341.95
101341.95
101341.95
101341.95
101341.95
101341.95
101341.95
101341.95
101341.95
101341.95
101341.95
101341.95
101341.95
101341.95
101341.95
101341.95
101341.95
101341.95
101341.84
101341.84
101341.84
101341.84
101341.84
101341.84
101341.84
101341.84
101341.84
101341.84
101341.84
101341.84
101341.84
101341.84
101341.84
101341.84
101341.84
101341.84
101341.84
101341.84
101341.84
101341.84
101341.84
101341.84
101341.84
101341.73
101341.73
101341.73
101341.73
101341.73
101341.73
101341.73
101341.73
101341.73
101341.73
101341.73
101341.73
101341.73
101341.73
101341.73
101341.73
101341.73
101341.73
101341.73
101341.73
101341.73
101341.73
101341.73
101341.73
101341.73
101341.62
101341.62
101341.62
101341.62
101341.62
101341.62
101341.62
101341.62
101341.62
101341.62
101341.62
101341.62
101341.62
101341.62
101341.62
101341.62
101341.62
101341.62
101341.62
101341.62
101341.62
101341.62
101341.62
101341.62
101341.62
101341.51
101341.51
101341.51
101341.51
101341.51
101341.51
101341.5
101341.5
101341.5
101341.5
101341.5
101341.5
101341.5
101341.5
101341.5
101341.5
101341.5
101341.5
101341.5
101341.5
101341.5
101341.5
101341.5
101341.5
101341.5
101341.39
101341.39
101341.39
101341.39
101341.39
101341.39
101341.39
101341.39
101341.39
101341.39
101341.39
101341.39
101341.39
101341.39
101341.39
101341.39
101341.39
101341.39
101341.39
101341.39
101341.39
101341.39
101341.39
101341.39
101341.39
101341.28
101341.28
101341.28
101341.28
101341.28
101341.28
101341.28
101341.28
101341.28
101341.28
101341.28
101341.28
101341.28
101341.28
101341.28
101341.28
101341.28
101341.28
101341.28
101341.28
101341.28
101341.28
101341.28
101341.28
101341.28
101341.17
101341.17
101341.17
101341.17
101341.17
101341.17
101341.17
101341.17
101341.17
101341.17
101341.17
101341.17
101341.17
101341.17
101341.17
101341.17
101341.17
101341.17
101341.17
101341.17
101341.17
101341.17
101341.17
101341.17
101341.17
101341.06
101341.06
101341.06
101341.06
101341.06
101341.06
101341.06
101341.06
101341.06
101341.06
101341.06
101341.06
101341.06
101341.06
101341.06
101341.06
101341.06
101341.06
101341.06
101341.06
101341.06
101341.06
101341.06
101341.06
101341.06
101340.95
101340.95
101340.95
101340.95
101340.95
101340.95
101340.95
101340.95
101340.95
101340.95
101340.95
101340.95
101340.95
101340.95
101340.95
101340.95
101340.95
101340.95
101340.95
101340.95
101340.95
101340.95
101340.95
101340.95
101340.95
101340.84
101340.84
101340.84
101340.84
101340.84
101340.84
101340.84
101340.84
101340.84
101340.84
101340.84
101340.84
101340.84
101340.84
101340.84
101340.84
101340.84
101340.84
101340.84
101340.84
101340.84
101340.84
101340.84
101340.84
101340.84
101340.73
101340.73
101340.73
101340.73
101340.73
101340.73
101340.73
101340.73
101340.72
101340.72
101340.72
101340.72
101340.72
101340.72
101340.72
101340.72
101340.72
101340.72
101340.72
101340.72
101340.72
101340.72
101340.72
101340.72
101340.72
101340.61
101340.61
101340.61
101340.61
101340.61
101340.61
101340.61
101340.61
101340.61
101340.61
101340.61
101340.61
101340.61
101340.61
101340.61
101340.61
101340.61
101340.61
101340.61
101340.61
101340.61
101340.61
101340.61
101340.61
101340.61
101340.5
101340.5
101340.5
101340.5
101340.5
101340.5
101340.5
101340.5
101340.5
101340.5
101340.5
101340.5
101340.5
101340.5
101340.5
101340.5
101340.5
101340.5
101340.5
101340.5
101340.5
101340.5
101340.5
101340.5
101340.5
101340.39
101340.39
101340.39
101340.39
101340.39
101340.39
101340.39
101340.39
101340.39
101340.39
101340.39
101340.39
101340.39
101340.39
101340.39
101340.39
101340.39
101340.39
101340.39
101340.39
101340.39
101340.39
101340.39
101340.39
101340.39
101340.28
101340.28
101340.28
101340.28
101340.28
101340.28
101340.28
101340.28
101340.28
101340.28
101340.28
101340.28
101340.28
101340.28
101340.28
101340.28
101340.28
101340.28
101340.28
101340.28
101340.28
101340.28
101340.28
101340.28
101340.28
101340.17
101340.17
101340.17
101340.17
101340.17
101340.17
101340.17
101340.17
101340.17
101340.17
101340.17
101340.17
101340.17
101340.17
101340.17
101340.17
101340.17
101340.17
101340.17
101340.17
101340.17
101340.17
101340.17
101340.17
101340.17
101340.06
101340.06
101340.06
101340.06
101340.06
101340.06
101340.06
101340.06
101340.06
101340.06
101340.06
101340.06
101340.06
101340.06
101340.06
101340.06
101340.06
101340.06
101340.06
101340.06
101340.06
101340.06
101340.06
101340.06
101340.06
101339.95
101339.95
101339.95
101339.95
101339.95
101339.95
101339.95
101339.95
101339.95
101339.95
101339.95
101339.95
101339.95
101339.95
101339.95
101339.95
101339.95
101339.95
101339.95
101339.95
101339.95
101339.95
101339.95
101339.95
101339.95
101339.84
101339.84
101339.84
101339.84
101339.84
101339.84
101339.84
101339.84
101339.83
101339.83
101339.83
101339.83
101339.83
101339.83
101339.83
101339.83
101339.83
101339.83
101339.83
101339.83
101339.83
101339.83
101339.83
101339.83
101339.83
101339.72
101339.72
101339.72
101339.72
101339.72
101339.72
101339.72
101339.72
101339.72
101339.72
101339.72
101339.72
101339.72
101339.72
101339.72
101339.72
101339.72
101339.72
101339.72
101339.72
101339.72
101339.72
101339.72
101339.72
101339.72
101339.61
101339.61
101339.61
101339.61
101339.61
101339.61
101339.61
101339.61
101339.61
101339.61
101339.61
101339.61
101339.61
101339.61
101339.61
101339.61
101339.61
101339.61
101339.61
101339.61
101339.61
101339.61
101339.61
101339.61
101339.61
101339.5
101339.5
101339.5
101339.5
101339.5
101339.5
101339.5
101339.5
101339.5
101339.5
101339.5
101339.5
101339.5
101339.5
101339.5
101339.5
101339.5
101339.5
101339.5
101339.5
101339.5
101339.5
101339.5
101339.5
101339.5
101339.39
101339.39
101339.39
101339.39
101339.39
101339.39
101339.39
101339.39
101339.39
101339.39
101339.39
101339.39
101339.39
101339.39
101339.39
101339.39
101339.39
101339.39
101339.39
101339.39
101339.39
101339.39
101339.39
101339.39
101339.39
101339.28
101339.28
101339.28
101339.28
101339.28
101339.28
101339.28
101339.28
101339.28
101339.28
101339.28
101339.28
101339.28
101339.28
101339.28
101339.28
101339.28
101339.28
101339.28
101339.28
101339.28
101339.28
101339.28
101339.28
101339.28
101339.17
101339.17
101339.17
101339.17
101339.17
101339.17
101339.17
101339.17
101339.17
101339.17
101339.17
101339.17
101339.17
101339.17
101339.17
101339.17
101339.17
101339.17
101339.17
101339.17
101339.17
101339.17
101339.17
101339.17
101339.17
101339.06
101339.06
101339.06
101339.06
101339.06
101339.06
101339.06
101339.06
101339.06
101339.06
101339.06
101339.06
101339.06
101339.06
101339.06
101339.06
101339.06
101339.06
101339.06
101339.06
101339.06
101339.06
101339.06
101339.06
101339.06
101338.95
101338.95
101338.95
101338.95
101338.95
101338.95
101338.95
101338.94
101338.94
101338.94
101338.94
101338.94
101338.94
101338.94
101338.94
101338.94
101338.94
101338.94
101338.94
101338.94
101338.94
101338.94
101338.94
101338.94
101338.94
101338.83
101338.83
101338.83
101338.83
101338.83
101338.83
101338.83
101338.83
101338.83
101338.83
101338.83
101338.83
101338.83
101338.83
101338.83
101338.83
101338.83
101338.83
101338.83
101338.83
101338.83
101338.83
101338.83
101338.83
101338.83
101338.72
101338.72
101338.72
101338.72
101338.72
101338.72
101338.72
101338.72
101338.72
101338.72
101338.72
101338.72
101338.72
101338.72
101338.72
101338.72
101338.72
101338.72
101338.72
101338.72
101338.72
101338.72
101338.72
101338.72
101338.72
101338.61
101338.61
101338.61
101338.61
101338.61
101338.61
101338.61
101338.61
101338.61
101338.61
101338.61
101338.61
101338.61
101338.61
101338.61
101338.61
101338.61
101338.61
101338.61
101338.61
101338.61
101338.61
101338.61
101338.61
101338.61
101338.5
101338.5
101338.5
101338.5
101338.5
101338.5
101338.5
101338.5
101338.5
101338.5
101338.5
101338.5
101338.5
101338.5
101338.5
101338.5
101338.5
101338.5
101338.5
101338.5
101338.5
101338.5
101338.5
101338.5
101338.5
101338.39
101338.39
101338.39
101338.39
101338.39
101338.39
101338.39
101338.39
101338.39
101338.39
101338.39
101338.39
101338.39
101338.39
101338.39
101338.39
101338.39
101338.39
101338.39
101338.39
101338.39
101338.39
101338.39
101338.39
101338.39
101338.28
101338.28
101338.28
101338.28
101338.28
101338.28
101338.28
101338.28
101338.28
101338.28
101338.28
101338.28
101338.28
101338.28
101338.28
101338.28
101338.28
101338.28
101338.28
101338.28
101338.28
101338.28
101338.28
101338.28
101338.28
101338.17
101338.17
101338.17
101338.17
101338.17
101338.17
101338.16
101338.16
101338.16
101338.16
101338.16
101338.16
101338.16
101338.16
101338.16
101338.16
101338.16
101338.16
101338.16
101338.16
101338.16
101338.16
101338.16
101338.16
101338.16
101338.05
101338.05
101338.05
101338.05
101338.05
101338.05
101338.05
101338.05
101338.05
101338.05
101338.05
101338.05
101338.05
101338.05
101338.05
101338.05
101338.05
101338.05
101338.05
101338.05
101338.05
101338.05
101338.05
101338.05
101338.05
101337.94
101337.94
101337.94
101337.94
101337.94
101337.94
101337.94
101337.94
101337.94
101337.94
101337.94
101337.94
101337.94
101337.94
101337.94
101337.94
101337.94
101337.94
101337.94
101337.94
101337.94
101337.94
101337.94
101337.94
101337.94
101337.83
101337.83
101337.83
101337.83
101337.83
101337.83
101337.83
101337.83
101337.83
101337.83
101337.83
101337.83
101337.83
101337.83
101337.83
101337.83
101337.83
101337.83
101337.83
101337.83
101337.83
101337.83
101337.83
101337.83
101337.83
101337.72
101337.72
101337.72
101337.72
101337.72
101337.72
101337.72
101337.72
101337.72
101337.72
101337.72
101337.72
101337.72
101337.72
101337.72
101337.72
101337.72
101337.72
101337.72
101337.72
101337.72
101337.72
101337.72
101337.72
101337.72
101337.61
101337.61
101337.61
101337.61
101337.61
101337.61
101337.61
101337.61
101337.61
101337.61
101337.61
101337.61
101337.61
101337.61
101337.61
101337.61
101337.61
101337.61
101337.61
101337.61
101337.61
101337.61
101337.61
101337.61
101337.61
101337.49
101337.49
101337.49
101337.49
101337.49
101337.49
101337.49
101337.49
101337.49
101337.49
101337.49
101337.49
101337.49
101337.49
101337.49
101337.49
101337.49
101337.49
101337.49
101337.49
101337.49
101337.49
101337.49
101337.49
101337.49
101337.38
101337.38
101337.38
101337.38
101337.38
101337.38
101337.38
101337.38
101337.38
101337.38
101337.38
101337.38
101337.38
101337.38
101337.38
101337.38
101337.38
101337.38
101337.38
101337.38
101337.38
101337.38
101337.38
101337.38
101337.38
101337.27
101337.27
101337.27
101337.27
101337.27
101337.27
101337.27
101337.27
101337.27
101337.27
101337.27
101337.27
101337.27
101337.27
101337.27
101337.27
101337.27
101337.27
101337.27
101337.27
101337.27
101337.27
101337.27
101337.27
101337.27
101337.16
101337.16
101337.16
101337.16
101337.16
101337.16
101337.16
101337.16
101337.16
101337.16
101337.16
101337.16
101337.16
101337.16
101337.16
101337.16
101337.16
101337.16
101337.16
101337.16
101337.16
101337.16
101337.16
101337.16
101337.16
101337.05
101337.05
101337.05
101337.05
101337.05
101337.05
101337.05
101337.05
101337.05
101337.05
101337.05
101337.05
101337.05
101337.05
101337.05
101337.05
101337.05
101337.05
101337.05
101337.05
101337.05
101337.05
101337.05
101337.05
101337.05
101336.93
101336.93
101336.93
101336.93
101336.93
101336.93
101336.93
101336.93
101336.93
101336.93
101336.93
101336.93
101336.93
101336.93
101336.93
101336.93
101336.93
101336.93
101336.93
101336.93
101336.93
101336.93
101336.93
101336.93
101336.93
101336.82
101336.82
101336.82
101336.82
101336.82
101336.82
101336.82
101336.82
101336.82
101336.82
101336.82
101336.82
101336.82
101336.82
101336.82
101336.82
101336.82
101336.82
101336.82
101336.82
101336.82
101336.82
101336.82
101336.82
101336.82
101336.71
101336.71
101336.71
101336.71
101336.71
101336.71
101336.71
101336.71
101336.71
101336.71
101336.71
101336.71
101336.71
101336.71
101336.71
101336.71
101336.71
101336.71
101336.71
101336.71
101336.71
101336.71
101336.71
101336.71
101336.71
101336.6
101336.6
101336.6
101336.6
101336.6
101336.6
101336.6
101336.6
101336.6
101336.6
101336.6
101336.6
101336.6
101336.6
101336.6
101336.6
101336.6
101336.6
101336.6
101336.6
101336.6
101336.6
101336.6
101336.6
101336.6
101336.48
101336.48
101336.48
101336.48
101336.48
101336.48
101336.48
101336.48
101336.48
101336.48
101336.48
101336.48
101336.48
101336.48
101336.48
101336.48
101336.48
101336.48
101336.48
101336.48
101336.48
101336.48
101336.48
101336.48
101336.48
101336.37
101336.37
101336.37
101336.37
101336.37
101336.37
101336.37
101336.37
101336.37
101336.37
101336.37
101336.37
101336.37
101336.37
101336.37
101336.37
101336.37
101336.37
101336.37
101336.37
101336.37
101336.37
101336.37
101336.37
101336.37
101336.26
101336.26
101336.26
101336.26
101336.26
101336.26
101336.26
101336.26
101336.26
101336.26
101336.26
101336.26
101336.26
101336.26
101336.26
101336.26
101336.26
101336.26
101336.26
101336.26
101336.26
101336.26
101336.26
101336.26
101336.26
101336.15
101336.15
101336.15
101336.15
101336.15
101336.15
101336.15
101336.15
101336.15
101336.15
101336.15
101336.15
101336.15
101336.15
101336.15
101336.15
101336.15
101336.15
101336.15
101336.15
101336.15
101336.15
101336.15
101336.15
101336.15
101336.03
101336.03
101336.03
101336.03
101336.03
101336.03
101336.03
101336.03
101336.03
101336.03
101336.03
101336.03
101336.03
101336.03
101336.03
101336.03
101336.03
101336.03
101336.03
101336.03
101336.03
101336.03
101336.03
101336.03
101336.03
101335.92
101335.92
101335.92
101335.92
101335.92
101335.92
101335.92
101335.92
101335.92
101335.92
101335.92
101335.92
101335.92
101335.92
101335.92
101335.92
101335.92
101335.92
101335.92
101335.92
101335.92
101335.92
101335.92
101335.92
101335.92
101335.81
101335.81
101335.81
101335.81
101335.81
101335.81
101335.81
101335.81
101335.81
101335.81
101335.81
101335.81
101335.81
101335.81
101335.81
101335.81
101335.81
101335.81
101335.81
101335.81
101335.81
101335.81
101335.81
101335.81
101335.81
101335.69
101335.69
101335.69
101335.69
101335.69
101335.69
101335.69
101335.69
101335.69
101335.69
101335.69
101335.69
101335.69
101335.69
101335.69
101335.69
101335.69
101335.69
101335.69
101335.69
101335.69
101335.69
101335.69
101335.69
101335.69
101335.58
101335.58
101335.58
101335.58
101335.58
101335.58
101335.58
101335.58
101335.58
101335.58
101335.58
101335.58
101335.58
101335.58
101335.58
101335.58
101335.58
101335.58
101335.58
101335.58
101335.58
101335.58
101335.58
101335.58
101335.58
101335.47
101335.47
101335.47
101335.47
101335.47
101335.47
101335.47
101335.47
101335.47
101335.47
101335.47
101335.47
101335.47
101335.47
101335.47
101335.47
101335.47
101335.47
101335.47
101335.47
101335.47
101335.47
101335.47
101335.47
101335.47
101335.35
101335.35
101335.35
101335.35
101335.35
101335.35
101335.35
101335.35
101335.35
101335.35
101335.35
101335.35
101335.35
101335.35
101335.35
101335.35
101335.35
101335.35
101335.35
101335.35
101335.35
101335.35
101335.35
101335.35
101335.35
101335.24
101335.24
101335.24
101335.24
101335.24
101335.24
101335.24
101335.24
101335.24
101335.24
101335.24
101335.24
101335.24
101335.24
101335.24
101335.24
101335.24
101335.24
101335.24
101335.24
101335.24
101335.24
101335.24
101335.24
101335.24
101335.13
101335.13
101335.13
101335.13
101335.13
101335.13
101335.13
101335.13
101335.13
101335.13
101335.13
101335.13
101335.13
101335.13
101335.13
101335.13
101335.13
101335.13
101335.13
101335.13
101335.13
101335.13
101335.13
101335.13
101335.13
101335.01
101335.01
101335.01
101335.01
101335.01
101335.01
101335.01
101335.01
101335.01
101335.01
101335.01
101335.01
101335.01
101335.01
101335.01
101335.01
101335.01
101335.01
101335.01
101335.01
101335.01
101335.01
101335.01
101335.01
101335.01
101334.9
101334.9
101334.9
101334.9
101334.9
101334.9
101334.9
101334.9
101334.9
101334.9
101334.9
101334.9
101334.9
101334.9
101334.9
101334.9
101334.9
101334.9
101334.9
101334.9
101334.9
101334.9
101334.9
101334.9
101334.9
101334.78
101334.78
101334.78
101334.78
101334.78
101334.78
101334.78
101334.78
101334.78
101334.78
101334.78
101334.78
101334.78
101334.78
101334.78
101334.78
101334.78
101334.78
101334.78
101334.78
101334.78
101334.78
101334.78
101334.78
101334.78
101334.67
101334.67
101334.67
101334.67
101334.67
101334.67
101334.67
101334.67
101334.67
101334.67
101334.67
101334.67
101334.67
101334.67
101334.67
101334.67
101334.67
101334.67
101334.67
101334.67
101334.67
101334.67
101334.67
101334.67
101334.67
101334.56
101334.56
101334.56
101334.56
101334.56
101334.56
101334.56
101334.56
101334.56
101334.56
101334.56
101334.56
101334.56
101334.56
101334.56
101334.56
101334.56
101334.56
101334.56
101334.56
101334.56
101334.56
101334.56
101334.56
101334.56
101334.44
101334.44
101334.44
101334.44
101334.44
101334.44
101334.44
101334.44
101334.44
101334.44
101334.44
101334.44
101334.44
101334.44
101334.44
101334.44
101334.44
101334.44
101334.44
101334.44
101334.44
101334.44
101334.44
101334.44
101334.44
101334.33
101334.33
101334.33
101334.33
101334.33
101334.33
101334.33
101334.33
101334.33
101334.33
101334.33
101334.33
101334.33
101334.33
101334.33
101334.33
101334.33
101334.33
101334.33
101334.33
101334.33
101334.33
101334.33
101334.33
101334.33
101334.22
101334.21
101334.21
101334.21
101334.21
101334.21
101334.21
101334.21
101334.21
101334.21
101334.21
101334.21
101334.21
101334.21
101334.21
101334.21
101334.21
101334.21
101334.21
101334.21
101334.21
101334.21
101334.21
101334.21
101334.21
101334.1
101334.1
101334.1
101334.1
101334.1
101334.1
101334.1
101334.1
101334.1
101334.1
101334.1
101334.1
101334.1
101334.1
101334.1
101334.1
101334.1
101334.1
101334.1
101334.1
101334.1
101334.1
101334.1
101334.1
101334.1
101333.99
101333.99
101333.99
101333.99
101333.99
101333.99
101333.99
101333.99
101333.99
101333.99
101333.99
101333.99
101333.99
101333.99
101333.99
101333.99
101333.99
101333.99
101333.99
101333.99
101333.99
101333.99
101333.99
101333.99
101333.99
101333.87
101333.87
101333.87
101333.87
101333.87
101333.87
101333.87
101333.87
101333.87
101333.87
101333.87
101333.87
101333.87
101333.87
101333.87
101333.87
101333.87
101333.87
101333.87
101333.87
101333.87
101333.87
101333.87
101333.87
101333.87
101333.76
101333.76
101333.76
101333.76
101333.76
101333.76
101333.76
101333.76
101333.76
101333.76
101333.76
101333.76
101333.76
101333.76
101333.76
101333.76
101333.76
101333.76
101333.76
101333.76
101333.76
101333.76
101333.76
101333.76
101333.76
101333.64
101333.64
101333.64
101333.64
101333.64
101333.64
101333.64
101333.64
101333.64
101333.64
101333.64
101333.64
101333.64
101333.64
101333.64
101333.64
101333.64
101333.64
101333.64
101333.64
101333.64
101333.64
101333.64
101333.64
101333.64
101333.53
101333.53
101333.53
101333.53
101333.53
101333.53
101333.53
101333.53
101333.53
101333.53
101333.53
101333.53
101333.53
101333.53
101333.53
101333.53
101333.53
101333.53
101333.53
101333.53
101333.53
101333.53
101333.53
101333.53
101333.53
101333.41
101333.41
101333.41
101333.41
101333.41
101333.41
101333.41
101333.41
101333.41
101333.41
101333.41
101333.41
101333.41
101333.41
101333.41
101333.41
101333.41
101333.41
101333.41
101333.41
101333.41
101333.41
101333.41
101333.41
101333.41
101333.3
101333.3
101333.3
101333.3
101333.3
101333.3
101333.3
101333.3
101333.3
101333.3
101333.3
101333.3
101333.3
101333.3
101333.3
101333.3
101333.3
101333.3
101333.3
101333.3
101333.3
101333.3
101333.3
101333.3
101333.3
101333.18
101333.18
101333.18
101333.18
101333.18
101333.18
101333.18
101333.18
101333.18
101333.18
101333.18
101333.18
101333.18
101333.18
101333.18
101333.18
101333.18
101333.18
101333.18
101333.18
101333.18
101333.18
101333.18
101333.18
101333.18
101333.07
101333.07
101333.07
101333.07
101333.07
101333.07
101333.07
101333.07
101333.07
101333.07
101333.07
101333.07
101333.07
101333.07
101333.07
101333.07
101333.07
101333.07
101333.07
101333.07
101333.07
101333.07
101333.07
101333.07
101333.07
101332.96
101332.96
101332.96
101332.96
101332.96
101332.96
101332.96
101332.96
101332.96
101332.96
101332.96
101332.96
101332.96
101332.96
101332.96
101332.96
101332.96
101332.96
101332.96
101332.96
101332.96
101332.96
101332.96
101332.96
101332.96
101332.84
101332.84
101332.84
101332.84
101332.84
101332.84
101332.84
101332.84
101332.84
101332.84
101332.84
101332.84
101332.84
101332.84
101332.84
101332.84
101332.84
101332.84
101332.84
101332.84
101332.84
101332.84
101332.84
101332.84
101332.84
101332.73
101332.73
101332.73
101332.73
101332.73
101332.73
101332.73
101332.73
101332.73
101332.73
101332.73
101332.73
101332.73
101332.73
101332.73
101332.73
101332.73
101332.73
101332.73
101332.73
101332.73
101332.73
101332.73
101332.73
101332.73
101332.61
101332.61
101332.61
101332.61
101332.61
101332.61
101332.61
101332.61
101332.61
101332.61
101332.61
101332.61
101332.61
101332.61
101332.61
101332.61
101332.61
101332.61
101332.61
101332.61
101332.61
101332.61
101332.61
101332.61
101332.61
101332.5
101332.5
101332.5
101332.5
101332.5
101332.5
101332.5
101332.5
101332.5
101332.5
101332.5
101332.5
101332.5
101332.5
101332.5
101332.5
101332.5
101332.5
101332.5
101332.5
101332.5
101332.5
101332.5
101332.5
101332.5
101332.38
101332.38
101332.38
101332.38
101332.38
101332.38
101332.38
101332.38
101332.38
101332.38
101332.38
101332.38
101332.38
101332.38
101332.38
101332.38
101332.38
101332.38
101332.38
101332.38
101332.38
101332.38
101332.38
101332.38
101332.38
101332.27
101332.27
101332.27
101332.27
101332.27
101332.27
101332.27
101332.27
101332.27
101332.27
101332.27
101332.27
101332.27
101332.27
101332.27
101332.27
101332.27
101332.27
101332.27
101332.27
101332.27
101332.27
101332.27
101332.27
101332.27
101332.15
101332.15
101332.15
101332.15
101332.15
101332.15
101332.15
101332.15
101332.15
101332.15
101332.15
101332.15
101332.15
101332.15
101332.15
101332.15
101332.15
101332.15
101332.15
101332.15
101332.15
101332.15
101332.15
101332.15
101332.15
101332.03
101332.03
101332.03
101332.03
101332.03
101332.03
101332.03
101332.03
101332.03
101332.03
101332.03
101332.03
101332.03
101332.03
101332.03
101332.03
101332.03
101332.03
101332.03
101332.03
101332.03
101332.03
101332.03
101332.03
101332.03
101331.92
101331.92
101331.92
101331.92
101331.92
101331.92
101331.92
101331.92
101331.92
101331.92
101331.92
101331.92
101331.92
101331.92
101331.92
101331.92
101331.92
101331.92
101331.92
101331.92
101331.92
101331.92
101331.92
101331.92
101331.92
101331.8
101331.8
101331.8
101331.8
101331.8
101331.8
101331.8
101331.8
101331.8
101331.8
101331.8
101331.8
101331.8
101331.8
101331.8
101331.8
101331.8
101331.8
101331.8
101331.8
101331.8
101331.8
101331.8
101331.8
101331.8
101331.69
101331.69
101331.69
101331.69
101331.69
101331.69
101331.69
101331.69
101331.69
101331.69
101331.69
101331.69
101331.69
101331.69
101331.69
101331.69
101331.69
101331.69
101331.69
101331.69
101331.69
101331.69
101331.69
101331.69
101331.69
101331.57
101331.57
101331.57
101331.57
101331.57
101331.57
101331.57
101331.57
101331.57
101331.57
101331.57
101331.57
101331.57
101331.57
101331.57
101331.57
101331.57
101331.57
101331.57
101331.57
101331.57
101331.57
101331.57
101331.57
101331.57
101331.46
101331.46
101331.46
101331.46
101331.46
101331.46
101331.46
101331.46
101331.46
101331.46
101331.46
101331.46
101331.46
101331.46
101331.46
101331.46
101331.46
101331.46
101331.46
101331.46
101331.46
101331.46
101331.46
101331.46
101331.46
101331.34
101331.34
101331.34
101331.34
101331.34
101331.34
101331.34
101331.34
101331.34
101331.34
101331.34
101331.34
101331.34
101331.34
101331.34
101331.34
101331.34
101331.34
101331.34
101331.34
101331.34
101331.34
101331.34
101331.34
101331.34
101331.23
101331.23
101331.23
101331.23
101331.23
101331.23
101331.23
101331.23
101331.23
101331.23
101331.23
101331.23
101331.23
101331.23
101331.23
101331.23
101331.23
101331.23
101331.23
101331.23
101331.23
101331.23
101331.23
101331.23
101331.23
101331.11
101331.11
101331.11
101331.11
101331.11
101331.11
101331.11
101331.11
101331.11
101331.11
101331.11
101331.11
101331.11
101331.11
101331.11
101331.11
101331.11
101331.11
101331.11
101331.11
101331.11
101331.11
101331.11
101331.11
101331.11
101331
101331
101331
101331
101331
101331
101331
101331
101331
101331
101331
101331
101331
101331
101331
101331
101331
101331
101331
101331
101331
101331
101331
101331
101331
101330.88
101330.88
101330.88
101330.88
101330.88
101330.88
101330.88
101330.88
101330.88
101330.88
101330.88
101330.88
101330.88
101330.88
101330.88
101330.88
101330.88
101330.88
101330.88
101330.88
101330.88
101330.88
101330.88
101330.88
101330.88
101330.76
101330.76
101330.76
101330.76
101330.76
101330.76
101330.76
101330.76
101330.76
101330.76
101330.76
101330.76
101330.76
101330.76
101330.76
101330.76
101330.76
101330.76
101330.76
101330.76
101330.76
101330.76
101330.76
101330.76
101330.76
101330.65
101330.65
101330.65
101330.65
101330.65
101330.65
101330.65
101330.65
101330.65
101330.65
101330.65
101330.65
101330.65
101330.65
101330.65
101330.65
101330.65
101330.65
101330.65
101330.65
101330.65
101330.65
101330.65
101330.65
101330.65
101330.53
101330.53
101330.53
101330.53
101330.53
101330.53
101330.53
101330.53
101330.53
101330.53
101330.53
101330.53
101330.53
101330.53
101330.53
101330.53
101330.53
101330.53
101330.53
101330.53
101330.53
101330.53
101330.53
101330.53
101330.53
101330.42
101330.42
101330.42
101330.42
101330.42
101330.42
101330.42
101330.42
101330.42
101330.42
101330.42
101330.42
101330.42
101330.42
101330.42
101330.42
101330.42
101330.42
101330.42
101330.42
101330.42
101330.42
101330.42
101330.42
101330.42
101330.3
101330.3
101330.3
101330.3
101330.3
101330.3
101330.3
101330.3
101330.3
101330.3
101330.3
101330.3
101330.3
101330.3
101330.3
101330.3
101330.3
101330.3
101330.3
101330.3
101330.3
101330.3
101330.3
101330.3
101330.3
101330.18
101330.18
101330.18
101330.18
101330.18
101330.18
101330.18
101330.18
101330.18
101330.18
101330.18
101330.18
101330.18
101330.18
101330.19
101330.19
101330.19
101330.19
101330.19
101330.19
101330.19
101330.19
101330.19
101330.19
101330.19
101330.07
101330.07
101330.07
101330.07
101330.07
101330.07
101330.07
101330.07
101330.07
101330.07
101330.07
101330.07
101330.07
101330.07
101330.07
101330.07
101330.07
101330.07
101330.07
101330.07
101330.07
101330.07
101330.07
101330.07
101330.07
101329.95
101329.95
101329.95
101329.95
101329.95
101329.95
101329.95
101329.95
101329.95
101329.95
101329.95
101329.95
101329.95
101329.95
101329.95
101329.95
101329.95
101329.95
101329.95
101329.95
101329.95
101329.95
101329.95
101329.95
101329.95
101329.84
101329.84
101329.84
101329.84
101329.84
101329.84
101329.84
101329.84
101329.84
101329.84
101329.84
101329.84
101329.84
101329.84
101329.84
101329.84
101329.84
101329.84
101329.84
101329.84
101329.84
101329.84
101329.84
101329.84
101329.84
101329.72
101329.72
101329.72
101329.72
101329.72
101329.72
101329.72
101329.72
101329.72
101329.72
101329.72
101329.72
101329.72
101329.72
101329.72
101329.72
101329.72
101329.72
101329.72
101329.72
101329.72
101329.72
101329.72
101329.72
101329.72
101329.6
101329.6
101329.6
101329.6
101329.6
101329.6
101329.6
101329.6
101329.6
101329.6
101329.6
101329.6
101329.6
101329.6
101329.6
101329.6
101329.6
101329.6
101329.6
101329.6
101329.6
101329.6
101329.6
101329.6
101329.6
101329.49
101329.49
101329.49
101329.49
101329.49
101329.49
101329.49
101329.49
101329.49
101329.49
101329.49
101329.49
101329.49
101329.49
101329.49
101329.49
101329.49
101329.49
101329.49
101329.49
101329.49
101329.49
101329.49
101329.49
101329.49
101329.37
101329.37
101329.37
101329.37
101329.37
101329.37
101329.37
101329.37
101329.37
101329.37
101329.37
101329.37
101329.37
101329.37
101329.37
101329.37
101329.37
101329.37
101329.37
101329.37
101329.37
101329.37
101329.37
101329.37
101329.37
101329.26
101329.26
101329.26
101329.26
101329.26
101329.26
101329.26
101329.26
101329.26
101329.26
101329.26
101329.26
101329.26
101329.26
101329.26
101329.26
101329.26
101329.26
101329.26
101329.26
101329.26
101329.26
101329.26
101329.26
101329.26
101329.14
101329.14
101329.14
101329.14
101329.14
101329.14
101329.14
101329.14
101329.14
101329.14
101329.14
101329.14
101329.14
101329.14
101329.14
101329.14
101329.14
101329.14
101329.14
101329.14
101329.14
101329.14
101329.14
101329.14
101329.14
101329.02
101329.02
101329.02
101329.02
101329.02
101329.02
101329.02
101329.02
101329.02
101329.02
101329.02
101329.02
101329.02
101329.02
101329.02
101329.02
101329.02
101329.02
101329.02
101329.02
101329.02
101329.02
101329.02
101329.02
101329.02
101328.91
101328.91
101328.91
101328.91
101328.91
101328.91
101328.91
101328.91
101328.91
101328.91
101328.91
101328.91
101328.91
101328.91
101328.91
101328.91
101328.91
101328.91
101328.91
101328.91
101328.91
101328.91
101328.91
101328.91
101328.91
101328.79
101328.79
101328.79
101328.79
101328.79
101328.79
101328.79
101328.79
101328.79
101328.79
101328.79
101328.79
101328.79
101328.79
101328.79
101328.79
101328.79
101328.79
101328.79
101328.79
101328.79
101328.79
101328.79
101328.79
101328.79
101328.68
101328.68
101328.68
101328.68
101328.68
101328.68
101328.68
101328.68
101328.68
101328.68
101328.68
101328.68
101328.68
101328.68
101328.68
101328.68
101328.68
101328.68
101328.68
101328.68
101328.68
101328.68
101328.68
101328.68
101328.68
101328.56
101328.56
101328.56
101328.56
101328.56
101328.56
101328.56
101328.56
101328.56
101328.56
101328.56
101328.56
101328.56
101328.56
101328.56
101328.56
101328.56
101328.56
101328.56
101328.56
101328.56
101328.56
101328.56
101328.56
101328.56
101328.44
101328.44
101328.44
101328.44
101328.44
101328.44
101328.44
101328.44
101328.44
101328.44
101328.44
101328.44
101328.44
101328.44
101328.44
101328.44
101328.44
101328.44
101328.44
101328.44
101328.44
101328.44
101328.44
101328.44
101328.44
101328.33
101328.33
101328.33
101328.33
101328.33
101328.33
101328.33
101328.33
101328.33
101328.33
101328.33
101328.33
101328.33
101328.33
101328.33
101328.33
101328.33
101328.33
101328.33
101328.33
101328.33
101328.33
101328.33
101328.33
101328.33
101328.21
101328.21
101328.21
101328.21
101328.21
101328.21
101328.21
101328.21
101328.21
101328.21
101328.21
101328.21
101328.21
101328.21
101328.21
101328.21
101328.21
101328.21
101328.21
101328.21
101328.21
101328.21
101328.21
101328.21
101328.21
101328.09
101328.09
101328.09
101328.09
101328.09
101328.09
101328.09
101328.09
101328.09
101328.09
101328.09
101328.09
101328.09
101328.09
101328.09
101328.09
101328.09
101328.09
101328.09
101328.09
101328.09
101328.09
101328.09
101328.09
101328.09
101327.98
101327.98
101327.98
101327.98
101327.98
101327.98
101327.98
101327.98
101327.98
101327.98
101327.98
101327.98
101327.98
101327.98
101327.98
101327.98
101327.98
101327.98
101327.98
101327.98
101327.98
101327.98
101327.98
101327.98
101327.98
101327.86
101327.86
101327.86
101327.86
101327.86
101327.86
101327.86
101327.86
101327.86
101327.86
101327.86
101327.86
101327.86
101327.86
101327.86
101327.86
101327.86
101327.86
101327.86
101327.86
101327.86
101327.86
101327.86
101327.86
101327.86
101327.74
101327.74
101327.74
101327.74
101327.74
101327.74
101327.74
101327.74
101327.74
101327.74
101327.74
101327.74
101327.74
101327.74
101327.74
101327.74
101327.74
101327.74
101327.74
101327.74
101327.74
101327.74
101327.74
101327.74
101327.74
101327.63
101327.63
101327.63
101327.63
101327.63
101327.63
101327.63
101327.63
101327.63
101327.63
101327.63
101327.63
101327.63
101327.63
101327.63
101327.63
101327.63
101327.63
101327.63
101327.63
101327.63
101327.63
101327.63
101327.63
101327.63
101327.51
101327.51
101327.51
101327.51
101327.51
101327.51
101327.51
101327.51
101327.51
101327.51
101327.51
101327.51
101327.51
101327.51
101327.51
101327.51
101327.51
101327.51
101327.51
101327.51
101327.51
101327.51
101327.51
101327.51
101327.51
101327.39
101327.39
101327.39
101327.39
101327.39
101327.39
101327.39
101327.39
101327.39
101327.39
101327.39
101327.39
101327.39
101327.39
101327.39
101327.39
101327.39
101327.39
101327.39
101327.39
101327.39
101327.39
101327.39
101327.39
101327.39
101327.28
101327.28
101327.28
101327.28
101327.28
101327.28
101327.28
101327.28
101327.28
101327.28
101327.28
101327.28
101327.28
101327.28
101327.28
101327.28
101327.28
101327.28
101327.28
101327.28
101327.28
101327.28
101327.28
101327.28
101327.28
101327.16
101327.16
101327.16
101327.16
101327.16
101327.16
101327.16
101327.16
101327.16
101327.16
101327.16
101327.16
101327.16
101327.16
101327.16
101327.16
101327.16
101327.16
101327.16
101327.16
101327.16
101327.16
101327.16
101327.16
101327.16
101327.04
101327.04
101327.04
101327.04
101327.04
101327.04
101327.04
101327.04
101327.04
101327.04
101327.04
101327.04
101327.04
101327.04
101327.04
101327.04
101327.04
101327.04
101327.04
101327.04
101327.04
101327.04
101327.04
101327.04
101327.04
101326.93
101326.93
101326.93
101326.93
101326.93
101326.93
101326.93
101326.93
101326.93
101326.93
101326.93
101326.93
101326.93
101326.93
101326.93
101326.93
101326.93
101326.93
101326.93
101326.93
101326.93
101326.93
101326.93
101326.93
101326.93
101326.81
101326.81
101326.81
101326.81
101326.81
101326.81
101326.81
101326.81
101326.81
101326.81
101326.81
101326.81
101326.81
101326.81
101326.81
101326.81
101326.81
101326.81
101326.81
101326.81
101326.81
101326.81
101326.81
101326.81
101326.81
101326.69
101326.69
101326.69
101326.69
101326.69
101326.69
101326.69
101326.69
101326.69
101326.69
101326.69
101326.69
101326.69
101326.69
101326.69
101326.69
101326.69
101326.69
101326.69
101326.69
101326.69
101326.69
101326.69
101326.69
101326.69
101326.58
101326.58
101326.58
101326.58
101326.58
101326.58
101326.58
101326.58
101326.58
101326.58
101326.58
101326.58
101326.58
101326.58
101326.58
101326.58
101326.58
101326.58
101326.58
101326.58
101326.58
101326.58
101326.58
101326.58
101326.58
101326.46
101326.46
101326.46
101326.46
101326.46
101326.46
101326.46
101326.46
101326.46
101326.46
101326.46
101326.46
101326.46
101326.46
101326.46
101326.46
101326.46
101326.46
101326.46
101326.46
101326.46
101326.46
101326.46
101326.46
101326.46
101326.34
101326.34
101326.34
101326.34
101326.34
101326.34
101326.34
101326.34
101326.34
101326.34
101326.34
101326.34
101326.34
101326.34
101326.34
101326.34
101326.34
101326.34
101326.34
101326.34
101326.34
101326.34
101326.34
101326.34
101326.34
101326.23
101326.23
101326.23
101326.23
101326.23
101326.23
101326.23
101326.23
101326.23
101326.23
101326.23
101326.23
101326.23
101326.23
101326.23
101326.23
101326.23
101326.23
101326.23
101326.23
101326.23
101326.23
101326.23
101326.23
101326.23
101326.11
101326.11
101326.11
101326.11
101326.11
101326.11
101326.11
101326.11
101326.11
101326.11
101326.11
101326.11
101326.11
101326.11
101326.11
101326.11
101326.11
101326.11
101326.11
101326.11
101326.11
101326.11
101326.11
101326.11
101326.11
101325.99
101325.99
101325.99
101325.99
101325.99
101325.99
101325.99
101325.99
101325.99
101325.99
101325.99
101325.99
101325.99
101325.99
101325.99
101325.99
101325.99
101325.99
101325.99
101325.99
101325.99
101325.99
101325.99
101325.99
101325.99
101325.88
101325.88
101325.88
101325.88
101325.88
101325.88
101325.88
101325.88
101325.88
101325.88
101325.88
101325.88
101325.88
101325.88
101325.88
101325.88
101325.88
101325.88
101325.88
101325.88
101325.88
101325.88
101325.88
101325.88
101325.88
101325.76
101325.76
101325.76
101325.76
101325.76
101325.76
101325.76
101325.76
101325.76
101325.76
101325.76
101325.76
101325.76
101325.76
101325.76
101325.76
101325.76
101325.76
101325.76
101325.76
101325.76
101325.76
101325.76
101325.76
101325.76
101325.64
101325.64
101325.64
101325.64
101325.64
101325.64
101325.64
101325.64
101325.64
101325.64
101325.64
101325.64
101325.64
101325.64
101325.64
101325.64
101325.64
101325.64
101325.64
101325.64
101325.64
101325.64
101325.64
101325.64
101325.64
101325.53
101325.53
101325.53
101325.53
101325.53
101325.53
101325.53
101325.53
101325.53
101325.53
101325.53
101325.53
101325.53
101325.53
101325.53
101325.53
101325.53
101325.53
101325.53
101325.53
101325.53
101325.53
101325.53
101325.53
101325.53
101325.41
101325.41
101325.41
101325.41
101325.41
101325.41
101325.41
101325.41
101325.41
101325.41
101325.41
101325.41
101325.41
101325.41
101325.41
101325.41
101325.41
101325.41
101325.41
101325.41
101325.41
101325.41
101325.41
101325.41
101325.41
101325.29
101325.29
101325.29
101325.29
101325.29
101325.29
101325.29
101325.29
101325.29
101325.29
101325.29
101325.29
101325.29
101325.29
101325.29
101325.29
101325.29
101325.29
101325.29
101325.29
101325.29
101325.29
101325.29
101325.29
101325.29
101325.18
101325.18
101325.18
101325.18
101325.18
101325.18
101325.18
101325.18
101325.18
101325.18
101325.18
101325.18
101325.18
101325.18
101325.18
101325.18
101325.18
101325.18
101325.18
101325.18
101325.18
101325.18
101325.18
101325.18
101325.18
101325.06
101325.06
101325.06
101325.06
101325.06
101325.06
101325.06
101325.06
101325.06
101325.06
101325.06
101325.06
101325.06
101325.06
101325.06
101325.06
101325.06
101325.06
101325.06
101325.06
101325.06
101325.06
101325.06
101325.06
101325.06
)
;

boundaryField
{
    inlet
    {
        type            zeroGradient;
    }
    outlet
    {
        type            fixedValue;
        value           uniform 101325;
    }
    wall
    {
        type            fixedFluxPressure;
        gradient        uniform 0;
        value           nonuniform List<scalar> 
250
(
101357.12
101354.66
101354.42
101354.39
101354.18
101353.97
101353.8
101353.62
101353.45
101353.28
101353.11
101352.95
101352.79
101352.64
101352.49
101352.34
101352.19
101352.04
101351.9
101351.76
101351.62
101351.48
101351.34
101351.2
101351.07
101350.93
101350.8
101350.66
101350.53
101350.4
101350.27
101350.14
101350.01
101349.88
101349.76
101349.63
101349.5
101349.38
101349.25
101349.13
101349
101348.88
101348.76
101348.64
101348.51
101348.39
101348.27
101348.15
101348.03
101347.91
101347.79
101347.67
101347.55
101347.43
101347.31
101347.2
101347.08
101346.96
101346.84
101346.73
101346.61
101346.49
101346.38
101346.26
101346.14
101346.03
101345.91
101345.8
101345.68
101345.57
101345.45
101345.34
101345.22
101345.11
101344.99
101344.88
101344.77
101344.65
101344.54
101344.42
101344.31
101344.2
101344.08
101343.97
101343.86
101343.75
101343.63
101343.52
101343.41
101343.29
101343.18
101343.07
101342.96
101342.85
101342.73
101342.62
101342.51
101342.4
101342.29
101342.17
101342.06
101341.95
101341.84
101341.73
101341.62
101341.5
101341.39
101341.28
101341.17
101341.06
101340.95
101340.84
101340.72
101340.61
101340.5
101340.39
101340.28
101340.17
101340.06
101339.95
101339.83
101339.72
101339.61
101339.5
101339.39
101339.28
101339.17
101339.06
101338.94
101338.83
101338.72
101338.61
101338.5
101338.39
101338.28
101338.16
101338.05
101337.94
101337.83
101337.72
101337.61
101337.49
101337.38
101337.27
101337.16
101337.05
101336.93
101336.82
101336.71
101336.6
101336.48
101336.37
101336.26
101336.15
101336.03
101335.92
101335.81
101335.69
101335.58
101335.47
101335.35
101335.24
101335.13
101335.01
101334.9
101334.78
101334.67
101334.56
101334.44
101334.33
101334.21
101334.1
101333.99
101333.87
101333.76
101333.64
101333.53
101333.41
101333.3
101333.18
101333.07
101332.96
101332.84
101332.73
101332.61
101332.5
101332.38
101332.27
101332.15
101332.03
101331.92
101331.8
101331.69
101331.57
101331.46
101331.34
101331.23
101331.11
101331
101330.88
101330.76
101330.65
101330.53
101330.42
101330.3
101330.19
101330.07
101329.95
101329.84
101329.72
101329.6
101329.49
101329.37
101329.26
101329.14
101329.02
101328.91
101328.79
101328.68
101328.56
101328.44
101328.33
101328.21
101328.09
101327.98
101327.86
101327.74
101327.63
101327.51
101327.39
101327.28
101327.16
101327.04
101326.93
101326.81
101326.69
101326.58
101326.46
101326.34
101326.23
101326.11
101325.99
101325.88
101325.76
101325.64
101325.53
101325.41
101325.29
101325.18
101325.06
)
;
    }
    front
    {
        type            wedge;
    }
    back
    {
        type            wedge;
    }
    axis
    {
        type            empty;
    }
}


// ************************************************************************* //
