/*--------------------------------*- C++ -*----------------------------------*\
| =========                 |                                                 |
| \\      /  F ield         | OpenFOAM: The Open Source CFD Toolbox           |
|  \\    /   O peration     | Version:  v2012                                 |
|   \\  /    A nd           | Website:  www.openfoam.com                      |
|    \\/     M anipulation  |                                                 |
\*---------------------------------------------------------------------------*/
FoamFile
{
    version     2.0;
    format      ascii;
    class       volScalarField;
    location    "2000";
    object      T;
}
// * * * * * * * * * * * * * * * * * * * * * * * * * * * * * * * * * * * * * //

dimensions      [0 0 0 1 0 0 0];


internalField   nonuniform List<scalar> 
6250
(
299.99992
299.99991
299.9999
299.99989
299.99988
299.99987
299.99985
299.99983
299.99981
299.99979
299.99975
299.99966
299.99947
299.99906
299.99828
299.99681
299.99407
299.98874
299.97759
299.95231
299.90175
299.93424
300.97737
306.26771
323.64062
299.9995
299.99948
299.99946
299.99942
299.99937
299.99932
299.99926
299.99918
299.99906
299.99888
299.99855
299.998
299.99711
299.99575
299.99375
299.99097
299.98741
299.98418
299.98849
300.04446
300.40433
302.11918
307.74173
320.46555
340.40727
299.9991
299.99909
299.99905
299.99901
299.99896
299.99889
299.9988
299.99866
299.99843
299.99806
299.99751
299.99676
299.99588
299.99507
299.99491
299.99691
300.00522
300.03257
300.12315
300.44883
301.64436
305.33333
313.66763
327.24633
342.7426
299.99884
299.99883
299.99879
299.99875
299.99869
299.9986
299.99847
299.99826
299.99796
299.99758
299.99723
299.99714
299.99783
300.00034
300.00689
300.02251
300.05959
300.15217
300.40472
301.15508
303.32347
308.39517
317.37503
329.80547
343.29101
299.99862
299.9986
299.99857
299.99852
299.99844
299.99832
299.99816
299.99796
299.9978
299.99785
299.99851
300.00045
300.00495
300.01443
300.03373
300.07337
300.15807
300.35205
300.83634
302.10619
305.13633
310.85827
319.53831
330.92756
343.62997
299.99841
299.99839
299.99835
299.99829
299.9982
299.99809
299.99798
299.99799
299.99835
299.99953
300.00228
300.00793
300.0188
300.03916
300.07738
300.15107
300.30059
300.6267
301.39235
303.18939
306.84663
312.77658
320.95047
331.61404
343.85192
299.99822
299.9982
299.99816
299.99809
299.99801
299.99797
299.99808
299.99862
300.00006
300.00319
300.0093
300.02049
300.0404
300.07561
300.13885
300.25648
300.48774
300.97503
302.05461
304.32375
308.36375
314.27628
322.00344
332.14608
344.0218
299.99804
299.99802
299.99797
299.99792
299.99791
299.99807
299.99865
300.00014
300.00329
300.00931
300.02008
300.03862
300.07012
300.12386
300.21757
300.38773
300.71511
301.38673
302.78938
305.44958
309.7008
315.48455
322.85524
332.6017
344.16977
299.99787
299.99785
299.99781
299.99782
299.99797
299.9985
299.99987
300.00279
300.00835
300.01821
300.03492
300.06255
300.10802
300.18367
300.31302
300.54416
300.98183
301.85506
303.56559
306.52512
310.87354
316.48998
323.57104
333.00227
344.30236
299.9977
299.99769
299.9977
299.99782
299.99826
299.99941
300.00193
300.0068
300.01547
300.03009
300.05393
300.09223
300.15382
300.25446
300.42422
300.72457
301.28765
302.379
304.36365
307.52104
311.89204
317.3417
324.18123
333.35316
344.41958
299.99755
299.99756
299.99765
299.99798
299.99888
300.00091
300.00497
300.01231
300.02477
300.04502
300.0771
300.12752
300.20721
300.3358
300.55086
300.92892
301.6299
302.93879
305.15726
308.44589
312.77993
318.0706
324.70435
333.65813
344.52179
299.99742
299.99748
299.99771
299.99836
299.99991
300.00312
300.00911
300.01944
300.03633
300.063
300.10435
300.16823
300.26794
300.42747
300.6929
301.15754
302.00652
303.52002
305.92721
309.29935
313.5617
318.70097
325.15578
333.92302
344.61069
299.99734
299.99748
299.99791
299.99902
300.00144
300.00612
300.01444
300.02825
300.05017
300.084
300.13554
300.21411
300.33564
300.52898
300.84986
301.41037
302.4165
304.11498
306.66124
310.07712
314.25465
319.25239
325.54945
334.15489
344.68855
299.99733
299.99757
299.99831
300.00003
300.00354
300.01
300.02102
300.03876
300.06627
300.10794
300.17055
300.26506
300.41035
300.64091
301.02336
301.68878
302.85383
304.71169
307.35467
310.78067
314.87064
319.7393
325.89674
334.36018
344.75752
299.99741
299.99781
299.99895
300.00145
300.00627
300.0148
300.02888
300.05099
300.08459
300.13475
300.20929
300.321
300.49208
300.76337
301.21372
301.99129
303.30475
305.2975
308.01624
311.42085
315.4212
320.17276
326.20643
334.54411
344.81935
299.99761
299.99822
299.99987
300.00331
300.00968
300.02056
300.03804
300.06492
300.1051
300.16435
300.25166
300.38183
300.58075
300.89637
301.42098
302.3162
303.76525
305.86691
308.6395
312.00617
315.91735
320.56225
326.48561
334.71095
344.87552
299.99797
299.99884
300.00112
300.00567
300.01381
300.02732
300.04852
300.08053
300.12775
300.19671
300.29764
300.44763
300.67676
301.04092
301.64583
302.66055
304.23004
306.41561
309.22078
312.54211
316.36788
320.91563
326.74006
334.8641
344.92716
299.99853
299.99971
300.00274
300.00857
300.0187
300.03508
300.0603
300.09781
300.15252
300.23177
300.34724
300.5185
300.78039
301.19776
301.88906
303.01976
304.69243
306.94291
309.76064
313.03304
316.7792
321.2389
326.97419
335.0061
344.97511
299.99931
300.00087
300.00476
300.01204
300.02436
300.04387
300.07339
300.11673
300.17936
300.26952
300.40043
300.59447
300.89177
301.36706
302.14902
303.38585
305.14718
307.4529
310.26414
313.48396
317.15631
321.53647
327.19121
335.13872
345.01996
300.00035
300.00234
300.00721
300.01611
300.03081
300.05367
300.08776
300.13728
300.20826
300.30996
300.45729
300.67582
301.01149
301.549
302.42325
303.75617
305.59228
307.94092
310.73475
313.90034
317.5039
321.81191
327.39356
335.2633
345.06215
300.00168
300.00417
300.01013
300.02079
300.03807
300.0645
300.10342
300.15943
300.23922
300.35311
300.51796
300.76281
301.14005
301.74395
302.70975
304.12789
306.02534
308.40413
311.17464
314.28665
317.82614
322.06831
327.58321
335.38085
345.102
300.00334
300.00638
300.01355
300.02611
300.04614
300.07634
300.12035
300.18319
300.27223
300.399
300.58245
300.85552
301.27788
301.95254
303.00695
304.498
306.44426
308.84144
311.58547
314.64622
318.12634
322.30816
327.76171
335.49212
345.13974
300.00536
300.009
300.01747
300.03208
300.05503
300.08921
300.13856
300.20854
300.3073
300.44765
300.6509
300.95428
301.42514
302.17274
303.30763
304.86367
306.85437
309.25587
311.96951
314.98159
318.40701
322.53342
327.9303
335.59773
345.17558
300.00776
300.01205
300.02193
300.03872
300.06474
300.1031
300.15802
300.23548
300.34445
300.49918
300.72357
301.05952
301.58183
302.40255
303.61028
305.2239
307.25252
309.64941
312.3297
315.29529
318.67023
322.74566
328.08999
335.69819
345.20967
300.01057
300.01556
300.02694
300.04603
300.07528
300.11801
300.17875
300.26403
300.38372
300.55364
300.80053
301.17144
301.74818
302.64088
303.91368
305.57724
307.63608
310.02303
312.66868
315.58983
318.91788
322.94621
328.2416
335.79391
345.24216
300.01381
300.01955
300.03251
300.05402
300.08665
300.13393
300.20075
300.29419
300.42512
300.61107
300.88187
301.29029
301.92441
302.88701
304.21666
305.92189
308.00342
310.37732
312.98856
315.8674
319.15169
323.13623
328.38585
335.88524
345.27314
300.0175
300.02402
300.03865
300.0627
300.09886
300.15088
300.22401
300.32598
300.46869
300.67157
300.96786
301.41633
302.10965
303.13764
304.51783
306.25941
308.35492
310.71304
313.29086
316.12977
319.37313
323.31676
328.52335
335.97248
345.30272
300.02165
300.02901
300.04538
300.07208
300.1119
300.16884
300.24855
300.35941
300.51451
300.73533
301.05883
301.54958
302.30217
303.38931
304.8161
306.59141
308.6923
311.0315
313.57688
316.37829
319.58339
323.48869
328.65468
336.05594
345.331
300.02628
300.03451
300.0527
300.08216
300.12579
300.18783
300.27437
300.39452
300.56262
300.80242
301.15489
301.69008
302.50102
303.64141
305.1107
306.91579
309.01646
311.33431
313.84803
316.61415
319.78346
323.65277
328.78034
336.13593
345.35809
300.03141
300.04054
300.06063
300.09294
300.14051
300.20785
300.30149
300.43132
300.61306
300.87285
301.25615
301.83786
302.70557
303.89361
305.40073
307.23088
309.32772
311.6229
314.10575
316.8385
319.97422
323.80964
328.90078
336.21268
345.38406
300.03704
300.04711
300.06917
300.10443
300.15608
300.2289
300.32991
300.46984
300.66587
300.94681
301.3628
301.99266
302.9151
304.14553
305.68525
307.53566
309.62627
311.89839
314.35131
317.05239
320.15647
323.9599
329.01638
336.28641
345.40899
300.04319
300.05423
300.07832
300.11664
300.17251
300.251
300.35966
300.51012
300.72118
301.02454
301.47505
302.15392
303.12793
304.39648
305.96467
307.82989
309.91233
312.16164
314.58579
317.25678
320.33094
324.10404
329.12747
336.35729
345.43293
300.04985
300.0619
300.08809
300.12956
300.18979
300.27414
300.39075
300.55221
300.77908
301.1062
301.59297
302.32048
303.34092
304.64561
306.24134
308.11479
310.18649
312.41332
314.81002
317.45247
320.49826
324.24253
329.23435
336.42552
345.45595
300.05705
300.07013
300.09849
300.14321
300.20793
300.29835
300.4232
300.59614
300.8396
301.19186
301.7165
302.49161
303.55387
304.89252
306.51382
308.39103
310.44968
312.65421
315.02471
317.64013
320.659
324.37581
329.33735
336.49128
345.47812
300.06479
300.07894
300.10952
300.15759
300.22693
300.32363
300.45703
300.64193
300.90279
301.2816
301.84549
302.66677
303.7669
305.13669
306.78073
308.65875
310.70279
312.88515
315.23058
317.82035
320.81365
324.50425
329.43674
336.55475
345.49949
300.07307
300.08831
300.12118
300.1727
300.24682
300.34999
300.49226
300.68964
300.9688
301.37553
301.97963
302.84543
303.97996
305.37767
307.04124
308.91792
310.94649
313.10695
315.4283
317.99367
320.96265
324.62821
329.53277
336.61607
345.52013
300.08189
300.09826
300.13349
300.18854
300.26758
300.37745
300.52893
300.73936
301.03778
301.47381
302.11869
303.02714
304.1928
305.61484
307.29475
309.16856
311.18134
313.32033
315.61851
318.16061
321.1064
324.74799
329.62565
336.67538
345.54006
300.09127
300.1088
300.14644
300.20513
300.28923
300.40602
300.56705
300.79112
301.10986
301.5766
302.26224
303.21012
304.40481
305.84942
307.54148
309.41076
311.40772
313.52587
315.80178
318.32163
321.24526
324.86384
329.71556
336.73278
345.55934
300.1012
300.11991
300.16003
300.22247
300.31178
300.43571
300.60666
300.84495
301.18509
301.68386
302.40954
303.39286
304.61556
306.08237
307.78216
309.64488
311.62602
313.72403
315.9786
318.47715
321.37955
324.97602
329.80268
336.78839
345.57798
300.1117
300.13162
300.17429
300.24056
300.33523
300.46654
300.64778
300.90092
301.26357
301.79542
302.56001
303.5755
304.82483
306.31264
308.01712
309.87147
311.83667
313.91526
316.14939
318.62755
321.50958
325.08477
329.88719
336.84232
345.59605
300.12276
300.14393
300.18919
300.25941
300.3596
300.49852
300.69045
300.95914
301.34536
301.91102
302.71322
303.75827
305.03237
306.5393
308.24636
310.09105
312.04019
314.09996
316.31451
318.77316
321.63563
325.19031
329.96926
336.89467
345.61358
300.13438
300.15683
300.20476
300.27902
300.3849
300.53169
300.73473
301.01971
301.43054
302.03044
302.86882
303.94114
305.23788
306.76177
308.46979
310.304
312.23706
314.27856
316.47433
318.91427
321.75796
325.29283
330.04903
336.94555
345.63059
300.14658
300.17033
300.221
300.29941
300.41113
300.56605
300.78064
301.0827
301.51922
302.15354
303.02644
304.12396
305.44109
306.97971
308.68737
310.51062
312.42773
314.45148
316.62917
319.05116
321.87678
325.39252
330.12664
336.99503
345.64712
300.15935
300.18443
300.2379
300.32057
300.4383
300.60163
300.82821
301.14818
301.61155
302.28029
303.18582
304.30643
305.64168
307.19278
308.89907
310.71116
312.61256
314.61909
316.77936
319.18409
321.99229
325.48953
330.2022
337.04318
345.66319
300.1727
300.19914
300.25549
300.34252
300.46643
300.63843
300.87748
301.21624
301.70747
302.41004
303.34494
304.4881
305.84171
307.40162
309.10497
310.90581
312.79186
314.7817
316.92518
319.31328
322.10469
325.584
330.27581
337.09006
345.67882
300.18663
300.21447
300.27375
300.36526
300.49553
300.6765
300.92854
301.28697
301.80678
302.54223
303.50387
304.66891
306.04052
307.60658
309.3054
311.09477
312.96588
314.9396
317.06688
319.43895
322.21413
325.67607
330.34757
337.13574
345.69403
300.20115
300.23041
300.29269
300.3888
300.52562
300.71587
300.98147
301.3604
301.90928
302.67649
303.66287
304.84875
306.23734
307.8077
309.5007
311.27835
313.13488
315.09305
317.20472
319.56132
322.3208
325.76587
330.41758
337.18029
345.70886
300.21625
300.24697
300.31233
300.41315
300.5567
300.75657
301.03632
301.43661
302.01481
302.81258
303.82204
305.02745
306.43163
308.00487
309.69113
311.45686
313.29912
315.24227
317.33889
319.68055
322.42484
325.85353
330.48594
337.22376
345.72331
300.23194
300.26415
300.33266
300.43831
300.5888
300.79862
301.09315
301.51569
302.1233
302.95029
303.98132
305.20479
306.62303
308.19801
309.87688
311.63059
313.45889
315.38749
317.4696
319.79683
322.52639
325.93915
330.55274
337.26622
345.73741
300.24823
300.28197
300.3537
300.4643
300.62193
300.84204
301.15201
301.59766
302.23463
303.08942
304.14059
305.38061
306.81134
308.38707
310.05813
311.79982
313.61442
315.52893
317.59702
319.9103
322.62559
326.02284
330.61804
337.30772
345.75118
300.26512
300.30041
300.37544
300.49113
300.6561
300.88687
301.21297
301.68256
302.34875
303.23004
304.2997
305.55452
306.99627
308.572
310.23502
311.96475
313.76597
315.6668
317.72132
320.02111
322.72254
326.10469
330.68193
337.34828
345.76462
300.28261
300.31949
300.39789
300.51879
300.69133
300.93317
301.27611
301.77032
302.46519
303.37059
304.45833
305.72815
307.17823
308.75281
310.40764
312.12558
313.91373
315.80128
317.84267
320.12938
322.81735
326.18478
330.74444
337.38794
345.77775
300.30071
300.33922
300.42106
300.5473
300.72765
300.98102
301.3415
301.86078
302.5835
303.51098
304.61646
305.90122
307.35752
308.92967
310.57608
312.28247
314.0579
315.93256
317.96121
320.23524
322.91013
326.26319
330.80565
337.42676
345.79059
300.31942
300.35958
300.44496
300.57669
300.7651
301.03046
301.40921
301.95382
302.70338
303.65141
304.77403
306.07317
307.53417
309.1028
310.74053
312.43557
314.19863
316.06079
318.07709
320.3388
323.00096
326.34
330.86561
337.46477
345.80315
300.33874
300.3806
300.46959
300.60696
300.80368
301.08154
301.47928
302.04935
302.82465
303.79199
304.93094
306.24356
307.70811
309.27238
310.90119
312.58504
314.33608
316.18612
318.19044
320.44018
323.08994
326.41529
330.9244
337.50201
345.81545
300.35868
300.40228
300.49496
300.63811
300.84341
301.13428
301.55174
302.14727
302.94722
303.93272
305.08704
306.41212
307.87927
309.43854
311.05823
312.73105
314.47039
316.30868
318.30137
320.53948
323.17716
326.48911
330.98205
337.53852
345.8275
300.37925
300.42462
300.52108
300.67016
300.88432
301.18876
301.62659
302.24749
303.071
304.07357
305.24219
306.57862
308.04756
309.60138
311.21184
312.87379
314.60172
316.42859
318.41
320.6368
323.26268
326.56154
331.03863
337.57434
345.8393
300.40045
300.44763
300.54796
300.70313
300.92646
301.24501
301.70382
302.34989
303.1959
304.21445
305.39631
306.74296
308.21295
309.76099
311.36216
313.0134
314.73021
316.54599
318.51643
320.73221
323.34659
326.63264
331.09417
337.60949
345.85087
300.42229
300.47131
300.5756
300.73704
300.96987
301.30312
301.78342
302.4544
303.32198
304.35529
305.5491
306.90493
308.3754
309.91744
311.50935
313.15003
314.85598
316.66098
318.62075
320.82581
323.42896
326.70246
331.14873
337.64398
345.86222
300.44476
300.49567
300.60401
300.77191
301.01461
301.36315
301.86532
302.56068
303.44804
304.49585
305.70183
307.06481
308.53491
310.07078
311.65349
313.28382
314.97917
316.77366
318.72306
320.91766
323.50984
326.77104
331.20232
337.67785
345.87335
300.46788
300.52072
300.63321
300.80775
301.06071
301.42516
301.94948
302.66838
303.57399
304.63613
305.85431
307.22283
308.69157
310.22107
311.7947
313.41488
315.09988
316.88414
318.82343
321.00784
323.58929
326.83845
331.255
337.71111
345.88428
300.49166
300.54646
300.66321
300.84458
301.10821
301.4892
302.03578
302.77732
303.69998
304.77609
306.00613
307.37902
308.84551
310.36841
311.93307
313.54332
315.21822
316.99251
318.92195
321.09642
323.66738
326.90473
331.3068
337.7438
345.895
300.51609
300.57291
300.69402
300.88243
301.15715
301.55527
302.12415
302.88739
303.82611
304.91566
306.15697
307.53334
308.99687
310.51291
312.06869
313.66924
315.3343
317.09887
319.0187
321.18346
323.74416
326.96992
331.35774
337.77594
345.90554
300.54118
300.60006
300.72564
300.92131
301.20757
301.62338
302.21449
302.99855
303.95243
305.05475
306.30661
307.68569
309.14572
310.65471
312.20168
313.79274
315.4482
317.2033
319.11376
321.26902
323.81968
327.03407
331.40787
337.80754
345.91589
300.56695
300.62793
300.75809
300.96128
301.25953
301.6935
302.30669
303.11075
304.07891
305.19326
306.45489
307.83603
309.29213
310.79391
312.33214
313.91391
315.56001
317.30587
319.20719
321.35318
323.89399
327.09722
331.45722
337.83862
345.92606
300.5934
300.65653
300.7914
301.00236
301.31307
301.76562
302.40068
303.22393
304.20554
305.33113
306.6017
307.98431
309.43615
310.93062
312.46019
314.03284
315.66981
317.40666
319.29906
321.43597
323.96715
327.15939
331.5058
337.8692
345.93606
300.62053
300.68587
300.82558
301.0446
301.36825
301.83972
302.49635
303.338
304.33226
305.46828
306.74696
308.1305
309.57782
311.06493
312.58592
314.14963
315.77768
317.50575
319.38942
321.51747
324.03919
327.22064
331.55366
337.89931
345.9459
300.64836
300.71596
300.86064
301.08802
301.42512
301.91583
302.59365
303.453
304.45901
305.60453
306.89054
308.27457
309.7172
311.19692
312.70943
314.26437
315.8837
317.60319
319.47834
321.59771
324.11015
327.28099
331.6008
337.92895
345.95557
300.6769
300.7468
300.8966
301.13265
301.48374
301.99391
302.69236
303.56805
304.58562
305.74076
307.03263
308.41652
309.8543
311.32666
312.8308
314.37714
315.98794
317.69904
319.56588
321.67674
324.18008
327.34047
331.64726
337.95814
345.96509
300.70615
300.77842
300.93348
301.17854
301.54413
302.0739
302.79226
303.68305
304.71207
305.87691
307.17339
308.55639
309.98915
311.4542
312.95011
314.48801
316.09047
317.79338
319.65207
321.7546
324.249
327.3991
331.69306
337.9869
345.97447
300.73612
300.81081
300.9713
301.22573
301.6063
302.15571
302.89321
303.79812
304.83835
306.01268
307.31286
308.69428
310.12182
311.57962
313.06743
314.59706
316.19135
317.88625
319.73697
321.83134
324.31695
327.45692
331.73821
338.01524
345.98369
300.76683
300.84401
301.0101
301.27426
301.67026
302.23925
302.99515
303.91333
304.96442
306.14783
307.451
308.83026
310.25237
311.70296
313.18282
314.70435
316.29065
317.97771
319.82063
321.907
324.38397
327.51396
331.78276
338.04318
345.99278
300.79828
300.87801
301.04991
301.32417
301.73599
302.32444
303.09803
304.02875
305.09021
306.28221
307.58777
308.9644
310.38089
311.8243
313.29634
314.80994
316.38843
318.06781
319.9031
321.9816
324.45008
327.57024
331.8267
338.07072
346.00174
300.83049
300.91286
301.09076
301.37551
301.80348
302.4112
303.2018
304.14438
305.21568
306.41569
307.72311
309.09673
310.50745
311.94371
313.40807
314.9139
316.48474
318.15661
319.98441
322.0552
324.51533
327.62579
331.87007
338.09789
346.01057
300.86348
300.94856
301.13268
301.42832
301.87272
302.49945
303.30643
304.2602
305.34075
306.54817
307.85698
309.2273
310.63212
312.06127
313.51806
315.01629
316.57965
318.24415
320.06459
322.12782
324.57972
327.68063
331.91289
338.1247
346.01927
300.89725
300.98513
301.1757
301.48264
301.94373
302.58915
303.41185
304.37619
305.46539
306.67959
307.98935
309.35612
310.75496
312.17703
313.62638
315.11712
316.67309
318.33049
320.14385
322.19955
324.64331
327.73478
331.95516
338.15115
346.02785
300.93184
301.02258
301.21985
301.5385
302.01648
302.68022
303.51801
304.4923
305.58955
306.8099
308.12021
309.48323
310.87603
312.29108
313.73306
315.21639
316.76505
318.41555
320.22222
322.27067
324.70627
327.78833
331.99694
338.17729
346.03632
300.96724
301.06095
301.26516
301.59594
302.09098
302.77263
303.62489
304.60849
305.71315
306.93904
308.24954
309.60866
310.99539
312.40345
313.83814
315.31415
316.85565
318.49943
320.29965
322.34108
324.76867
327.84139
332.03833
338.20318
346.04471
301.00347
301.10025
301.31168
301.65499
302.16719
302.86629
303.73219
304.72469
305.83642
307.06704
308.37733
309.73243
311.11307
312.51419
313.94167
315.41047
316.94496
318.5822
320.37614
322.41074
324.83048
327.89399
332.07936
338.22886
346.05304
301.04057
301.14051
301.35943
301.71565
302.24506
302.96106
303.83953
304.8408
305.9597
307.19401
308.5036
309.85454
311.22912
312.62335
314.04371
315.50542
317.03305
318.66391
320.45171
322.47962
324.89167
327.94611
332.12006
338.25433
346.0613
301.07854
301.18177
301.40847
301.77794
302.32453
303.05681
303.94693
304.95684
306.08283
307.32005
308.62839
309.97503
311.34356
312.73097
314.1443
315.59906
317.11999
318.74461
320.52637
322.54774
324.95225
327.99776
332.16041
338.27959
346.06948
301.11742
301.22406
301.45883
301.84186
302.40553
303.15346
304.05447
305.07278
306.20563
307.44514
308.75175
310.09393
311.45642
312.83709
314.2435
315.69144
317.20582
318.82432
320.60017
322.6151
325.0122
328.0489
332.20039
338.30462
346.07759
301.15724
301.26742
301.51055
301.9074
302.48798
303.25094
304.16222
305.18859
306.32795
307.56925
308.87374
310.21128
311.56774
312.94176
314.34138
315.78263
317.29057
318.90306
320.67309
322.68171
325.07152
328.09954
332.23997
338.32939
346.0856
301.19802
301.31187
301.56367
301.97456
302.57183
303.34923
304.27018
305.30423
306.44971
307.69237
308.99438
310.32713
311.67757
313.04501
314.4379
315.87252
317.37429
318.98103
320.74528
322.74763
325.13023
328.14967
332.27915
338.35389
346.09353
301.23979
301.35746
301.61822
302.04334
302.65703
303.44827
304.37836
305.41967
306.57082
307.81444
309.1137
310.44154
311.78595
313.14688
314.53311
315.96122
317.45702
319.0582
320.81676
322.81292
325.18837
328.1993
332.31794
338.37814
346.10137
301.28258
301.40421
301.67424
302.11375
302.74351
303.54804
304.48674
305.53487
306.69122
307.93544
309.23172
310.55454
311.89292
313.24738
314.62705
316.04879
317.53879
319.13455
320.88752
322.87757
325.24597
328.24847
332.35636
338.40215
346.10912
301.32642
301.45215
301.73174
302.18575
302.83125
303.6485
304.59532
305.6498
306.81087
308.05536
309.34846
310.66618
311.99852
313.34657
314.71979
316.13531
317.61964
319.21008
320.95757
322.94161
325.30302
328.29718
332.39443
338.42592
346.1168
301.37133
301.50132
301.79076
302.25936
302.92021
303.7496
304.70405
305.76442
306.92974
308.17418
309.46393
310.77647
312.10279
313.44449
314.81138
316.22082
317.69959
319.28481
321.0269
323.00502
325.35955
328.34546
332.43215
338.44948
346.1244
301.41736
301.55176
301.85132
302.33453
303.01033
303.85131
304.8129
305.87871
307.0478
308.2919
309.57815
310.88546
312.20576
313.5412
314.90186
316.30535
317.77868
319.35875
321.09554
323.06782
325.41556
328.3933
332.46954
338.47282
346.13193
301.46453
301.6035
301.91343
302.41126
303.10159
303.95357
304.92186
305.99264
307.16502
308.4085
309.69113
310.99318
312.30749
313.63674
314.99128
316.38893
317.85692
319.43194
321.16349
323.13001
325.47104
328.44071
332.50658
338.49594
346.13939
301.51289
301.65658
301.97711
302.48951
303.19395
304.05637
305.03088
306.10617
307.28139
308.52398
309.80288
311.09965
312.40801
313.73114
315.07967
316.47161
317.93435
319.50439
321.23078
323.19162
325.52601
328.48769
332.54329
338.51884
346.14677
301.56247
301.71106
302.04238
302.56927
303.28735
304.15959
305.13992
306.21936
307.39691
308.63836
309.91343
311.2049
312.50736
313.82446
315.16709
316.55339
318.01096
319.5761
321.29741
323.25263
325.58048
328.53425
332.57967
338.54152
346.15407
301.61333
301.76695
302.10924
302.65049
303.38169
304.26292
305.24892
306.33249
307.51166
308.75163
310.02279
311.30897
312.60557
313.91668
315.25343
316.63433
318.08695
319.64717
321.36343
323.31309
325.63445
328.58038
332.61571
338.56398
346.1613
301.6655
301.82431
302.17771
302.73313
303.47688
304.36638
305.35787
306.44546
307.62568
308.86382
310.13097
311.41188
312.70266
314.00781
315.33877
316.71443
318.16225
319.71764
321.42889
323.37303
325.68795
328.6261
332.65142
338.58623
346.16845
301.71903
301.88317
302.24777
302.81713
303.57285
304.47001
305.46677
306.55817
307.739
308.97497
310.238
311.51364
312.79863
314.0979
315.42318
316.79374
318.23687
319.7875
321.4938
323.43248
325.74101
328.67145
332.68684
338.60828
346.17554
301.77396
301.94356
302.31944
302.90245
303.66955
304.57384
305.5756
306.67053
307.8516
309.08511
310.3439
311.61427
312.89353
314.187
315.50671
316.87227
318.31079
319.85674
321.55816
323.49144
325.79365
328.71643
332.72197
338.63015
346.18257
301.83035
302.00551
302.3927
302.98903
303.76695
304.67789
305.68434
306.78248
307.96346
309.19428
310.44871
311.7138
312.98739
314.27514
315.5894
316.95005
318.38403
319.92537
321.62198
323.54992
325.84586
328.76107
332.75683
338.65185
346.18954
301.88822
302.06906
302.46754
303.07684
303.86502
304.78215
305.79296
306.89397
308.07458
309.30248
310.55246
311.81227
313.08023
314.36236
315.67126
317.0271
318.45661
319.9934
321.68526
323.60792
325.89767
328.80537
332.79143
338.67339
346.19646
301.94762
302.13422
302.54395
303.16584
303.96373
304.88662
305.90145
307.00497
308.18492
309.40972
310.65516
311.90969
313.1721
314.4487
315.75234
317.10344
318.52854
320.06085
321.74801
323.66546
325.94908
328.84933
332.82577
338.69476
346.20332
302.00859
302.20102
302.62193
303.25598
304.06304
304.99129
306.00979
307.11545
308.29449
309.51603
310.75686
312.00611
313.26302
314.53417
315.83265
317.17908
318.59984
320.12773
321.81025
323.72253
326.00009
328.89296
332.85986
338.71597
346.21013
302.07116
302.26948
302.70145
303.34723
304.16293
305.09615
306.11795
307.22539
308.40327
309.62142
310.85757
312.10156
313.35303
314.61882
315.91222
317.25405
318.67052
320.19403
321.87197
323.77915
326.0507
328.93627
332.89369
338.73702
346.21688
302.13537
302.33962
302.78251
303.43955
304.26337
305.20117
306.22593
307.33478
308.51126
309.72589
310.95733
312.19607
313.44213
314.7026
315.99106
317.32844
318.74063
320.25981
321.9332
323.83532
326.10093
328.97924
332.92727
338.7579
346.22357
302.20126
302.41145
302.86507
303.53291
304.36434
305.30634
306.33371
307.44361
308.61846
309.82946
311.05615
312.28965
313.53031
314.7855
316.06921
317.40229
318.81022
320.32509
321.99397
323.89108
326.15078
329.0219
332.96059
338.77861
346.23021
302.26884
302.48499
302.94912
303.62726
304.46579
305.41164
306.44128
307.55186
308.72488
309.93214
311.15405
312.38231
313.61761
314.8676
316.14668
317.47556
318.8793
320.3899
322.0543
323.94643
326.20028
329.06425
332.99367
338.79917
346.23679
302.33815
302.56024
303.03464
303.72258
304.56769
305.51705
306.54862
307.65954
308.83051
310.03395
311.25106
312.47408
313.70406
314.94895
316.22348
317.54825
318.94786
320.45424
322.11421
324.0014
326.24943
329.10632
333.02653
338.81959
346.24333
302.40923
302.63721
303.1216
303.81883
304.67003
305.62255
306.65573
307.76665
308.93536
310.1349
311.34718
312.56499
313.7897
315.02957
316.29965
317.62036
319.0159
320.51811
322.1737
324.056
326.29826
329.1481
333.05917
338.83987
346.24982
302.48208
302.7159
303.20997
303.91597
304.77277
305.72812
306.7626
307.87318
309.03945
310.235
311.44244
312.65506
313.87457
315.1095
316.3752
317.6919
319.08343
320.58153
322.23277
324.11022
326.34677
329.18962
333.09161
338.86003
346.25627
302.55675
302.79631
303.29972
304.01396
304.87588
305.83375
306.86922
307.97913
309.14277
310.33426
311.53685
312.74431
313.95868
315.18876
316.45014
317.7629
319.15046
320.64449
322.29144
324.16409
326.39496
329.23089
333.12385
338.88006
346.26268
302.63323
302.87843
303.39081
304.11276
304.97934
305.93943
306.97559
308.08453
309.24535
310.4327
311.63044
312.83277
314.04207
315.26736
316.5245
317.83335
319.217
320.707
322.3497
324.21759
326.44285
329.27189
333.1559
338.89997
346.26904
302.71156
302.96227
303.48322
304.21234
305.08312
306.04513
307.08171
308.18936
309.34719
310.53034
311.72323
312.92048
314.12477
315.34534
316.59828
317.90328
319.28306
320.76908
322.40757
324.27075
326.49043
329.31265
333.18775
338.91976
346.27537
302.79174
303.0478
303.57691
304.31266
305.18719
306.15086
307.18756
308.29363
309.4483
310.6272
311.81523
313.00744
314.20676
315.42271
316.67152
317.97271
319.34865
320.83073
322.46504
324.32355
326.53772
329.35316
333.21941
338.93943
346.28166
302.87377
303.13501
303.67183
304.41368
305.29153
306.25658
307.29316
308.39736
309.54871
310.72328
311.90646
313.09363
314.28799
315.49949
316.74435
318.04169
319.41381
320.89197
322.52214
324.37602
326.58471
329.39342
333.25088
338.95897
346.2879
302.95767
303.22389
303.76796
304.51536
305.39613
306.3623
307.39849
308.50056
309.64842
310.81862
311.99693
313.17906
314.36852
315.57569
316.8167
318.11024
319.47857
320.95284
322.5789
324.42817
326.63141
329.43343
333.28216
338.97839
346.29411
303.04341
303.3144
303.86525
304.61768
305.50095
306.468
307.50356
308.60324
309.74746
310.91321
312.08665
313.26377
314.4484
315.65133
316.88856
318.17837
319.54292
321.01332
322.63528
324.48
326.67789
329.47325
333.31328
338.99772
346.30028
303.13101
303.40652
303.96367
304.7206
305.60599
306.57368
307.60838
308.7054
309.84583
311.00708
312.17564
313.34778
314.52766
315.72644
316.95994
318.24605
319.60688
321.07344
322.69131
324.53155
326.72416
329.5129
333.34427
339.01696
346.30642
303.22043
303.50023
304.06316
304.82408
305.71122
306.67932
307.71293
308.80707
309.94356
311.10024
312.26391
313.43113
314.60633
315.80101
317.03084
318.31329
319.67043
321.13318
322.74702
324.58281
326.77021
329.55238
333.37514
339.03615
346.31255
303.31167
303.59548
304.1637
304.9281
305.81662
306.78493
307.81723
308.90825
310.04065
311.19271
312.3515
313.51383
314.68443
315.87507
317.10126
318.3801
319.7336
321.19258
322.80241
324.6338
326.81602
329.59169
333.4059
339.05526
346.31866
303.40469
303.69223
304.26524
305.03262
305.9222
306.89049
307.92128
309.00895
310.13712
311.2845
312.43842
313.59592
314.76197
315.94862
317.17122
318.44649
319.79638
321.25162
322.85749
324.68452
326.86161
329.63083
333.43653
339.07431
346.32474
303.49947
303.79046
304.36773
305.13762
306.02792
306.996
308.02507
309.10918
310.23299
311.37564
312.52469
313.67741
314.83897
316.02169
317.24073
318.51247
319.85878
321.31033
322.91227
324.73497
326.90697
329.66978
333.46702
339.09327
346.3308
303.59597
303.89011
304.47114
305.24306
306.13379
307.10147
308.12861
309.20896
310.32827
311.46613
312.61033
313.7583
314.91545
316.09431
317.30981
318.57804
319.92081
321.36871
322.96675
324.78515
326.9521
329.70854
333.49738
339.11215
346.33683
303.69416
303.99114
304.57542
305.34894
306.23979
307.20688
308.23191
309.30829
310.42298
311.55601
312.69532
313.83851
314.99143
316.16657
317.37851
318.64325
319.9825
321.42676
323.02094
324.83508
326.99701
329.74712
333.5276
339.13094
346.34283
303.79397
304.0935
304.68055
305.45521
306.3459
307.31222
308.33497
309.4072
310.51714
311.64527
312.77967
313.91813
315.06692
316.23845
317.44686
318.70812
320.04386
321.48451
323.07485
324.88475
327.0417
329.78552
333.55767
339.14964
346.3488
303.89536
304.19713
304.78647
305.56186
306.45214
307.41753
308.43778
309.50567
310.61075
311.73392
312.8634
313.99718
315.14194
316.30992
317.51484
318.77265
320.10492
321.54197
323.12849
324.93418
327.08618
329.82374
333.58761
339.16826
346.35474
303.99828
304.30199
304.89315
305.66887
306.55848
307.52268
308.54035
309.60384
310.70385
311.82198
312.94654
314.07571
315.2165
316.38097
317.58246
318.83685
320.16567
321.59916
323.18188
324.98339
327.13045
329.86179
333.61742
339.18679
346.36065
304.10266
304.40802
305.00054
305.77621
306.66485
307.62751
308.64265
309.70189
310.79653
311.90947
313.02912
314.15374
315.29061
316.45162
317.64971
318.90072
320.22612
321.65607
323.23503
325.03237
327.17453
329.89968
333.64711
339.20525
346.36654
304.20845
304.51517
305.10862
305.88384
306.77122
307.73206
308.74472
309.79976
310.88884
311.99644
313.11115
314.23128
315.36429
316.52187
317.7166
318.96427
320.28628
321.71272
323.28793
325.08114
327.21842
329.93741
333.67668
339.22364
346.37241
304.31558
304.62337
305.21732
305.99173
306.87757
307.8364
308.84656
309.89741
310.9808
312.08293
313.19268
314.30835
315.43755
316.59174
317.78314
319.0275
320.34614
321.7691
323.3406
325.1297
327.26213
329.97499
333.70614
339.24197
346.37826
304.42399
304.73256
305.3266
306.09985
306.9839
307.94058
308.94817
309.99479
311.07241
312.16897
313.27374
314.38498
315.51039
316.66123
317.84934
319.09041
320.40573
321.82523
323.39304
325.17805
327.30566
330.01243
333.73549
339.26024
346.38408
304.53361
304.8427
305.43642
306.20818
307.09021
308.0446
309.04954
310.0919
311.16368
312.25457
313.35425
314.46118
315.58295
316.7304
317.91521
319.15302
320.46504
321.8811
323.44525
325.2262
327.34902
330.04973
333.76474
339.27844
346.38989
304.64436
304.9537
305.54675
306.3167
307.19653
308.1485
309.15075
310.18873
311.25455
312.33969
313.43424
314.53697
315.65521
316.79927
317.9808
319.21536
320.52408
321.93674
323.49724
325.27416
327.39221
330.08689
333.79389
339.29659
346.39568
304.75618
305.06552
305.65753
306.42541
307.30283
308.25223
309.25144
310.28525
311.3454
312.42446
313.51378
314.61237
315.72714
316.86784
318.04611
319.27743
320.58288
321.99215
323.54902
325.32193
327.43524
330.12391
333.82294
339.31467
346.40145
304.86898
305.17809
305.76874
306.53427
307.40911
308.35571
309.35164
310.38147
311.43619
312.50899
313.59296
314.68741
315.79874
316.93613
318.11115
319.33925
320.64145
322.04734
323.60061
325.36952
327.47811
330.16081
333.8519
339.3327
346.4072
304.9827
305.29135
305.88033
306.64328
307.51533
308.45895
309.45147
310.47745
311.52686
312.59329
313.67177
314.76205
315.86999
317.00411
318.17592
319.40083
320.69979
322.10232
323.65201
325.41694
327.52083
330.19759
333.88076
339.35068
346.41293
305.09727
305.40523
305.99226
306.75241
307.62147
308.56194
309.55089
310.57276
311.61716
312.67757
313.75052
314.83667
315.94104
317.07183
318.24043
319.46217
320.75791
322.15711
323.70322
325.46419
327.56341
330.23425
333.90954
339.3686
346.41865
305.2126
305.51968
306.1045
306.86163
307.72753
308.66466
309.64986
310.66739
311.7068
312.76173
313.82953
314.91137
316.012
317.13938
318.30474
319.52329
320.81583
322.2117
323.75426
325.51129
327.60585
330.27079
333.93824
339.38648
346.42435
305.32862
305.63464
306.21702
306.97092
307.83348
308.76709
309.74835
310.76142
311.79589
312.84569
313.90865
314.98617
316.08295
317.20684
318.36891
319.58425
320.87357
322.26612
323.80514
325.55824
327.64817
330.30724
333.96686
339.40433
346.43005
305.44527
305.75006
306.32977
307.08026
307.9393
308.86922
309.84638
310.85492
311.88454
312.92944
313.98773
315.06098
316.15391
317.27425
318.43298
319.64509
320.93118
322.3204
323.85588
325.60507
327.69038
330.3436
333.99543
339.42214
346.43573
305.56246
305.86587
306.44271
307.18962
308.04497
308.97103
309.94399
310.94796
311.97281
313.01296
314.06672
315.13577
316.22484
317.34162
318.49699
319.70584
320.98869
322.37458
323.90652
325.6518
327.7325
330.37989
334.02396
339.43995
346.44142
305.68013
305.98201
306.55581
307.29898
308.15047
309.07253
310.04119
311.04059
312.06074
313.09625
314.14558
315.2105
316.29575
317.40896
318.56095
319.76654
321.04613
322.42868
323.95709
325.69846
327.77456
330.41614
334.05247
339.45775
346.44711
305.79821
306.09844
306.66904
307.40832
308.25581
309.17373
310.13802
311.13285
312.14836
313.17931
314.2243
315.28514
316.3666
317.47626
318.62488
319.82719
321.10352
322.48274
324.0076
325.74508
327.81659
330.45237
334.08098
339.47558
346.4528
305.91663
306.2151
306.78234
307.5176
308.36096
309.27465
310.23451
311.22477
312.23568
313.26214
314.30285
315.35968
316.43739
317.54352
318.68877
319.88781
321.16088
322.53676
324.05809
325.79168
327.85861
330.48861
334.10952
339.49344
346.45852
306.03534
306.33194
306.8957
307.62682
308.46592
309.37528
310.33066
311.31635
312.32271
313.34476
314.38125
315.43412
316.50811
317.61073
318.75264
319.94841
321.21823
322.59077
324.10858
325.83828
327.90064
330.52488
334.13812
339.51137
346.46426
306.15425
306.4489
307.00908
307.73596
308.5707
309.47563
310.4265
311.40764
312.40948
313.42715
314.45949
315.50844
316.57875
317.6779
318.81647
320.00899
321.27557
322.64479
324.15907
325.8849
327.94271
330.56121
334.16678
339.52936
346.47003
306.27332
306.56594
307.12245
307.845
308.67528
309.57573
310.52205
311.49863
312.49599
313.50934
314.53757
315.58265
316.64932
317.74501
318.88027
320.06956
321.3329
322.69881
324.20959
325.93155
327.98483
330.59761
334.19554
339.54744
346.47583
306.39249
306.68302
307.23578
307.95391
308.77967
309.67556
310.61731
311.58934
312.58225
313.59132
314.61549
315.65675
316.71981
317.81208
318.94404
320.13012
321.39025
322.75285
324.26014
325.97825
328.02701
330.63409
334.22439
339.56561
346.48168
306.51171
306.8001
307.34903
308.0627
308.88385
309.77514
310.71229
311.67978
312.66828
313.67311
314.69326
315.73073
316.79022
317.87909
319.00779
320.19067
321.4476
322.80692
324.31073
326.02501
328.06927
330.67066
334.25335
339.58387
346.48755
306.63091
306.91712
307.46219
308.17134
308.98783
309.87447
310.80701
311.76997
312.75407
313.75471
314.77088
315.80461
316.86055
317.94606
319.07152
320.25121
321.50497
322.86102
324.36136
326.07182
328.1116
330.70733
334.28241
339.60224
346.49347
306.75007
307.03407
307.57524
308.27982
309.09161
309.97356
310.90147
311.85991
312.83965
313.83612
314.84836
315.87837
316.93081
318.01298
319.13522
320.31176
321.56235
322.91516
324.41205
326.1187
328.15401
330.7441
334.31159
339.62069
346.49942
306.86913
307.1509
307.68813
308.38812
309.19517
310.0724
310.99568
311.94961
312.92501
313.91736
314.9257
315.95203
317.001
318.07986
319.1989
320.37231
321.61976
322.96933
324.46279
326.16565
328.19651
330.78097
334.34087
339.63924
346.50541
306.98806
307.26759
307.80087
308.49624
309.29851
310.17101
311.08965
312.03908
313.01017
313.99842
315.0029
316.02559
317.07111
318.14669
319.26257
320.43286
321.67718
323.02355
324.51359
326.21267
328.23909
330.81794
334.37026
339.65789
346.51144
307.10682
307.3841
307.91342
308.60416
309.40164
310.26938
311.18338
312.12833
313.09514
314.07932
315.07997
316.09906
317.14116
318.21349
319.32621
320.49341
321.73464
323.0778
324.56444
326.25976
328.28175
330.85501
334.39976
339.67661
346.5175
307.22538
307.5004
308.02576
308.71186
309.50454
310.36752
311.27688
312.21736
313.17991
314.16007
315.15692
316.17243
317.21115
318.28024
319.38985
320.55398
321.79212
323.1321
324.61536
326.30692
328.3245
330.89217
334.42935
339.69543
346.52359
307.34369
307.61647
308.13788
308.81935
309.60721
310.46542
311.37014
312.30618
313.26449
314.24065
315.23374
316.24571
317.28108
318.34697
319.45348
320.61456
321.84963
323.18645
324.66633
326.35416
328.36733
330.92943
334.45905
339.71432
346.52972
307.46175
307.73229
308.24976
308.92659
309.70964
310.56308
311.46319
312.39479
313.3489
314.32109
315.31045
316.3189
317.35095
318.41366
319.5171
320.67515
321.90717
323.24084
324.71737
326.40146
328.41024
330.96678
334.48883
339.73329
346.53587
307.57952
307.84784
308.36138
309.0336
309.81184
310.66052
311.55601
312.4832
313.43313
314.40139
315.38705
316.39202
317.42077
318.48033
319.58071
320.73575
321.96475
323.29528
324.76846
326.44884
328.45323
331.00421
334.5187
339.75234
346.54205
307.69697
307.96309
308.47274
309.14035
309.91379
310.75772
311.64861
312.57142
313.5172
314.48155
315.46354
316.46505
317.49053
318.54697
319.64432
320.79638
322.02236
323.34977
324.81961
326.49628
328.4963
331.04173
334.54866
339.77145
346.54827
307.81409
308.07802
308.58381
309.24684
310.01549
310.85468
311.741
312.65944
313.6011
314.56157
315.53992
316.53802
317.56025
318.61359
319.70793
320.85701
322.08
323.40431
324.87083
326.54379
328.53944
331.07933
334.5787
339.79064
346.5545
307.93086
308.19263
308.69458
309.35305
310.11694
310.95141
311.83317
312.74727
313.68484
314.64147
315.61621
316.61091
317.62993
318.68018
319.77154
320.91767
322.13768
323.4589
324.9221
326.59137
328.58266
331.11701
334.60882
339.80989
346.56077
308.04726
308.30689
308.80503
309.45899
310.21814
311.04791
311.92513
312.83492
313.76842
314.72124
315.6924
316.68373
317.69956
318.74676
319.83515
320.97835
322.19539
323.51353
324.97343
326.63902
328.62595
331.15476
334.63902
339.8292
346.56705
308.16327
308.4208
308.91517
309.56463
310.31907
311.14417
312.01688
312.92239
313.85185
314.80088
315.7685
316.75649
317.76916
318.81333
319.89877
321.03905
322.25314
323.56821
325.02482
326.68673
328.66931
331.19259
334.66929
339.84858
346.57337
308.27889
308.53433
309.02498
309.66999
310.41974
311.24019
312.10842
313.00967
313.93513
314.88041
315.84451
316.82919
317.83872
318.87988
319.9624
321.09978
322.31093
323.62294
325.07627
326.7345
328.71274
331.2305
334.69963
339.86801
346.5797
308.39409
308.64747
309.13444
309.77504
310.52015
311.33598
312.19976
313.09678
314.01827
314.95983
315.92043
316.90183
317.90824
318.94642
320.02603
321.16053
322.36875
323.67772
325.12777
326.78233
328.75623
331.26847
334.73004
339.88751
346.58606
308.50887
308.76023
309.24355
309.87978
310.62028
311.43153
312.29089
313.18372
314.10127
315.03913
315.99627
316.97441
317.97774
319.01295
320.08966
321.2213
322.42661
323.73255
325.17932
326.83023
328.79979
331.30651
334.76052
339.90706
346.59244
308.62321
308.87257
309.35231
309.98421
310.72014
311.52683
312.38181
313.27048
314.18412
315.11832
316.07203
317.04694
318.0472
319.07946
320.15331
321.28209
322.48451
323.78742
325.23093
326.87819
328.84342
331.34462
334.79107
339.92666
346.59885
308.73711
308.98451
309.4607
310.08832
310.81971
311.6219
312.47252
313.35707
314.26683
315.1974
316.14771
317.11942
318.11663
319.14598
320.21697
321.34291
322.54244
323.84233
325.2826
326.9262
328.8871
331.38279
334.82167
339.94632
346.60527
308.85056
309.09602
309.56872
310.1921
310.91901
311.71673
312.56304
313.44349
314.34941
315.27638
316.22332
317.19185
318.18604
319.21248
320.28064
321.40376
322.60041
323.8973
325.33431
326.97427
328.93085
331.42102
334.85234
339.96603
346.61171
308.96356
309.20711
309.67636
310.29556
311.01803
311.81132
312.65334
313.52975
314.43185
315.35526
316.29885
317.26423
318.25542
319.27898
320.34432
321.46462
322.65842
323.9523
325.38608
327.02239
328.97465
331.45932
334.88308
339.98578
346.61818
309.07608
309.31777
309.78361
310.39869
311.11676
311.90566
312.74345
313.61583
314.51416
315.43403
316.37431
317.33656
318.32478
319.34547
320.408
321.52552
322.71646
324.00735
325.43789
327.07057
329.01851
331.49767
334.91386
340.00559
346.62466
309.18815
309.42799
309.89048
310.50148
311.2152
311.99976
312.83335
313.70175
314.59634
315.5127
316.44969
317.40884
318.39412
319.41196
320.4717
321.58643
322.77453
324.06245
325.48976
327.1188
329.06242
331.53608
334.94471
340.02545
346.63117
309.29973
309.53776
309.99696
310.60393
311.31336
312.09361
312.92305
313.78751
314.67839
315.59128
316.52501
317.48108
318.46342
319.47844
320.53541
321.64737
322.83264
324.11758
325.54167
327.16708
329.10639
331.57455
334.97561
340.04535
346.63769
309.41085
309.64709
310.10304
310.70603
311.41122
312.18722
313.01254
313.87309
314.7603
315.66976
316.60026
317.55328
318.53271
319.54492
320.59913
321.70834
322.89078
324.17275
325.59362
327.21541
329.15041
331.61307
335.00657
340.0653
346.64423
309.52148
309.75597
310.20872
310.8078
311.50879
312.28058
313.10183
313.95852
314.84209
315.74813
316.67543
317.62543
318.60197
319.61139
320.66286
321.76932
322.94895
324.22796
325.64562
327.26379
329.19448
331.65164
335.03757
340.08529
346.65079
309.63163
309.8644
310.314
310.90921
311.60606
312.3737
313.19092
314.04378
314.92375
315.82642
316.75054
317.69754
318.67121
319.67785
320.7266
321.83033
323.00715
324.28321
325.69767
327.31221
329.2386
331.69026
335.06863
340.10533
346.65736
309.74129
309.97238
310.41887
311.01028
311.70304
312.46657
313.2798
314.12888
315.00529
315.9046
316.82558
317.7696
318.74043
319.74432
320.79035
321.89135
323.06538
324.3385
325.74975
327.36068
329.28276
331.72893
335.09973
340.1254
346.66396
309.85048
310.0799
310.52335
311.111
311.79972
312.55919
313.36849
314.21381
315.08669
315.98269
316.90055
317.84162
318.80962
319.81077
320.85411
321.9524
323.12364
324.39382
325.80187
327.40919
329.32697
331.76765
335.13089
340.14552
346.67057
309.95917
310.18697
310.62741
311.21137
311.89611
312.65156
313.45696
314.29858
315.16797
316.06069
316.97546
317.91359
318.87879
319.87722
320.91787
322.01346
323.18192
324.44917
325.85403
327.45774
329.37123
331.80641
335.16208
340.16567
346.67719
310.06738
310.29357
310.73107
311.31138
311.9922
312.74369
313.54524
314.38319
315.24912
316.13859
317.05029
317.98552
318.94794
319.94366
320.98164
322.07454
323.24023
324.50455
325.90623
327.50633
329.41552
331.84521
335.19332
340.18587
346.68383
310.17511
310.39973
310.83432
311.41105
312.08798
312.83556
313.63331
314.46764
315.33014
316.21639
317.12506
318.05741
319.01706
320.01009
321.04541
322.13563
323.29856
324.55997
325.95845
327.55496
329.45985
331.88406
335.2246
340.20609
346.69049
310.28235
310.50542
310.93716
311.51036
312.18347
312.92719
313.72118
314.55192
315.41104
316.2941
317.19976
318.12925
319.08615
320.07651
321.10918
322.19674
323.35692
324.6154
326.01071
327.60362
329.50422
331.92294
335.25593
340.22636
346.69716
310.38911
310.61066
311.0396
311.60931
312.27866
313.01857
313.80885
314.63604
315.49181
316.37172
317.27439
318.20104
319.15522
320.14292
321.17296
322.25785
323.41529
324.67087
326.063
327.65231
329.54863
331.96187
335.28728
340.24666
346.70384
310.49538
310.71544
311.14162
311.70791
312.37355
313.1097
313.89631
314.72
315.57245
316.44923
317.34895
318.27279
319.22426
320.20931
321.23674
322.31898
323.47368
324.72636
326.11532
327.70104
329.59306
332.00082
335.31868
340.26698
346.71054
310.60117
310.81977
311.24324
311.80616
312.46814
313.20058
313.98357
314.80379
315.65297
316.52665
317.42344
318.34448
319.29326
320.2757
321.30051
322.38012
323.53209
324.78187
326.16766
327.74979
329.63753
332.03981
335.35011
340.28734
346.71724
310.70649
310.92365
311.34446
311.90406
312.56243
313.29121
314.07062
314.88742
315.73336
316.60398
317.49786
318.41613
319.36224
320.34206
321.36429
322.44126
323.59051
324.8374
326.22003
327.79857
329.68203
332.07883
335.38157
340.30773
346.72397
310.81133
311.02708
311.44526
312.00161
312.65643
313.38159
314.15747
314.97089
315.81362
316.6812
317.57221
318.48773
319.43119
320.40841
321.42805
322.50241
323.64894
324.89294
326.27242
327.84737
329.72655
332.11788
335.41306
340.32815
346.7307
310.91569
311.13006
311.54567
312.0988
312.75012
313.47173
314.24412
315.05419
315.89375
316.75833
317.64649
318.55928
319.5001
320.47475
321.49181
322.56356
323.70738
324.94851
326.32483
327.8962
329.7711
332.15696
335.44458
340.34859
346.73744
311.01958
311.23259
311.64567
312.19565
312.84352
313.56161
314.33056
315.13734
315.97375
316.83536
317.72069
318.63078
319.56898
320.54106
321.55557
322.62471
323.76583
325.00408
326.37725
327.94504
329.81567
332.19606
335.47613
340.36906
346.7442
311.12301
311.33468
311.74528
312.29214
312.93662
313.65125
314.4168
315.22031
316.05362
316.91229
317.79482
318.70222
319.63783
320.60735
321.61931
322.68586
323.82429
325.05967
326.42969
327.9939
329.86026
332.23518
335.5077
340.38955
346.75097
311.22597
311.43633
311.84448
312.38829
313.02942
313.74064
314.50284
315.30312
316.13336
316.98911
317.86887
318.77361
319.70663
320.67361
321.68304
322.747
323.88274
325.11526
326.48214
328.04278
329.90487
332.27432
335.53929
340.41006
346.75774
311.32846
311.53753
311.94329
312.48409
313.12193
313.82979
314.58868
315.38577
316.21298
317.06584
317.94284
318.84494
319.7754
320.73986
321.74675
322.80814
323.9412
325.17086
326.5346
328.09167
329.94949
332.31348
335.57091
340.43059
346.76453
311.4305
311.63831
312.04171
312.57955
313.21415
313.91868
314.67431
315.46826
316.29246
317.14246
318.01674
318.91622
319.84413
320.80607
321.81045
322.86927
323.99966
325.22646
326.58706
328.14057
329.99412
332.35266
335.60254
340.45114
346.77132
311.53208
311.73865
312.13974
312.67466
313.30607
314.00733
314.75973
315.55058
316.37181
317.21898
318.09056
318.98743
319.91281
320.87225
321.87413
322.93039
324.05811
325.28206
326.63953
328.18947
330.03877
332.39185
335.63419
340.47171
346.77812
311.63321
311.83856
312.23737
312.76944
313.3977
314.09574
314.84496
315.63273
316.45102
317.2954
318.16429
319.05859
319.98145
320.93841
321.93778
322.9915
324.11656
325.33766
326.69201
328.23839
330.08342
332.43105
335.66585
340.49229
346.78493
311.7339
311.93805
312.33462
312.86387
313.48904
314.1839
314.92998
315.71472
316.53011
317.37171
318.23795
319.12968
320.05004
321.00452
322.00142
323.05259
324.175
325.39326
326.74448
328.2873
330.12808
332.47026
335.69752
340.51289
346.79174
311.83413
312.03711
312.43149
312.95797
313.58008
314.27182
315.0148
315.79654
316.60906
317.44792
318.31152
319.20071
320.11858
321.07061
322.06503
323.11367
324.23342
325.44885
326.79695
328.33622
330.17274
332.50947
335.72921
340.5335
346.79856
311.93393
312.13576
312.52797
313.05173
313.67085
314.35949
315.09942
315.8782
316.68787
317.52401
318.38501
319.27167
320.18707
321.13665
322.12861
323.17473
324.29184
325.50444
326.84942
328.38513
330.2174
332.54869
335.7609
340.55412
346.80539
312.0333
312.23399
312.62408
313.14516
313.76132
314.44692
315.18384
315.95969
316.76656
317.6
318.45841
319.34257
320.25552
321.20266
322.19216
323.23576
324.35023
325.56001
326.90188
328.43404
330.26207
332.58791
335.7926
340.57475
346.81222
312.13223
312.3318
312.71981
313.23826
313.85151
314.53411
315.26805
316.04101
316.8451
317.67588
318.53173
319.41339
320.3239
321.26863
322.25568
323.29677
324.40861
325.61557
326.95432
328.48294
330.30672
332.62713
335.8243
340.59539
346.81906
312.23073
312.42921
312.81518
313.33103
313.94141
314.62106
315.35207
316.12217
316.92351
317.75166
318.60495
319.48415
320.39224
321.33455
322.31917
323.35775
324.46697
325.67111
327.00676
328.53183
330.35137
332.66635
335.85601
340.61604
346.8259
312.32881
312.52622
312.91017
313.42347
314.03104
314.70777
315.43588
316.20316
317.00179
317.82732
318.67809
319.55483
320.46051
321.40042
322.38262
323.41871
324.52531
325.72663
327.05918
328.58072
330.39602
332.70556
335.88772
340.63669
346.83274
312.42647
312.62283
313.0048
313.51559
314.12038
314.79424
315.51949
316.28399
317.07992
317.90286
318.75114
319.62545
320.52873
321.46625
322.44603
323.47963
324.58361
325.78213
327.11158
328.62958
330.44065
332.74477
335.91942
340.65734
346.83959
312.52372
312.71904
313.09906
313.60739
314.20944
314.88048
315.6029
316.36465
317.15792
317.9783
318.82409
319.69598
320.59688
321.53203
322.5094
323.54052
324.64189
325.83761
327.16397
328.67843
330.48527
332.78397
335.95112
340.678
346.84644
312.62055
312.81486
313.19297
313.69887
314.29823
314.96647
315.68611
316.44514
317.23578
318.05362
318.89695
319.76644
320.66497
321.59775
322.57273
323.60137
324.70014
325.89306
327.21633
328.72726
330.52987
332.82315
335.98282
340.69866
346.85329
312.71698
312.91029
313.28652
313.79003
314.38674
315.05223
315.76913
316.52547
317.3135
318.12882
318.96971
319.83682
320.733
321.66342
322.63601
323.66218
324.75836
325.94848
327.26866
328.77607
330.57446
332.86233
336.01451
340.71932
346.86015
312.81301
313.00533
313.37971
313.88088
314.47498
315.13776
315.85194
316.60562
317.39109
318.20391
319.04238
319.90712
320.80095
321.72904
322.69924
323.72295
324.81654
326.00388
327.32097
328.82486
330.61902
332.90149
336.04618
340.73998
346.867
312.90864
313.1
313.47256
313.97142
314.56295
315.22305
315.93456
316.68561
317.46853
318.27888
319.11495
319.97734
320.86884
321.79459
322.76242
323.78368
324.87469
326.05923
327.37325
328.87362
330.66357
332.94063
336.07785
340.76063
346.87386
313.00387
313.19428
313.56506
314.06165
314.65064
315.30811
316.01697
316.76544
317.54583
318.35374
319.18742
320.04747
320.93666
321.86009
322.82555
323.84437
324.93279
326.11456
327.4255
328.92235
330.70808
332.97975
336.10951
340.78128
346.88071
313.09872
313.2882
313.65722
314.15157
314.73807
315.39294
316.09919
316.84509
317.62299
318.42847
319.25979
320.11752
321.00441
321.92552
322.88863
323.905
324.99085
326.16984
327.47771
328.97105
330.75258
333.01885
336.14115
340.80192
346.88757
313.19318
313.38175
313.74904
314.24119
314.82523
315.47754
316.18121
316.92458
317.70001
318.50308
319.33206
320.18748
321.07208
321.99089
322.95165
323.96559
325.04887
326.22509
327.52989
329.01972
330.79704
333.05792
336.17278
340.82256
346.89442
313.28727
313.47493
313.84053
314.33051
314.91213
315.5619
316.26304
317.0039
317.77688
318.57758
319.40422
320.25735
321.13967
322.05619
323.01461
324.02612
325.10683
326.28029
327.58203
329.06836
330.84148
333.09697
336.20438
340.84319
346.90127
313.38097
313.56775
313.93168
314.41953
314.99876
315.64604
316.34467
317.08305
317.85361
318.65195
319.47629
320.32714
321.20719
322.12143
323.07751
324.0866
325.16475
326.33545
327.63412
329.11696
330.88588
333.136
336.23597
340.86381
346.90813
313.47431
313.66022
314.0225
314.50825
315.08514
315.72996
316.4261
317.16204
317.9302
318.7262
319.54824
320.39683
321.27463
322.18659
323.14035
324.14702
325.22262
326.39055
327.68618
329.16551
330.93024
333.17499
336.26754
340.88442
346.91497
313.56728
313.75233
314.113
314.59668
315.17125
315.81365
316.50734
317.24086
318.00664
318.80032
319.62009
320.46643
321.34198
322.25168
323.20312
324.20739
325.28044
326.44561
327.73819
329.21403
330.97457
333.21395
336.29908
340.90502
346.92182
313.65988
313.8441
314.20318
314.68482
315.25711
315.89711
316.58839
317.31951
318.08294
318.87432
319.69183
320.53593
321.40926
322.3167
323.26583
324.26769
325.33819
326.50062
327.79015
329.2625
331.01886
333.25289
336.3306
340.92561
346.92866
313.75213
313.93552
314.29303
314.77267
315.34271
315.98035
316.66924
317.39799
318.1591
318.94819
319.76346
320.60534
321.47644
322.38164
323.32846
324.32793
325.3959
326.55558
327.84206
329.31093
331.06311
333.29178
336.3621
340.94618
346.93551
313.84402
314.02659
314.38257
314.86023
315.42806
316.06337
316.7499
317.4763
318.23511
319.02194
319.83498
320.67465
321.54354
322.4465
323.39103
324.3881
325.45354
326.61048
327.89392
329.35931
331.10732
333.33064
336.39356
340.96674
346.94234
313.93556
314.11733
314.47179
314.94752
315.51315
316.14616
316.83036
317.55445
318.31097
319.09556
319.90638
320.74386
321.61055
322.51128
323.45352
324.44821
325.51111
326.66532
327.94573
329.40765
331.15149
333.36947
336.425
340.98728
346.94917
314.02676
314.20774
314.56071
315.03452
315.598
316.22874
316.91063
317.63243
318.38669
319.16905
319.97768
320.81297
321.67748
322.57598
323.51594
324.50825
325.56863
326.7201
327.99748
329.45593
331.1956
333.40825
336.45641
341.00781
346.956
314.11761
314.29782
314.64932
315.12124
315.6826
316.3111
316.99071
317.71024
318.46226
319.24241
320.04886
320.88198
321.74431
322.6406
323.57828
324.56822
325.62608
326.77482
328.04917
329.50415
331.23967
333.44699
336.48779
341.02832
346.96283
314.20813
314.38757
314.73763
315.20769
315.76695
316.39324
317.0706
317.78788
318.53768
319.31565
320.11992
320.95089
321.81104
322.70513
323.64055
324.62811
325.68346
326.82948
328.10081
329.55233
331.28369
333.48569
336.51914
341.04881
346.96964
314.29831
314.477
314.82563
315.29386
315.85106
316.47516
317.1503
317.86536
318.61296
319.38875
320.19087
321.01969
321.87768
322.76957
323.70273
324.68793
325.74077
326.88407
328.15238
329.60045
331.32766
333.52435
336.55045
341.06928
346.97646
314.38816
314.56611
314.91334
315.37977
315.93492
316.55687
317.22981
317.94267
318.68809
319.46172
320.26171
321.08839
321.94423
322.83393
323.76483
324.74768
325.79801
326.9386
328.20389
329.6485
331.37158
333.56296
336.58172
341.08973
346.98326
314.47768
314.65491
315.00076
315.4654
316.01855
316.63836
317.30913
318.01981
318.76307
319.53456
320.33242
321.15698
322.01068
322.8982
323.82685
324.80734
325.85517
326.99305
328.25534
329.6965
331.41544
333.60152
336.61296
341.11016
346.99007
314.56688
314.74339
315.08788
315.55077
316.10193
316.71965
317.38826
318.09678
318.8379
319.60727
320.40301
321.22546
322.07703
322.96237
323.88878
324.86693
325.91226
327.04744
328.30672
329.74444
331.45925
333.64004
336.64417
341.13056
346.99686
314.65576
314.83157
315.17472
315.63588
316.18508
316.80071
317.4672
318.17359
318.91258
319.67984
320.47349
321.29383
322.14328
323.02646
323.95063
324.92643
325.96928
327.10175
328.35803
329.79232
331.503
333.6785
336.67533
341.15094
347.00365
314.74433
314.91944
315.26127
315.72073
316.26799
316.88157
317.54595
318.25023
318.98711
319.75228
320.54384
321.36209
322.20942
323.09044
324.01239
324.98586
326.02621
327.15599
328.40927
329.84013
331.54669
333.71692
336.70645
341.1713
347.01043
314.83258
315.00701
315.34753
315.80531
316.35067
316.96222
317.62452
318.3267
319.06149
319.82458
320.61407
321.43024
322.27546
323.15434
324.07405
325.04519
326.08307
327.21015
328.46045
329.88787
331.59033
333.75528
336.73754
341.19164
347.0172
314.92053
315.09428
315.43352
315.88964
316.43312
317.04266
317.7029
318.403
319.13573
319.89675
320.68417
321.49827
322.3414
323.21813
324.13563
325.10444
326.13985
327.26424
328.51155
329.93555
331.6339
333.79359
336.76858
341.21195
347.02397
315.00817
315.18126
315.51924
315.97372
316.51533
317.1229
317.7811
318.47914
319.20981
319.96878
320.75416
321.5662
322.40724
323.28183
324.19711
325.16361
326.19654
327.31825
328.56257
329.98316
331.6774
333.83184
336.79957
341.23223
347.03072
315.09551
315.26795
315.60467
316.05754
316.59732
317.20292
317.85911
318.55511
319.28374
320.04068
320.82401
321.634
322.47296
323.34542
324.2585
325.22268
326.25314
327.37218
328.61352
330.0307
331.72085
333.87004
336.83053
341.25249
347.03747
315.18256
315.35435
315.68984
316.14112
316.67908
317.28274
317.93693
318.63092
319.35752
320.11244
320.89375
321.70169
322.53858
323.40892
324.31979
325.28166
326.30966
327.42602
328.6644
330.07816
331.76423
333.90818
336.86144
341.27272
347.04422
315.26931
315.44046
315.77474
316.22444
316.76061
317.36236
318.01457
318.70656
319.43115
320.18406
320.96335
321.76927
322.60409
323.47231
324.38099
325.34055
326.3661
327.47979
328.71519
330.12556
331.80754
333.94627
336.8923
341.29292
347.05095
315.35577
315.52629
315.85938
316.30753
316.84192
317.44178
318.09203
318.78203
319.50463
320.25554
321.03283
321.83672
322.66949
323.53559
324.44209
325.39935
326.42244
327.53347
328.76591
330.17288
331.85079
333.98429
336.92312
341.31309
347.05767
315.44194
315.61184
315.94375
316.39036
316.92301
317.52099
318.1693
318.85733
319.57796
320.32688
321.10218
321.90406
322.73477
323.59878
324.50309
325.45805
326.4787
327.58706
328.81654
330.22012
331.89396
334.02226
336.95389
341.33324
347.06439
315.52782
315.69712
316.02786
316.47296
317.00387
317.6
318.24639
318.93247
319.65114
320.39809
321.1714
321.97127
322.79995
323.66185
324.56398
325.51666
326.53486
327.64057
328.8671
330.26729
331.93707
334.06016
336.98461
341.35335
347.07109
315.61343
315.78212
316.11171
316.55532
317.08452
317.67881
318.3233
319.00745
319.72416
320.46915
321.24049
322.03837
322.86501
323.72482
324.62478
325.57517
326.59093
327.69399
328.91757
330.31439
331.98011
334.098
337.01528
341.37343
347.07779
315.69876
315.86685
316.19531
316.63744
317.16495
317.75742
318.40002
319.08226
319.79704
320.54008
321.30945
322.10534
322.92995
323.78768
324.68547
325.63358
326.64691
327.74732
328.96796
330.3614
332.02307
334.13578
337.0459
341.39348
347.08448
315.78381
315.95132
316.27865
316.71932
317.24516
317.83583
318.47657
319.1569
319.86976
320.61086
321.37828
322.17219
322.99478
323.85043
324.74606
325.6919
326.70279
327.80056
329.01826
330.40833
332.06596
334.1735
337.07647
341.41351
347.09115
315.86859
316.03552
316.36174
316.80097
317.32516
317.91405
318.55294
319.23138
319.94232
320.68151
321.44698
322.23892
323.05949
323.91307
324.80654
325.75011
326.75858
327.85371
329.06847
330.45519
332.10878
334.21115
337.10699
341.43349
347.09782
315.9531
316.11946
316.44459
316.88239
317.40494
317.99207
318.62912
319.30569
320.01474
320.75201
321.51555
322.30552
323.12409
323.9756
324.86692
325.80822
326.81426
327.90676
329.1186
330.50196
332.15152
334.24874
337.13746
341.45345
347.10448
316.03734
316.20314
316.52719
316.96358
317.48451
318.0699
318.70513
319.37983
320.087
320.82237
321.58399
322.372
323.18857
324.03801
324.92719
325.86622
326.86986
327.95973
329.16864
330.54865
332.19419
334.28626
337.16788
341.47337
347.11112
316.12133
316.28656
316.60954
317.04454
317.56387
318.14753
318.78096
319.45382
320.15911
320.89259
321.65229
322.43835
323.25293
324.10031
324.98735
325.92413
326.92535
328.0126
329.21859
330.59525
332.23679
334.32371
337.19824
341.49326
347.11776
316.20505
316.36973
316.69166
317.12528
317.64302
318.22497
318.85661
319.52763
320.23107
320.96266
321.72045
322.50458
323.31716
324.1625
325.0474
325.98193
326.98074
328.06537
329.26845
330.64177
332.2793
334.3611
337.22855
341.51312
347.12438
316.28851
316.45265
316.77353
317.20579
317.72196
318.30221
318.93208
319.60129
320.30288
321.03259
321.78849
322.57067
323.38128
324.22457
325.10734
326.03962
327.03603
328.11805
329.31822
330.68821
332.32174
334.39841
337.2588
341.53294
347.131
316.37172
316.53532
316.85517
317.28608
317.8007
318.37927
319.00738
319.67478
320.37453
321.10239
321.85639
322.63665
323.44528
324.28653
325.16717
326.09721
327.09122
328.17063
329.3679
330.73457
332.3641
334.43567
337.28901
341.55273
347.1376
316.45465
316.61772
316.93655
317.36612
317.87921
318.45611
319.08247
319.74808
320.44601
321.17201
321.92413
322.70247
323.50913
324.34835
325.22687
326.15467
327.14629
328.22309
329.41747
330.78081
332.40637
334.47283
337.31914
341.57247
347.14419
316.53746
316.70001
317.01783
317.44609
317.95765
318.53289
319.15752
319.82135
320.51746
321.24162
321.99186
322.76829
323.57299
324.41017
325.28657
326.21214
327.20137
328.27557
329.46705
330.82707
332.44864
334.51001
337.34928
341.59223
347.15078
316.6194
316.78142
317.09825
317.52521
318.03526
318.60887
319.23179
319.89386
320.58817
321.3105
322.05888
322.83341
323.63616
324.47133
325.34563
326.26898
327.25583
328.32746
329.51607
330.8728
332.49043
334.54675
337.37907
341.61174
347.15729
316.70396
316.86547
317.18129
317.60692
318.11546
318.68741
319.3086
319.96887
320.66135
321.38182
322.1283
322.90089
323.70165
324.53475
325.40689
326.32796
327.31238
328.38135
329.56699
330.92033
332.53388
334.58498
337.41008
341.63208
347.16409
316.77526
316.9363
317.25125
317.67573
318.18294
318.75345
319.37312
320.03183
320.72272
321.44156
322.18639
322.9573
323.75632
324.58765
325.45792
326.37704
327.35937
328.42607
329.6092
330.95967
332.56978
334.61648
337.43554
341.6487
347.16962
316.90532
317.06558
317.37904
317.80156
318.3065
318.87454
319.4916
320.14763
320.83576
321.55179
322.29375
323.06171
323.85771
324.68589
325.55288
326.46851
327.4471
328.50971
329.68829
331.03352
332.63736
334.67609
337.4841
341.68075
347.18038
)
;

boundaryField
{
    inlet
    {
        type            fixedValue;
        value           uniform 300;
    }
    outlet
    {
        type            inletOutlet;
        inletValue      uniform 300;
        value           nonuniform List<scalar> 
25
(
316.90532
317.06558
317.37904
317.80156
318.3065
318.87454
319.4916
320.14763
320.83576
321.55179
322.29375
323.06171
323.85771
324.68589
325.55288
326.46851
327.4471
328.50971
329.68829
331.03352
332.63736
334.67609
337.4841
341.68075
347.18038
)
;
    }
    wall
    {
        type            fixedValue;
        value           uniform 350;
    }
    front
    {
        type            wedge;
    }
    back
    {
        type            wedge;
    }
    axis
    {
        type            empty;
    }
}


// ************************************************************************* //
